NEURON -- VERSION 7.3 ansi (1078:2b0c984183df) 2014-04-04
Duke, Yale, and the BlueBrain Project -- Copyright 1984-2014
See http://www.neuron.yale.edu/neuron/credits

Additional mechanisms from files
 GABAa.mod IAHP.mod ICA.mod MsLN.mod gabaa.mod intermittent_stim.mod pGPeA_fukuda.mod stim.mod
loading membrane mechanisms from /home/park/Programming/hoc/Belmabrouk/mod/x86_64/.libs/libnrnmech.so
nrniv: unable to open font "*helvetica-medium-r-normal*--14*", using "fixed"
NCELL 40 
mkcells
1 
1 
1 
1 
1 
connectcells
connect cells with GABAergic synapse
1 
e2 1 0 
LNlla	0	0	5
LNlla	0	0	8
LNlla	0	0	10
LNlla	0	0	11
LNlla	0	0	20
LNlla	0	0	24
LNlla	0	0	25
LNlla	0	0	28
LNlla	0	0	29
LNlla	0	0	30
LNlla	0	0	33
LNlla	0	0	34
LNlla	0	0	38
a_cnt:13	b_cnt:0
1 
e2 1 1 
LNlla	0	1	5
LNlla	0	1	6
LNlla	0	1	11
LNlla	0	1	13
LNlla	0	1	14
LNlla	0	1	19
LNlla	0	1	21
LNlla	0	1	22
LNlla	0	1	25
LNlla	0	1	27
LNlla	0	1	28
LNlla	0	1	29
LNlla	0	1	30
LNlla	0	1	33
LNlla	0	1	34
LNlla	0	1	35
a_cnt:16	b_cnt:0
1 
e2 1 2 
LNlla	0	2	5
LNlla	0	2	6
LNlla	0	2	10
LNlla	0	2	12
LNlla	0	2	13
LNlla	0	2	17
LNlla	0	2	19
LNlla	0	2	21
LNlla	0	2	22
LNlla	0	2	24
LNlla	0	2	26
LNlla	0	2	27
LNlla	0	2	28
LNlla	0	2	32
LNlla	0	2	33
LNlla	0	2	34
LNlla	0	2	35
LNlla	0	2	36
LNlla	0	2	38
a_cnt:19	b_cnt:0
1 
e2 1 3 
LNlla	0	3	5
LNlla	0	3	8
LNlla	0	3	9
LNlla	0	3	11
LNlla	0	3	15
LNlla	0	3	16
LNlla	0	3	19
LNlla	0	3	20
LNlla	0	3	21
LNlla	0	3	22
LNlla	0	3	24
LNlla	0	3	27
LNlla	0	3	28
LNlla	0	3	29
LNlla	0	3	31
LNlla	0	3	33
LNlla	0	3	34
LNlla	0	3	36
LNlla	0	3	37
LNlla	0	3	38
a_cnt:20	b_cnt:0
1 
e2 1 4 
LNlla	0	4	6
LNlla	0	4	8
LNlla	0	4	9
LNlla	0	4	12
LNlla	0	4	13
LNlla	0	4	14
LNlla	0	4	15
LNlla	0	4	17
LNlla	0	4	20
LNlla	0	4	21
LNlla	0	4	25
LNlla	0	4	27
LNlla	0	4	29
LNlla	0	4	30
LNlla	0	4	33
LNlla	0	4	35
LNlla	0	4	36
LNlla	0	4	38
LNlla	0	4	39
a_cnt:19	b_cnt:0
4 
5 5 
5 6 
5 12 
5 14 
5 15 
5 16 
5 23 
5 24 
5 25 
5 31 
5 33 
5 36 
5 37 
5 38 
5 39 
4 
6 5 
6 8 
6 15 
6 16 
6 18 
6 19 
6 21 
6 22 
6 23 
6 26 
6 28 
6 29 
6 31 
6 32 
6 34 
6 36 
6 37 
6 39 
4 
7 10 
7 11 
7 12 
7 13 
7 16 
7 18 
7 21 
7 22 
7 23 
7 24 
7 25 
7 30 
7 31 
7 38 
4 
8 5 
8 7 
8 11 
8 13 
8 14 
8 18 
8 19 
8 20 
8 21 
8 23 
8 24 
8 26 
8 30 
8 31 
8 33 
8 34 
8 37 
4 
9 10 
9 11 
9 12 
9 14 
9 21 
9 22 
9 25 
9 26 
9 32 
9 36 
9 37 
4 
10 6 
10 7 
10 11 
10 12 
10 20 
10 24 
10 28 
10 30 
10 34 
10 36 
10 37 
4 
11 8 
11 9 
11 13 
11 17 
11 18 
11 19 
11 24 
11 26 
11 28 
11 29 
11 30 
11 33 
11 35 
11 36 
11 37 
11 39 
4 
12 6 
12 7 
12 8 
12 9 
12 10 
12 11 
12 14 
12 16 
12 18 
12 19 
12 20 
12 21 
12 23 
12 27 
12 30 
12 31 
12 38 
4 
13 5 
13 6 
13 7 
13 8 
13 12 
13 14 
13 16 
13 19 
13 21 
13 23 
13 24 
13 26 
13 30 
13 32 
4 
14 10 
14 11 
14 12 
14 14 
14 15 
14 19 
14 21 
14 22 
14 23 
14 24 
14 27 
14 30 
14 33 
14 37 
14 38 
14 39 
4 
15 6 
15 7 
15 8 
15 9 
15 10 
15 11 
15 15 
15 18 
15 19 
15 20 
15 22 
15 25 
15 26 
15 27 
15 29 
15 34 
15 39 
4 
16 5 
16 7 
16 13 
16 15 
16 17 
16 18 
16 20 
16 22 
16 23 
16 24 
16 28 
16 31 
16 33 
16 38 
4 
17 5 
17 6 
17 8 
17 9 
17 11 
17 12 
17 14 
17 15 
17 19 
17 20 
17 21 
17 22 
17 28 
17 29 
17 34 
17 36 
4 
18 6 
18 8 
18 13 
18 15 
18 19 
18 23 
18 24 
18 26 
18 27 
18 28 
18 31 
18 32 
18 33 
18 35 
4 
19 12 
19 14 
19 15 
19 18 
19 19 
19 27 
19 30 
19 32 
19 33 
19 37 
19 38 
4 
20 10 
20 21 
20 27 
20 28 
20 30 
20 38 
4 
21 6 
21 10 
21 14 
21 18 
21 19 
21 20 
21 23 
21 26 
21 29 
21 32 
21 34 
21 35 
21 36 
21 39 
4 
22 5 
22 6 
22 7 
22 8 
22 10 
22 11 
22 12 
22 13 
22 15 
22 16 
22 17 
22 21 
22 29 
22 32 
22 33 
4 
23 5 
23 7 
23 8 
23 10 
23 12 
23 13 
23 14 
23 15 
23 17 
23 20 
23 24 
23 28 
23 30 
23 33 
23 36 
4 
24 5 
24 6 
24 14 
24 15 
24 16 
24 22 
24 23 
24 28 
24 29 
24 33 
24 39 
4 
25 5 
25 6 
25 8 
25 11 
25 13 
25 14 
25 18 
25 20 
25 24 
25 25 
25 26 
25 27 
25 28 
25 31 
25 32 
25 33 
25 35 
25 36 
25 38 
25 39 
4 
26 6 
26 7 
26 8 
26 14 
26 15 
26 16 
26 17 
26 18 
26 20 
26 21 
26 22 
26 25 
26 27 
26 28 
26 34 
26 37 
26 39 
4 
27 5 
27 6 
27 8 
27 13 
27 18 
27 20 
27 21 
27 22 
27 24 
27 25 
27 31 
27 33 
27 34 
27 35 
27 37 
27 39 
4 
28 6 
28 7 
28 10 
28 12 
28 19 
28 20 
28 24 
28 28 
28 30 
28 31 
28 32 
4 
29 14 
29 15 
29 18 
29 19 
29 20 
29 27 
29 33 
29 35 
29 36 
29 37 
4 
30 7 
30 10 
30 12 
30 15 
30 19 
30 21 
30 22 
30 25 
30 27 
30 30 
30 33 
30 34 
30 35 
30 37 
4 
31 5 
31 6 
31 7 
31 8 
31 9 
31 12 
31 14 
31 15 
31 20 
31 21 
31 22 
31 24 
31 25 
31 26 
31 27 
31 31 
31 34 
31 37 
31 38 
4 
32 5 
32 6 
32 10 
32 12 
32 18 
32 21 
32 22 
32 23 
32 24 
32 25 
32 26 
32 27 
32 28 
32 30 
32 33 
32 34 
32 39 
4 
33 5 
33 6 
33 8 
33 9 
33 14 
33 16 
33 22 
33 23 
33 25 
33 26 
33 34 
33 38 
4 
34 7 
34 8 
34 13 
34 14 
34 15 
34 17 
34 18 
34 19 
34 20 
34 21 
34 24 
34 26 
34 27 
34 31 
34 32 
34 35 
34 36 
34 38 
4 
35 6 
35 7 
35 10 
35 11 
35 18 
35 19 
35 20 
35 23 
35 30 
35 33 
4 
36 6 
36 10 
36 11 
36 12 
36 13 
36 14 
36 15 
36 17 
36 20 
36 21 
36 22 
36 23 
36 28 
36 31 
36 32 
36 35 
4 
37 6 
37 12 
37 17 
37 20 
37 25 
37 27 
37 29 
37 31 
37 35 
37 36 
37 37 
37 38 
37 39 
4 
38 5 
38 7 
38 8 
38 9 
38 17 
38 18 
38 22 
38 23 
38 24 
38 31 
38 32 
38 33 
38 35 
4 
39 7 
39 8 
39 10 
39 11 
39 12 
39 15 
39 17 
39 22 
39 26 
39 28 
39 29 
39 31 
39 32 
39 35 
area 157079.63 
spikerecord
	0 
flg 3 Fukuda 
flg 3 Fukuda 
flg 3 Fukuda 
flg 3 Fukuda 
flg 3 Fukuda 
flg 1 MsLN 
flg 1 MsLN 
flg 1 MsLN 
flg 1 MsLN 
flg 1 MsLN 
flg 1 MsLN 
flg 1 MsLN 
