NEURON -- VERSION 7.3 ansi (1078:2b0c984183df) 2014-04-04
Duke, Yale, and the BlueBrain Project -- Copyright 1984-2014
See http://www.neuron.yale.edu/neuron/credits

Additional mechanisms from files
 GABAa.mod IAHP.mod ICA.mod MsLN.mod gabaa.mod intermittent_stim.mod pGPeA_fukuda.mod stim.mod
loading membrane mechanisms from /home/park/Programming/hoc/Belmabrouk/mod/x86_64/.libs/libnrnmech.so
nrniv: unable to open font "*helvetica-medium-r-normal*--14*", using "fixed"
NCELL 40 
mkcells
1 
1 
1 
1 
1 
connectcells
connect cells with GABAergic synapse
0.36924247 
0.65320583 
0.63449432 
0.35163532 
0.92944949 
1 
e2 1 0 
LNlla	0	0	5
LNlla	0	0	6
LNlla	0	0	15
LNlla	0	0	19
LNlla	0	0	20
LNlla	0	0	23
LNlla	0	0	24
LNlla	0	0	25
LNlla	0	0	28
LNlla	0	0	29
LNlla	0	0	33
LNlla	0	0	35
LNlla	0	0	36
a_cnt:13	b_cnt:0
1 
e2 1 1 
LNlla	0	1	6
LNlla	0	1	8
LNlla	0	1	9
LNlla	0	1	14
LNlla	0	1	16
LNlla	0	1	17
LNlla	0	1	20
LNlla	0	1	22
LNlla	0	1	23
LNlla	0	1	24
LNlla	0	1	25
LNlla	0	1	28
LNlla	0	1	29
LNlla	0	1	30
LNlla	0	1	35
LNlla	0	1	36
a_cnt:16	b_cnt:0
1 
e2 1 2 
LNlla	0	2	5
LNlla	0	2	7
LNlla	0	2	8
LNlla	0	2	12
LNlla	0	2	14
LNlla	0	2	16
LNlla	0	2	17
LNlla	0	2	19
LNlla	0	2	21
LNlla	0	2	22
LNlla	0	2	23
LNlla	0	2	27
LNlla	0	2	28
LNlla	0	2	29
LNlla	0	2	30
LNlla	0	2	31
LNlla	0	2	33
LNlla	0	2	35
LNlla	0	2	38
LNlla	0	2	39
a_cnt:20	b_cnt:0
1 
e2 1 3 
LNlla	0	3	6
LNlla	0	3	10
LNlla	0	3	11
LNlla	0	3	14
LNlla	0	3	15
LNlla	0	3	16
LNlla	0	3	17
LNlla	0	3	19
LNlla	0	3	22
LNlla	0	3	23
LNlla	0	3	24
LNlla	0	3	26
LNlla	0	3	28
LNlla	0	3	29
LNlla	0	3	31
LNlla	0	3	32
LNlla	0	3	33
LNlla	0	3	36
LNlla	0	3	38
LNlla	0	3	39
a_cnt:20	b_cnt:0
1 
e2 1 4 
LNlla	0	4	7
LNlla	0	4	8
LNlla	0	4	9
LNlla	0	4	10
LNlla	0	4	12
LNlla	0	4	15
LNlla	0	4	16
LNlla	0	4	20
LNlla	0	4	22
LNlla	0	4	24
LNlla	0	4	25
LNlla	0	4	28
LNlla	0	4	30
LNlla	0	4	31
LNlla	0	4	33
LNlla	0	4	34
LNlla	0	4	35
LNlla	0	4	36
LNlla	0	4	37
a_cnt:19	b_cnt:0
4 
5 7 
5 9 
5 10 
5 11 
5 18 
5 19 
5 20 
5 26 
5 28 
5 31 
5 32 
5 33 
5 34 
5 35 
5 38 
4 
6 10 
6 11 
6 13 
6 14 
6 16 
6 17 
6 18 
6 21 
6 23 
6 24 
6 26 
6 27 
6 29 
6 31 
6 32 
6 34 
4 
7 5 
7 6 
7 7 
7 8 
7 11 
7 13 
7 16 
7 17 
7 18 
7 19 
7 20 
7 25 
7 26 
7 33 
7 35 
7 37 
4 
8 6 
8 8 
8 9 
8 13 
8 14 
8 15 
8 16 
8 18 
8 19 
8 21 
8 25 
8 26 
8 28 
8 29 
8 32 
4 
9 5 
9 6 
9 7 
9 9 
9 16 
9 17 
9 20 
9 21 
9 27 
9 31 
9 32 
9 36 
9 37 
4 
10 6 
10 7 
10 15 
10 19 
10 23 
10 25 
10 29 
10 31 
10 32 
10 38 
10 39 
4 
11 8 
11 12 
11 13 
11 14 
11 19 
11 21 
11 23 
11 24 
11 25 
11 28 
11 30 
11 31 
11 32 
11 34 
11 36 
11 37 
11 38 
11 39 
4 
12 5 
12 6 
12 9 
12 11 
12 13 
12 14 
12 15 
12 16 
12 18 
12 22 
12 25 
12 26 
12 33 
12 35 
12 36 
12 37 
12 38 
4 
13 7 
13 9 
13 11 
13 14 
13 16 
13 18 
13 19 
13 21 
13 25 
13 27 
4 
14 5 
14 6 
14 7 
14 9 
14 10 
14 14 
14 16 
14 17 
14 18 
14 19 
14 22 
14 25 
14 28 
14 32 
14 33 
14 34 
14 36 
14 37 
14 38 
14 39 
4 
15 5 
15 6 
15 10 
15 13 
15 14 
15 15 
15 17 
15 20 
15 21 
15 22 
15 24 
15 29 
15 34 
15 35 
15 37 
4 
16 8 
16 10 
16 12 
16 13 
16 15 
16 17 
16 18 
16 19 
16 23 
16 26 
16 28 
16 33 
16 35 
16 36 
16 38 
16 39 
4 
17 6 
17 7 
17 9 
17 10 
17 14 
17 15 
17 16 
17 17 
17 23 
17 24 
17 29 
17 31 
17 36 
17 38 
4 
18 8 
18 10 
18 14 
18 18 
18 19 
18 21 
18 22 
18 23 
18 26 
18 27 
18 28 
18 30 
4 
19 7 
19 9 
19 10 
19 13 
19 14 
19 22 
19 25 
19 27 
19 28 
19 32 
19 33 
4 
20 5 
20 16 
20 22 
20 23 
20 25 
20 33 
20 36 
4 
21 5 
21 9 
21 13 
21 14 
21 15 
21 18 
21 21 
21 24 
21 27 
21 29 
21 30 
21 31 
21 34 
21 35 
21 36 
21 37 
21 38 
4 
22 5 
22 6 
22 7 
22 8 
22 10 
22 11 
22 12 
22 16 
22 24 
22 27 
22 28 
22 35 
22 37 
22 38 
4 
23 5 
23 7 
23 8 
23 9 
23 10 
23 12 
23 15 
23 19 
23 23 
23 25 
23 28 
23 31 
23 35 
23 36 
4 
24 9 
24 10 
24 11 
24 17 
24 18 
24 23 
24 24 
24 28 
24 34 
24 35 
24 36 
24 38 
4 
25 6 
25 8 
25 9 
25 13 
25 15 
25 19 
25 20 
25 21 
25 22 
25 23 
25 26 
25 27 
25 28 
25 30 
25 31 
25 33 
25 34 
25 36 
25 37 
25 38 
4 
26 9 
26 10 
26 11 
26 12 
26 13 
26 15 
26 16 
26 17 
26 20 
26 22 
26 23 
26 29 
26 32 
26 34 
26 35 
26 36 
26 38 
4 
27 8 
27 13 
27 15 
27 16 
27 17 
27 19 
27 20 
27 26 
27 28 
27 29 
27 30 
27 32 
27 34 
27 36 
27 37 
4 
28 5 
28 7 
28 14 
28 15 
28 19 
28 23 
28 25 
28 26 
28 27 
4 
29 9 
29 10 
29 13 
29 14 
29 15 
29 22 
29 28 
29 30 
29 31 
29 32 
29 37 
4 
30 5 
30 7 
30 10 
30 14 
30 16 
30 17 
30 20 
30 22 
30 25 
30 28 
30 29 
30 30 
30 32 
30 35 
30 36 
30 37 
30 38 
30 39 
4 
31 7 
31 9 
31 10 
31 15 
31 16 
31 17 
31 19 
31 20 
31 21 
31 22 
31 26 
31 29 
31 32 
31 33 
31 35 
31 36 
4 
32 5 
32 7 
32 13 
32 16 
32 17 
32 18 
32 19 
32 20 
32 21 
32 22 
32 23 
32 25 
32 28 
32 29 
32 34 
32 35 
32 36 
32 38 
32 39 
4 
33 9 
33 11 
33 17 
33 18 
33 20 
33 21 
33 29 
33 33 
33 37 
33 38 
4 
34 8 
34 9 
34 10 
34 12 
34 13 
34 14 
34 15 
34 16 
34 19 
34 21 
34 22 
34 26 
34 27 
34 30 
34 31 
34 33 
34 36 
34 37 
4 
35 5 
35 6 
35 13 
35 14 
35 15 
35 18 
35 25 
35 28 
35 36 
4 
36 5 
36 6 
36 7 
36 8 
36 9 
36 10 
36 12 
36 15 
36 16 
36 17 
36 18 
36 23 
36 26 
36 27 
36 30 
36 36 
4 
37 7 
37 12 
37 15 
37 20 
37 22 
37 24 
37 26 
37 30 
37 31 
37 32 
37 33 
37 34 
37 35 
37 37 
37 38 
37 39 
4 
38 12 
38 13 
38 17 
38 18 
38 19 
38 26 
38 27 
38 28 
38 30 
38 37 
38 38 
4 
39 5 
39 6 
39 7 
39 10 
39 12 
39 17 
39 21 
39 23 
39 24 
39 26 
39 27 
39 30 
39 35 
39 37 
area 157079.63 
spikerecord
	0 
flg 3 Fukuda 
flg 3 Fukuda 
flg 3 Fukuda 
flg 3 Fukuda 
flg 3 Fukuda 
flg 1 MsLN 
flg 1 MsLN 
flg 1 MsLN 
flg 1 MsLN 
flg 1 MsLN 
flg 1 MsLN 
flg 1 MsLN 
