$ Stimulation Interval(ms): 300
$ Delay(ms): 17.581766
$ Number of data : 93
$ TSTOP : 5000
23.55000
33.40000
42.12500
50.27500
58.10000
65.72500
73.22500
80.70000
88.15000
95.57500
103.00000
110.47500
117.95000
125.47500
133.02500
140.62500
148.25000
155.95000
163.67500
171.47500
179.30000
187.20000
195.15000
203.17500
213.90000
227.72500
1407.70000
1702.00000
1733.42500
1997.72500
2014.27500
2278.72500
2294.75000
2313.97500
2331.20000
2566.62500
2583.47500
2597.15000
2616.07500
2631.85000
2880.92500
2896.57500
2916.82500
2933.00000
3170.40000
3183.10000
3197.00000
3205.95000
3217.80000
3233.95000
3456.60000
3468.57500
3482.37500
3494.27500
3503.30000
3516.97500
3532.65000
3766.77500
3782.97500
3797.50000
3806.15000
3817.60000
3833.12500
4052.77500
4069.00000
4083.35000
4095.90000
4104.55000
4116.67500
4131.27500
4351.15000
4367.42500
4377.77500
4386.80000
4396.12500
4404.72500
4416.75000
4431.27500
4637.20000
4653.42500
4668.92500
4680.60000
4689.15000
4699.00000
4707.50000
4717.85000
4732.20000
4936.52500
4952.67500
4968.20000
4976.85000
4986.22500
4994.70000

