$ Stimulation Interval(ms): 300
$ Delay(ms): 17.581766
$ Number of data : 74
$ TSTOP : 5000
24.25000
34.52500
43.57500
52.02500
60.12500
68.00000
75.82500
83.57500
91.30000
99.02500
106.77500
114.55000
122.35000
130.17500
138.07500
146.00000
154.00000
162.02500
170.12500
178.30000
186.50000
194.80000
203.15000
214.37500
230.92500
1999.85000
2017.82500
2294.90000
2316.90000
2583.87500
2598.35000
2617.30000
2884.62500
2898.52500
2917.92500
3182.30000
3197.65000
3216.97500
3467.92500
3483.02500
3495.22500
3504.75000
3518.32500
3770.35000
3784.50000
3798.85000
3808.07500
3832.02500
4054.65000
4070.67500
4084.65000
4096.92500
4106.15000
4117.95000
4352.95000
4368.75000
4379.50000
4389.10000
4398.60000
4407.60000
4431.32500
4653.75000
4669.65000
4681.47500
4690.47500
4700.40000
4713.80000
4732.77500
4943.85000
4957.52500
4970.05000
4979.80000
4989.05000
4997.95000

