$ Stimulation Interval(ms): 300
$ Delay(ms): 204.926443
$ Number of data : 191
$ TSTOP : 5000
209.60000
222.40000
235.12500
248.02500
261.12500
274.37500
287.80000
301.45000
315.32500
329.47500
343.90000
358.65000
373.85000
389.80000
406.25000
422.15000
438.27500
455.22500
512.37500
525.27500
538.15000
551.17500
564.42500
577.87500
591.55000
605.45000
619.55000
633.92500
648.60000
663.80000
679.90000
695.65000
711.42500
727.40000
744.05000
812.50000
825.32500
838.17500
851.22500
864.50000
877.97500
891.62500
905.50000
919.62500
934.05000
948.85000
964.35000
1112.40000
1125.22500
1138.07500
1151.12500
1164.45000
1177.92500
1191.62500
1205.60000
1219.82500
1234.40000
1249.40000
1264.95000
1412.40000
1425.25000
1438.12500
1451.22500
1464.55000
1478.07500
1491.82500
1505.82500
1520.10000
1534.72500
1549.75000
1565.57500
1712.37500
1725.27500
1738.17500
1751.30000
1764.67500
1778.22500
1792.02500
1806.07500
1820.42500
1835.10000
1850.20000
1866.27500
2012.42500
2025.32500
2038.25000
2051.40000
2064.80000
2078.40000
2092.22500
2106.32500
2120.72500
2135.47500
2150.67500
2312.40000
2325.25000
2338.20000
2351.37500
2364.80000
2378.42500
2392.30000
2406.42500
2420.85000
2435.65000
2450.92500
2612.42500
2625.30000
2638.27500
2651.47500
2664.92500
2678.57500
2692.47500
2706.65000
2721.15000
2736.00000
2751.37500
2912.45000
2925.35000
2938.32500
2951.55000
2965.05000
2978.75000
2992.67500
3006.90000
3021.42500
3036.35000
3051.85000
3212.47500
3225.40000
3238.40000
3251.65000
3265.17500
3278.90000
3292.87500
3307.15000
3321.75000
3336.72500
3352.40000
3512.50000
3525.45000
3538.45000
3551.72500
3565.27500
3579.02500
3593.05000
3607.35000
3622.00000
3637.07500
3652.92500
3812.50000
3825.47500
3838.50000
3851.80000
3865.37500
3879.17500
3893.22500
3907.57500
3922.27500
3937.40000
3953.47500
4112.47500
4125.45000
4138.50000
4151.82500
4165.42500
4179.22500
4193.30000
4207.70000
4222.45000
4237.65000
4253.95000
4412.50000
4425.47500
4438.55000
4451.87500
4465.52500
4479.35000
4493.47500
4507.90000
4522.72500
4538.02500
4712.50000
4725.52500
4738.60000
4751.95000
4765.62500
4779.50000
4793.65000
4808.12500
4822.97500
4838.32500

