$ Stimulation Interval(ms): 300
$ Delay(ms): 18.462124
$ Number of data : 136
$ TSTOP : 5000
25.12500
35.40000
44.45000
52.90000
61.00000
68.87500
76.67500
84.42500
92.17500
99.90000
107.62500
115.40000
123.20000
131.05000
138.95000
146.87500
154.85000
162.90000
171.00000
179.15000
187.37500
195.65000
204.00000
486.52500
780.65000
797.40000
1077.45000
1095.82500
1110.32500
1361.60000
1377.85000
1390.77500
1406.77500
1669.30000
1684.27500
1695.92500
1709.55000
1947.62500
1963.42500
1978.35000
1992.35000
2001.72500
2017.90000
2248.57500
2264.42500
2278.02500
2287.77500
2297.62500
2306.70000
2533.97500
2549.80000
2565.10000
2581.67500
2590.57500
2600.92500
2617.92500
2831.85000
2849.37500
2862.90000
2872.40000
2881.92500
2895.15000
2903.97500
3119.55000
3135.42500
3149.80000
3165.62500
3174.85000
3186.85000
3197.55000
3206.40000
3405.00000
3419.87500
3434.97500
3445.57500
3455.90000
3466.22500
3474.90000
3484.05000
3492.65000
3501.77500
3510.60000
3705.85000
3720.87500
3735.50000
3750.25000
3761.42500
3770.55000
3783.02500
3791.77500
3800.92500
3809.65000
4004.85000
4020.60000
4035.67500
4052.07500
4069.35000
4077.97500
4086.57500
4095.15000
4103.70000
4117.77500
4305.60000
4320.50000
4335.70000
4346.60000
4355.35000
4365.62500
4374.12500
4383.70000
4392.25000
4400.75000
4409.27500
4591.35000
4606.02500
4620.85000
4633.32500
4643.05000
4652.95000
4661.52500
4670.60000
4679.10000
4687.55000
4696.00000
4704.47500
4717.82500
4905.57500
4921.05000
4935.70000
4944.82500
4954.45000
4963.10000
4971.90000
4980.52500
4989.20000
4997.80000

