$ Stimulation Interval(ms): 300
$ Delay(ms): 17.581766
$ Number of data : 55
$ TSTOP : 5000
25.15000
35.95000
45.37500
54.17500
62.60000
70.85000
79.00000
87.10000
95.17500
103.27500
111.40000
119.55000
127.75000
136.00000
144.30000
152.65000
161.07500
169.55000
178.10000
186.72500
195.42500
204.20000
216.85000
2018.75000
2297.10000
2586.27500
2600.42500
2898.52500
3189.77500
3201.67500
3482.90000
3496.10000
3517.67500
3772.97500
3786.80000
3800.60000
3818.07500
4071.42500
4086.05000
4098.42500
4108.50000
4369.07500
4383.37500
4395.35000
4405.00000
4418.45000
4665.20000
4675.72500
4685.90000
4698.95000
4710.02500
4957.07500
4970.95000
4985.15000
4994.67500

