$ Stimulation Interval(ms): 300
$ Delay(ms): 18.462124
$ Number of data : 106
$ TSTOP : 5000
26.02500
36.82500
46.25000
55.05000
63.47500
71.70000
79.85000
87.97500
96.05000
104.15000
112.27500
120.42500
128.62500
136.87500
145.17500
153.52500
161.95000
170.42500
178.97500
187.60000
196.30000
205.07500
790.65000
1099.55000
1378.02500
1391.80000
1407.85000
1678.60000
1695.27500
1710.32500
1963.87500
1979.47500
1995.62500
2008.10000
2254.50000
2277.95000
2289.12500
2299.32500
2550.47500
2565.95000
2582.47500
2594.35000
2604.17500
2833.85000
2855.35000
2866.22500
2879.50000
2888.87500
2898.87500
2908.25000
3149.32500
3166.25000
3182.80000
3192.32500
3201.90000
3420.50000
3437.35000
3449.62500
3461.67500
3471.05000
3482.20000
3491.27500
3501.17500
3510.35000
3735.32500
3750.90000
3766.80000
3776.02500
3786.10000
3795.60000
3804.97500
4021.05000
4036.55000
4052.95000
4069.67500
4078.92500
4088.17500
4097.25000
4106.27500
4320.65000
4336.57500
4349.95000
4359.05000
4368.70000
4377.65000
4387.00000
4396.02500
4405.02500
4606.37500
4621.90000
4635.97500
4647.82500
4657.10000
4667.52500
4676.52500
4685.42500
4694.30000
4703.22500
4921.27500
4936.47500
4952.20000
4961.30000
4971.15000
4980.22500
4989.40000
4998.50000

