$ Stimulation Interval(ms): 300
$ Delay(ms): 18.462124
$ Number of data : 85
$ TSTOP : 5000
27.25000
38.67500
48.55000
57.77500
66.60000
75.27500
83.87500
92.40000
100.95000
109.52500
118.12500
126.77500
135.47500
144.22500
153.07500
161.97500
170.95000
180.00000
189.15000
198.37500
211.17500
1391.47500
1409.07500
1702.07500
1979.97500
1997.12500
2009.72500
2279.05000
2296.17500
2306.55000
2554.62500
2570.97500
2585.05000
2600.97500
2863.57500
2879.72500
2889.65000
2900.32500
3153.87500
3171.40000
3187.85000
3199.52500
3209.57500
3442.35000
3455.95000
3467.67500
3477.47500
3487.35000
3499.82500
3509.57500
3751.07500
3767.65000
3777.55000
3788.00000
3799.77500
3809.65000
4030.10000
4053.57500
4070.70000
4083.15000
4092.85000
4102.47500
4336.82500
4351.15000
4360.87500
4370.90000
4383.40000
4393.00000
4402.52500
4623.97500
4637.65000
4650.77500
4660.62500
4671.20000
4680.77500
4690.27500
4699.77500
4709.32500
4925.80000
4941.90000
4954.65000
4969.17500
4978.92500
4989.00000
4999.12500

