$ Stimulation Interval(ms): 300
$ Delay(ms): 17.581766
$ Number of data : 43
$ TSTOP : 5000
26.37500
37.80000
47.70000
56.90000
65.75000
74.42500
83.00000
91.55000
100.10000
108.65000
117.25000
125.90000
134.60000
143.37500
152.20000
161.10000
170.07500
179.12500
188.27500
197.50000
214.35000
2300.65000
2600.27500
2901.67500
3199.95000
3485.37500
3501.45000
3786.62500
3801.87500
4074.77500
4089.32500
4101.82500
4378.80000
4395.22500
4405.67500
4672.00000
4684.92500
4699.72500
4718.05000
4960.00000
4973.97500
4987.40000
4997.85000

