$ Stimulation Interval(ms): 300
$ Delay(ms): 204.892214
$ Number of data : 249
$ TSTOP : 5000
209.60000
222.42500
235.20000
248.07500
261.15000
274.35000
287.70000
301.22500
314.90000
328.75000
342.77500
357.00000
371.37500
385.97500
400.85000
416.05000
431.45000
447.37500
463.72500
512.32500
525.17500
538.05000
551.02500
564.20000
577.52500
591.00000
604.62500
618.42500
632.40000
646.55000
660.90000
675.42500
690.25000
705.42500
720.85000
736.77500
753.15000
812.40000
825.27500
838.17500
851.17500
864.40000
877.80000
891.32500
905.02500
918.92500
932.97500
947.25000
961.67500
976.32500
991.27500
1006.55000
1022.10000
1038.25000
1055.42500
1112.40000
1125.25000
1138.15000
1151.20000
1164.47500
1177.90000
1191.50000
1205.27500
1219.22500
1233.37500
1247.70000
1262.22500
1277.00000
1292.10000
1307.67500
1323.55000
1340.00000
1412.45000
1425.37500
1438.32500
1451.40000
1464.72500
1478.20000
1491.82500
1505.65000
1519.65000
1533.85000
1548.25000
1562.85000
1577.70000
1592.92500
1608.40000
1624.42500
1641.07500
1712.42500
1725.35000
1738.32500
1751.45000
1764.80000
1778.32500
1792.02500
1805.90000
1819.95000
1834.22500
1848.67500
1863.35000
1878.32500
1893.70000
1909.35000
1925.70000
2012.42500
2025.37500
2038.37500
2051.55000
2064.95000
2078.50000
2092.25000
2106.15000
2120.27500
2134.60000
2149.12500
2163.87500
2178.95000
2194.47500
2210.30000
2227.32500
2312.50000
2325.47500
2338.50000
2351.70000
2365.12500
2378.70000
2392.47500
2406.45000
2420.62500
2435.00000
2449.60000
2464.40000
2479.57500
2495.05000
2511.10000
2528.35000
2612.52500
2625.52500
2638.57500
2651.80000
2665.25000
2678.90000
2692.70000
2706.72500
2720.92500
2735.37500
2750.02500
2764.92500
2780.17500
2795.72500
2812.07500
2912.55000
2925.57500
2938.65000
2951.90000
2965.40000
2979.05000
2992.90000
3006.95000
3021.22500
3035.72500
3050.42500
3065.40000
3080.75000
3096.80000
3114.42500
3212.52500
3225.55000
3238.67500
3251.95000
3265.47500
3279.17500
3293.07500
3307.15000
3321.47500
3336.02500
3350.77500
3365.85000
3381.32500
3397.25000
3512.57500
3525.62500
3538.77500
3552.07500
3565.62500
3579.35000
3593.27500
3607.40000
3621.75000
3636.35000
3651.17500
3666.32500
3681.92500
3698.05000
3812.57500
3825.65000
3838.82500
3852.12500
3865.70000
3879.47500
3893.42500
3907.60000
3922.00000
3936.65000
3951.50000
3966.70000
3982.45000
3998.82500
4112.55000
4125.65000
4138.82500
4152.17500
4165.77500
4179.57500
4193.57500
4207.77500
4222.22500
4236.92500
4251.85000
4267.15000
4283.10000
4300.25000
4412.57500
4425.67500
4438.87500
4452.25000
4465.87500
4479.70000
4493.75000
4508.00000
4522.47500
4537.25000
4552.22500
4567.60000
4583.37500
4712.60000
4725.72500
4738.95000
4752.32500
4766.00000
4779.85000
4793.90000
4808.17500
4822.72500
4837.52500
4852.57500
4868.02500
4883.95000

