$ Stimulation Interval(ms): 300
$ Delay(ms): 18.462124
$ Number of data : 65
$ TSTOP : 5000
29.00000
41.17500
51.65000
61.37500
70.75000
79.97500
89.12500
98.27500
107.42500
116.62500
125.85000
135.15000
144.55000
154.00000
163.55000
173.17500
182.92500
192.77500
202.72500
1410.20000
1998.20000
2286.60000
2300.82500
2571.95000
2587.35000
2603.27500
2867.30000
2882.65000
2898.12500
2909.15000
3172.62500
3189.95000
3202.35000
3450.45000
3467.27500
3478.10000
3488.97500
3501.47500
3757.25000
3771.42500
3786.15000
3800.07500
4055.20000
4072.65000
4085.35000
4096.10000
4106.67500
4342.62500
4355.42500
4368.57500
4379.17500
4389.92500
4400.42500
4637.80000
4653.85000
4664.50000
4675.17500
4685.60000
4695.92500
4706.25000
4942.47500
4956.45000
4970.85000
4985.50000
4995.95000

