$ Stimulation Interval(ms): 300
$ Delay(ms): 18.462124
$ Number of data : 47
$ TSTOP : 5000
31.67500
44.77500
55.97500
66.42500
76.55000
86.57500
96.52500
106.50000
116.50000
126.57500
136.75000
147.00000
157.35000
167.82500
178.42500
189.15000
200.00000
2004.17500
2301.90000
2589.17500
2606.82500
2883.82500
2900.85000
3191.70000
3205.82500
3468.22500
3484.50000
3499.72500
3772.35000
3788.87500
3803.22500
4074.22500
4088.15000
4100.30000
4354.90000
4370.30000
4385.70000
4397.37500
4408.95000
4654.57500
4671.07500
4682.62500
4694.02500
4705.45000
4957.02500
4973.17500
4987.85000

