$ Stimulation Interval(ms): 300
$ Delay(ms): 46.472475
$ Number of data : 639
$ TSTOP : 15000
$ PN stimulation current max : 35000
$ LN stimulation current max : 15000
52.30000
62.10000
70.77500
78.90000
86.72500
94.35000
101.85000
109.32500
116.75000
124.17500
131.60000
139.07500
146.55000
154.05000
161.62500
169.20000
176.85000
184.52500
192.27500
200.05000
209.57500
500.45000
789.72500
806.12500
1073.17500
1089.57500
1104.10000
1376.27500
1391.47500
1408.07500
1660.65000
1676.60000
1692.35000
1704.02500
1947.55000
1962.70000
1977.42500
1992.32500
2002.00000
2247.25000
2263.85000
2279.05000
2294.95000
2305.82500
2548.27500
2561.65000
2577.52500
2587.40000
2596.70000
2607.40000
2832.57500
2848.67500
2863.57500
2879.05000
2895.62500
2907.17500
3132.62500
3147.92500
3162.57500
3174.67500
3183.22500
3193.00000
3201.37500
3210.82500
3433.27500
3448.27500
3463.77500
3475.40000
3484.07500
3495.07500
3503.45000
3518.37500
3718.60000
3734.30000
3748.40000
3763.55000
3773.30000
3782.52500
3793.05000
3801.30000
3818.05000
4019.52500
4033.55000
4049.05000
4062.92500
4071.27500
4080.07500
4088.25000
4097.10000
4105.32500
4118.10000
4319.55000
4334.80000
4350.15000
4360.32500
4368.97500
4377.72500
4386.22500
4394.77500
4402.97500
4413.20000
4619.52500
4635.20000
4649.85000
4661.57500
4670.17500
4681.25000
4689.50000
4698.97500
4707.22500
4719.67500
4905.00000
4921.22500
4935.47500
4950.90000
4960.47500
4969.55000
4978.37500
4986.67500
4994.80000
5003.25000
5018.00000
5204.85000
5221.05000
5234.55000
5246.40000
5254.72500
5264.30000
5272.47500
5281.57500
5289.80000
5297.85000
5305.87500
5318.17500
5507.12500
5520.65000
5534.00000
5544.82500
5553.25000
5562.80000
5570.95000
5578.92500
5586.85000
5594.77500
5602.70000
5611.45000
5805.70000
5821.20000
5836.72500
5846.80000
5855.92500
5867.00000
5875.22500
5884.62500
5892.77500
5900.80000
5908.82500
6091.00000
6106.17500
6120.62500
6135.62500
6148.37500
6156.50000
6166.27500
6174.37500
6182.32500
6190.22500
6198.12500
6206.07500
6218.20000
6391.37500
6406.30000
6420.07500
6429.77500
6438.45000
6448.57500
6456.55000
6466.37500
6474.35000
6482.20000
6490.05000
6497.92500
6505.82500
6518.12500
6691.80000
6706.00000
6719.35000
6733.37500
6743.00000
6751.40000
6760.75000
6769.17500
6777.17500
6785.07500
6792.95000
6800.85000
6808.80000
6990.37500
7004.47500
7016.42500
7027.60000
7036.35000
7046.02500
7054.30000
7062.20000
7070.45000
7078.35000
7086.20000
7094.05000
7101.95000
7109.85000
7290.67500
7304.12500
7315.60000
7324.92500
7334.05000
7342.05000
7351.25000
7359.07500
7368.35000
7376.20000
7384.00000
7391.82500
7399.67500
7407.57500
7418.97500
7592.07500
7606.57500
7621.92500
7637.47500
7645.70000
7654.20000
7662.17500
7670.32500
7678.25000
7686.12500
7694.00000
7701.90000
7709.85000
7891.97500
7906.60000
7921.72500
7930.05000
7939.67500
7947.80000
7955.95000
7963.90000
7971.80000
7979.70000
7987.57500
7995.45000
8003.35000
8013.27500
8192.80000
8207.17500
8222.32500
8231.72500
8240.70000
8251.17500
8259.20000
8268.45000
8276.37500
8284.22500
8292.07500
8299.95000
8307.87500
8319.95000
8491.27500
8506.75000
8517.20000
8525.50000
8535.42500
8543.52500
8553.97500
8561.87500
8569.67500
8577.45000
8585.22500
8593.05000
8600.90000
8608.80000
8791.45000
8806.02500
8815.65000
8824.47500
8834.75000
8842.62500
8850.70000
8858.52500
8866.27500
8874.00000
8881.75000
8889.55000
8897.37500
8905.22500
8918.07500
9089.62500
9101.30000
9111.57500
9119.77500
9128.77500
9136.65000
9145.50000
9153.30000
9161.02500
9168.72500
9176.45000
9184.20000
9192.00000
9199.82500
9207.70000
9219.10000
9379.60000
9391.42500
9402.20000
9413.27500
9421.35000
9429.75000
9437.52500
9445.20000
9452.85000
9460.50000
9468.17500
9475.87500
9483.60000
9491.37500
9499.17500
9507.05000
9518.50000
9679.97500
9693.27500
9706.50000
9716.35000
9725.17500
9733.10000
9741.45000
9749.30000
9757.50000
9765.32500
9773.10000
9780.85000
9788.65000
9796.47500
9804.32500
9818.02500
9980.17500
9993.00000
10007.35000
10017.80000
10025.85000
10035.05000
10042.87500
10050.62500
10058.32500
10066.02500
10073.72500
10081.47500
10089.25000
10097.05000
10104.92500
10118.05000
10280.70000
10293.50000
10307.85000
10317.57500
10326.52500
10334.80000
10342.90000
10350.72500
10358.62500
10366.40000
10374.17500
10381.95000
10389.72500
10397.57500
10405.42500
10418.15000
10579.92500
10593.27500
10606.75000
10615.70000
10624.27500
10632.05000
10640.42500
10648.15000
10656.92500
10664.70000
10672.42500
10680.15000
10687.92500
10695.72500
10703.57500
10718.22500
10878.02500
10893.15000
10907.77500
10915.87500
10925.32500
10933.30000
10941.57500
10949.42500
10957.17500
10964.87500
10972.60000
10980.35000
10988.12500
10995.92500
11003.77500
11018.07500
11178.75000
11193.42500
11203.45000
11212.42500
11220.97500
11228.92500
11237.25000
11245.12500
11252.85000
11260.55000
11268.27500
11276.00000
11283.75000
11291.52500
11299.35000
11307.22500
11318.62500
11478.35000
11493.27500
11503.62500
11512.20000
11520.47500
11528.97500
11536.72500
11544.37500
11552.02500
11559.67500
11567.32500
11575.02500
11582.72500
11590.50000
11598.30000
11606.15000
11618.27500
11778.60000
11792.70000
11802.27500
11810.30000
11819.17500
11827.07500
11834.77500
11842.40000
11850.00000
11857.62500
11865.25000
11872.92500
11880.62500
11888.37500
11896.17500
11904.00000
11918.07500
12078.72500
12092.85000
12103.65000
12111.77500
12120.90000
12128.70000
12136.37500
12143.97500
12151.60000
12159.22500
12166.87500
12174.55000
12182.25000
12190.00000
12197.80000
12205.65000
12218.20000
12378.77500
12388.52500
12398.55000
12406.77500
12414.62500
12422.32500
12429.95000
12437.52500
12445.10000
12452.70000
12460.30000
12467.92500
12475.60000
12483.30000
12491.07500
12498.87500
12506.70000
12518.42500
12672.37500
12684.62500
12693.80000
12702.67500
12711.00000
12718.75000
12726.77500
12734.45000
12742.62500
12750.30000
12757.95000
12765.60000
12773.25000
12780.97500
12788.70000
12796.50000
12804.35000
12818.07500
12976.95000
12991.92500
13000.22500
13008.57500
13016.40000
13024.75000
13032.50000
13040.15000
13047.77500
13055.40000
13063.02500
13070.67500
13078.37500
13086.10000
13093.87500
13101.70000
13109.57500
13272.35000
13282.60000
13294.45000
13304.80000
13313.35000
13321.27500
13329.00000
13336.72500
13344.75000
13352.47500
13360.15000
13367.82500
13375.50000
13383.25000
13391.00000
13398.82500
13406.67500
13418.45000
13566.02500
13580.32500
13594.30000
13604.12500
13612.37500
13620.22500
13628.25000
13636.07500
13643.75000
13651.40000
13659.05000
13666.70000
13674.37500
13682.10000
13689.85000
13697.67500
13705.50000
13718.20000
13867.20000
13880.22500
13891.27500
13899.62500
13909.05000
13918.22500
13925.97500
13933.60000
13941.20000
13948.77500
13956.35000
13963.97500
13971.62500
13979.32500
13987.05000
13994.82500
14002.65000
14010.52500
14165.40000
14178.45000
14190.32500
14198.67500
14206.72500
14214.55000
14222.22500
14229.80000
14237.37500
14244.95000
14252.52500
14260.10000
14267.72500
14275.40000
14283.10000
14290.85000
14298.62500
14306.47500
14318.37500
14466.12500
14480.35000
14494.67500
14504.07500
14512.40000
14520.25000
14527.95000
14535.62500
14543.25000
14550.85000
14558.47500
14566.12500
14573.80000
14581.50000
14589.25000
14597.02500
14604.87500
14618.15000
14766.07500
14780.50000
14794.62500
14804.32500
14812.77500
14820.60000
14828.55000
14836.22500
14843.85000
14851.45000
14859.07500
14866.72500
14874.40000
14882.10000
14889.85000
14897.65000
14905.50000
14918.22500

