$ Stimulation Interval(ms): 300
$ Delay(ms): 17.581766
$ Number of data : 567
$ TSTOP : 15000
$ PN stimulation current max : 35000
$ LN stimulation current max : 15000
23.55000
33.40000
42.12500
50.27500
58.10000
65.72500
73.22500
80.70000
88.15000
95.57500
103.00000
110.47500
117.95000
125.47500
133.02500
140.62500
148.25000
155.95000
163.67500
171.47500
179.30000
187.20000
195.15000
203.17500
213.90000
227.72500
1407.70000
1702.00000
1733.42500
1997.72500
2014.27500
2278.72500
2294.75000
2313.97500
2331.20000
2566.62500
2583.47500
2597.15000
2616.07500
2631.85000
2880.92500
2896.57500
2916.82500
2933.00000
3170.40000
3183.10000
3197.00000
3205.95000
3217.80000
3233.95000
3456.60000
3468.57500
3482.37500
3494.27500
3503.30000
3516.97500
3532.65000
3766.77500
3782.97500
3797.50000
3806.15000
3817.60000
3833.12500
4052.77500
4069.00000
4083.35000
4095.90000
4104.55000
4116.67500
4131.27500
4351.15000
4367.42500
4377.77500
4386.80000
4396.12500
4404.72500
4416.75000
4431.27500
4637.20000
4653.42500
4668.92500
4680.60000
4689.15000
4699.00000
4707.50000
4717.85000
4732.20000
4936.52500
4952.67500
4968.20000
4976.85000
4986.22500
4994.70000
5003.62500
5015.62500
5030.97500
5245.12500
5256.37500
5267.47500
5280.37500
5289.27500
5297.80000
5306.20000
5317.25000
5331.42500
5554.70000
5571.00000
5579.87500
5589.70000
5599.40000
5608.07500
5618.65000
5633.47500
5822.50000
5838.47500
5853.17500
5861.77500
5870.45000
5878.80000
5887.52500
5895.92500
5904.22500
5916.30000
5931.05000
6124.60000
6139.97500
6155.52500
6166.70000
6175.12500
6183.32500
6191.50000
6199.70000
6207.90000
6217.95000
6231.65000
6414.47500
6429.45000
6441.05000
6454.37500
6469.37500
6477.90000
6487.40000
6495.72500
6503.97500
6515.32500
6530.92500
6723.72500
6739.25000
6751.30000
6762.07500
6770.72500
6779.05000
6787.27500
6795.50000
6803.70000
6814.37500
6830.80000
7024.80000
7040.45000
7057.02500
7073.10000
7081.75000
7090.10000
7098.37500
7106.65000
7117.35000
7131.42500
7325.42500
7340.92500
7356.80000
7365.47500
7375.45000
7384.12500
7392.50000
7400.82500
7413.27500
7430.70000
7608.55000
7623.40000
7637.32500
7648.02500
7656.62500
7664.85000
7672.97500
7681.05000
7689.15000
7697.25000
7705.40000
7716.80000
7731.15000
7899.62500
7915.55000
7925.77500
7939.92500
7948.62500
7958.07500
7966.50000
7974.80000
7983.02500
7991.20000
7999.35000
8007.52500
8017.72500
8031.47500
8199.25000
8213.67500
8225.67500
8237.75000
8246.12500
8254.95000
8263.07500
8271.12500
8279.15000
8287.17500
8295.25000
8303.35000
8313.90000
8330.72500
8509.47500
8525.35000
8539.80000
8548.27500
8557.77500
8566.10000
8574.22500
8582.32500
8590.42500
8598.55000
8606.70000
8617.30000
8631.35000
8799.90000
8812.85000
8826.60000
8841.22500
8849.72500
8859.40000
8867.82500
8876.02500
8884.17500
8892.30000
8900.45000
8909.82500
8921.75000
9109.87500
9125.27500
9135.07500
9143.75000
9152.10000
9160.50000
9168.70000
9176.87500
9185.07500
9193.20000
9201.35000
9213.30000
9230.70000
9411.30000
9425.82500
9434.32500
9443.90000
9452.37500
9461.20000
9469.50000
9477.67500
9485.80000
9493.92500
9502.05000
9513.47500
9530.75000
9701.15000
9717.50000
9728.77500
9743.97500
9752.52500
9760.72500
9768.80000
9776.87500
9784.92500
9793.02500
9801.12500
9813.25000
9830.72500
9986.37500
10001.22500
10011.62500
10025.62500
10034.02500
10043.87500
10052.17500
10061.05000
10069.17500
10077.22500
10085.27500
10093.32500
10101.42500
10113.30000
10130.72500
10285.72500
10301.30000
10311.57500
10325.67500
10334.07500
10342.20000
10350.25000
10358.20000
10366.15000
10374.10000
10382.10000
10390.10000
10398.15000
10406.25000
10417.15000
10431.32500
10586.10000
10601.30000
10612.25000
10627.15000
10635.55000
10644.45000
10652.60000
10660.62500
10668.62500
10676.60000
10684.60000
10692.65000
10700.72500
10711.17500
10730.60000
10897.27500
10911.67500
10927.20000
10937.20000
10945.35000
10953.32500
10961.27500
10969.22500
10977.17500
10985.17500
10993.20000
11001.30000
11013.27500
11030.75000
11179.37500
11194.40000
11203.97500
11213.12500
11221.50000
11229.75000
11237.82500
11245.90000
11253.90000
11261.82500
11269.75000
11277.70000
11285.67500
11293.70000
11301.75000
11313.35000
11330.75000
11481.05000
11496.35000
11506.15000
11515.12500
11527.35000
11535.57500
11544.67500
11552.77500
11560.75000
11568.70000
11576.67500
11584.65000
11592.67500
11600.75000
11610.95000
11630.62500
11781.72500
11797.27500
11809.75000
11819.65000
11828.95000
11837.07500
11845.02500
11852.90000
11860.80000
11868.70000
11876.62500
11884.60000
11892.60000
11900.65000
11910.27500
11930.62500
12081.75000
12095.65000
12108.27500
12120.40000
12128.57500
12136.50000
12144.37500
12152.22500
12160.10000
12167.97500
12175.87500
12183.82500
12191.82500
12199.87500
12207.97500
12217.95000
12231.60000
12386.42500
12397.52500
12412.07500
12420.40000
12429.62500
12437.75000
12447.27500
12455.37500
12463.32500
12471.27500
12479.25000
12487.25000
12495.27500
12503.35000
12513.92500
12530.90000
12673.05000
12687.97500
12698.62500
12710.27500
12719.72500
12728.67500
12736.77500
12745.17500
12753.15000
12761.10000
12769.02500
12776.95000
12784.92500
12792.92500
12801.00000
12813.17500
12830.77500
12981.77500
12998.12500
13010.35000
13018.62500
13027.10000
13035.15000
13043.05000
13050.92500
13058.80000
13066.67500
13074.57500
13082.52500
13090.52500
13098.55000
13106.62500
13117.30000
13131.45000
13272.35000
13287.97500
13297.22500
13307.92500
13317.70000
13325.70000
13333.55000
13341.37500
13349.17500
13356.97500
13364.82500
13372.70000
13380.62500
13388.57500
13396.57500
13404.65000
13416.00000
13431.20000
13572.35000
13583.77500
13596.97500
13608.42500
13616.47500
13625.87500
13633.82500
13641.67500
13649.47500
13657.30000
13665.15000
13673.02500
13680.95000
13688.90000
13696.92500
13704.97500
13716.57500
13731.30000
13881.72500
13895.60000
13905.02500
13913.65000
13922.42500
13930.62500
13938.62500
13946.52500
13954.37500
13962.25000
13970.15000
13978.07500
13986.02500
13994.02500
14002.07500
14013.50000
14030.87500
14181.72500
14196.17500
14205.97500
14217.50000
14227.10000
14235.50000
14243.47500
14251.37500
14259.25000
14267.12500
14275.05000
14283.00000
14291.00000
14299.02500
14307.12500
14317.50000
14331.55000
14466.32500
14481.05000
14495.07500
14503.32500
14512.05000
14520.02500
14527.82500
14535.60000
14543.35000
14551.12500
14558.92500
14566.77500
14574.62500
14582.55000
14590.50000
14598.52500
14606.60000
14617.30000
14631.47500
14772.35000
14782.42500
14795.45000
14805.37500
14813.85000
14821.85000
14829.70000
14837.50000
14845.27500
14853.07500
14860.90000
14868.72500
14876.62500
14884.55000
14892.52500
14900.55000
14909.05000
14918.72500
14931.87500

