$ Stimulation Interval(ms): 300
$ Delay(ms): 31.724716
$ Number of data : 550
$ TSTOP : 15000
$ PN stimulation current max : 35000
$ LN stimulation current max : 15000
37.62500
47.42500
56.12500
64.27500
72.10000
79.70000
87.22500
94.67500
102.12500
109.55000
116.97500
124.45000
131.92500
139.45000
147.00000
154.57500
162.22500
169.90000
177.65000
185.42500
193.27500
201.17500
209.12500
222.20000
2001.97500
2295.20000
2309.95000
2603.87500
2625.22500
2881.45000
2897.10000
2910.62500
3182.02500
3197.07500
3211.15000
3226.00000
3450.65000
3466.52500
3482.77500
3494.67500
3503.65000
3517.55000
3767.17500
3784.30000
3798.35000
3808.27500
3821.47500
4067.82500
4081.62500
4090.25000
4099.35000
4107.87500
4118.35000
4351.72500
4367.40000
4377.37500
4386.37500
4395.42500
4403.95000
4412.30000
4425.52500
4637.40000
4652.82500
4669.57500
4681.42500
4690.10000
4699.60000
4708.07500
4718.52500
4952.42500
4969.37500
4982.45000
4991.22500
5001.35000
5009.75000
5025.32500
5238.10000
5254.47500
5266.30000
5274.95000
5285.15000
5293.60000
5301.85000
5310.07500
5325.30000
5530.57500
5544.52500
5555.55000
5564.77500
5573.85000
5586.80000
5595.25000
5603.50000
5611.70000
5625.37500
5838.20000
5853.67500
5867.00000
5875.42500
5885.25000
5893.55000
5901.75000
5909.90000
5925.40000
6123.10000
6138.82500
6154.07500
6167.50000
6176.05000
6184.27500
6192.42500
6200.55000
6208.67500
6219.05000
6439.00000
6454.05000
6469.25000
6477.75000
6487.25000
6495.47500
6503.62500
6511.80000
6525.42500
6723.02500
6739.32500
6751.37500
6760.95000
6769.72500
6778.00000
6786.15000
6794.22500
6802.32500
6810.42500
6825.30000
7023.85000
7039.25000
7048.30000
7058.05000
7072.35000
7080.80000
7088.97500
7097.07500
7105.20000
7117.40000
7134.47500
7309.05000
7325.30000
7339.92500
7348.47500
7358.07500
7372.92500
7381.30000
7389.45000
7397.55000
7405.65000
7417.30000
7434.30000
7608.32500
7623.25000
7637.45000
7647.22500
7656.00000
7664.22500
7672.27500
7680.27500
7688.27500
7696.27500
7704.30000
7712.37500
7725.45000
7900.32500
7922.42500
7938.80000
7947.17500
7956.52500
7964.72500
7972.75000
7980.72500
7988.72500
7996.72500
8004.75000
8012.82500
8025.55000
8209.02500
8225.27500
8238.55000
8249.12500
8257.50000
8265.62500
8273.62500
8281.60000
8289.60000
8297.60000
8305.62500
8317.30000
8334.12500
8508.35000
8524.12500
8538.50000
8546.80000
8556.95000
8565.12500
8573.12500
8581.10000
8589.07500
8597.05000
8605.07500
8613.35000
8625.70000
8800.20000
8816.30000
8827.45000
8840.50000
8848.97500
8858.15000
8866.40000
8874.47500
8882.50000
8890.50000
8898.52500
8906.57500
8917.50000
8934.22500
9101.57500
9116.20000
9126.20000
9134.90000
9143.17500
9151.22500
9159.45000
9167.42500
9175.37500
9183.30000
9191.25000
9199.22500
9207.25000
9217.70000
9234.27500
9395.07500
9411.27500
9425.12500
9433.52500
9443.12500
9451.37500
9459.87500
9468.00000
9476.00000
9483.97500
9491.95000
9499.95000
9508.00000
9518.02500
9534.72500
9694.60000
9710.45000
9726.27500
9734.67500
9744.57500
9752.85000
9760.90000
9768.85000
9776.77500
9784.72500
9792.67500
9800.67500
9808.70000
9818.52500
9995.00000
10010.12500
10024.22500
10032.67500
10042.37500
10050.60000
10058.57500
10066.50000
10074.40000
10082.32500
10090.25000
10098.22500
10106.22500
10117.40000
10134.15000
10286.30000
10301.95000
10315.27500
10326.47500
10334.80000
10342.97500
10350.90000
10358.77500
10366.65000
10374.50000
10382.37500
10390.27500
10398.22500
10406.22500
10417.40000
10434.12500
10587.17500
10603.00000
10612.75000
10626.32500
10634.50000
10643.02500
10650.95000
10658.80000
10666.62500
10674.47500
10682.32500
10690.25000
10698.17500
10706.17500
10717.40000
10734.12500
10895.32500
10910.87500
10925.85000
10934.07500
10942.05000
10949.95000
10957.80000
10965.62500
10973.45000
10981.32500
10989.22500
10997.17500
11005.15000
11013.35000
11025.72500
11194.47500
11210.75000
11220.27500
11228.65000
11237.15000
11245.25000
11253.20000
11261.10000
11268.97500
11276.82500
11284.72500
11292.65000
11300.62500
11308.62500
11318.40000
11494.57500
11505.27500
11516.45000
11528.12500
11536.40000
11544.77500
11552.75000
11560.62500
11568.50000
11576.35000
11584.25000
11592.17500
11600.12500
11608.12500
11618.10000
11634.52500
11785.57500
11797.80000
11809.65000
11819.65000
11828.92500
11836.97500
11844.85000
11852.65000
11860.45000
11868.25000
11876.07500
11883.95000
11891.82500
11899.77500
11907.75000
11917.92500
11934.32500
12087.17500
12103.37500
12112.10000
12121.40000
12129.52500
12137.42500
12145.22500
12153.00000
12160.80000
12168.60000
12176.40000
12184.25000
12192.15000
12200.10000
12208.07500
12218.05000
12234.40000
12380.37500
12395.30000
12406.52500
12415.32500
12424.60000
12432.65000
12440.52500
12448.82500
12456.70000
12464.50000
12472.32500
12480.17500
12488.05000
12495.97500
12503.92500
12511.95000
12525.47500
12681.72500
12696.00000
12705.20000
12714.22500
12722.40000
12730.45000
12738.27500
12746.05000
12753.80000
12761.57500
12769.35000
12777.15000
12785.00000
12792.87500
12800.82500
12808.80000
12818.57500
12979.70000
12995.30000
13008.00000
13016.30000
13025.72500
13033.72500
13041.52500
13049.30000
13057.05000
13064.82500
13072.62500
13080.45000
13088.32500
13096.22500
13104.17500
13112.20000
13125.52500
13281.57500
13295.57500
13307.12500
13318.50000
13326.55000
13334.37500
13342.12500
13349.87500
13357.62500
13365.37500
13373.17500
13381.00000
13388.85000
13396.77500
13404.72500
13412.75000
13425.60000
13580.90000
13597.00000
13609.17500
13617.40000
13626.85000
13634.87500
13642.72500
13650.50000
13658.27500
13666.07500
13673.87500
13681.72500
13689.60000
13697.52500
13705.47500
13717.47500
13734.12500
13881.15000
13896.50000
13906.02500
13914.57500
13922.70000
13930.70000
13938.57500
13946.37500
13954.15000
13961.92500
13969.70000
13977.52500
13985.37500
13993.27500
14001.20000
14009.20000
14019.55000
14180.07500
14196.00000
14205.22500
14213.72500
14221.72500
14229.95000
14237.80000
14245.57500
14253.32500
14261.10000
14268.87500
14276.67500
14284.52500
14292.40000
14300.32500
14308.30000
14318.17500
14334.45000
14480.97500
14495.50000
14505.12500
14513.27500
14521.17500
14528.95000
14536.67500
14544.37500
14552.07500
14559.80000
14567.55000
14575.32500
14583.15000
14591.02500
14598.95000
14606.90000
14617.62500
14634.22500
14780.92500
14791.12500
14801.57500
14810.95000
14818.97500
14826.80000
14834.52500
14842.25000
14849.95000
14857.67500
14865.40000
14873.17500
14881.00000
14888.85000
14896.75000
14904.70000
14912.70000
14925.60000

