$ Stimulation Interval(ms): 300
$ Delay(ms): 204.926443
$ Number of data : 479
$ TSTOP : 15000
$ PN stimulation current max : 35000
$ LN stimulation current max : 15000
209.60000
222.40000
235.12500
248.02500
261.12500
274.37500
287.80000
301.45000
315.32500
329.47500
343.90000
358.65000
373.85000
389.80000
406.25000
422.15000
438.27500
455.22500
512.37500
525.27500
538.15000
551.17500
564.42500
577.87500
591.55000
605.45000
619.55000
633.92500
648.60000
663.80000
679.90000
695.65000
711.42500
727.40000
744.05000
812.50000
825.32500
838.17500
851.22500
864.50000
877.97500
891.62500
905.50000
919.62500
934.05000
948.85000
964.35000
1112.40000
1125.22500
1138.07500
1151.12500
1164.45000
1177.92500
1191.62500
1205.60000
1219.82500
1234.40000
1249.40000
1264.95000
1412.40000
1425.25000
1438.12500
1451.22500
1464.55000
1478.07500
1491.82500
1505.82500
1520.10000
1534.72500
1549.75000
1565.57500
1712.37500
1725.27500
1738.17500
1751.30000
1764.67500
1778.22500
1792.02500
1806.07500
1820.42500
1835.10000
1850.20000
1866.27500
2012.42500
2025.32500
2038.25000
2051.40000
2064.80000
2078.40000
2092.22500
2106.32500
2120.72500
2135.47500
2150.67500
2312.40000
2325.25000
2338.20000
2351.37500
2364.80000
2378.42500
2392.30000
2406.42500
2420.85000
2435.65000
2450.92500
2612.42500
2625.30000
2638.27500
2651.47500
2664.92500
2678.57500
2692.47500
2706.65000
2721.15000
2736.00000
2751.37500
2912.45000
2925.35000
2938.32500
2951.55000
2965.05000
2978.75000
2992.67500
3006.90000
3021.42500
3036.35000
3051.85000
3212.47500
3225.40000
3238.40000
3251.65000
3265.17500
3278.90000
3292.87500
3307.15000
3321.75000
3336.72500
3352.40000
3512.50000
3525.45000
3538.45000
3551.72500
3565.27500
3579.02500
3593.05000
3607.35000
3622.00000
3637.07500
3652.92500
3812.50000
3825.47500
3838.50000
3851.80000
3865.37500
3879.17500
3893.22500
3907.57500
3922.27500
3937.40000
3953.47500
4112.47500
4125.45000
4138.50000
4151.82500
4165.42500
4179.22500
4193.30000
4207.70000
4222.45000
4237.65000
4253.95000
4412.50000
4425.47500
4438.55000
4451.87500
4465.52500
4479.35000
4493.47500
4507.90000
4522.72500
4538.02500
4712.50000
4725.52500
4738.60000
4751.95000
4765.62500
4779.50000
4793.65000
4808.12500
4822.97500
4838.32500
5012.52500
5025.52500
5038.62500
5052.02500
5065.70000
5079.60000
5093.77500
5108.30000
5123.20000
5138.65000
5312.52500
5325.55000
5338.67500
5352.07500
5365.77500
5379.72500
5393.92500
5408.50000
5423.45000
5439.00000
5612.55000
5625.57500
5638.72500
5652.15000
5665.87500
5679.82500
5694.07500
5708.67500
5723.70000
5739.35000
5912.55000
5925.62500
5938.75000
5952.20000
5965.95000
5979.95000
5994.22500
6008.87500
6023.95000
6039.70000
6212.57500
6225.65000
6238.80000
6252.25000
6266.05000
6280.05000
6294.37500
6309.07500
6324.22500
6340.10000
6512.57500
6525.67500
6538.85000
6552.32500
6566.12500
6580.17500
6594.55000
6609.27500
6624.47500
6640.57500
6812.57500
6825.70000
6838.87500
6852.37500
6866.20000
6880.30000
6894.70000
6909.47500
6924.75000
6941.25000
7112.60000
7125.70000
7138.92500
7152.45000
7166.30000
7180.40000
7194.85000
7209.70000
7225.07500
7412.60000
7425.72500
7438.95000
7452.50000
7466.37500
7480.50000
7495.00000
7509.87500
7525.35000
7712.62500
7725.75000
7738.97500
7752.55000
7766.45000
7780.62500
7795.12500
7810.07500
7825.60000
8012.62500
8025.77500
8039.02500
8052.60000
8066.52500
8080.72500
8095.27500
8110.27500
8125.90000
8312.62500
8325.80000
8339.05000
8352.65000
8366.60000
8380.82500
8395.40000
8410.45000
8426.17500
8612.65000
8625.82500
8639.07500
8652.70000
8666.67500
8680.92500
8695.55000
8710.65000
8726.50000
8912.65000
8925.82500
8939.12500
8952.75000
8966.75000
8981.02500
8995.70000
9010.85000
9026.85000
9212.65000
9225.85000
9239.15000
9252.80000
9266.82500
9281.12500
9295.85000
9311.05000
9327.35000
9512.67500
9525.87500
9539.17500
9552.85000
9566.90000
9581.22500
9596.00000
9611.27500
9628.77500
9812.67500
9825.90000
9839.20000
9852.90000
9866.97500
9881.35000
9896.15000
9911.50000
10112.67500
10125.92500
10139.22500
10152.95000
10167.02500
10181.42500
10196.27500
10211.67500
10412.67500
10425.92500
10439.27500
10452.97500
10467.10000
10481.52500
10496.37500
10511.85000
10712.70000
10725.95000
10739.30000
10753.02500
10767.15000
10781.60000
10796.50000
10812.05000
11012.70000
11025.97500
11039.32500
11053.07500
11067.22500
11081.70000
11096.65000
11112.25000
11312.70000
11325.97500
11339.35000
11353.10000
11367.27500
11381.77500
11396.77500
11412.45000
11612.72500
11626.00000
11639.37500
11653.15000
11667.35000
11681.87500
11696.90000
11712.67500
11912.72500
11926.02500
11939.40000
11953.20000
11967.40000
11981.95000
11997.02500
12012.92500
12212.72500
12226.02500
12239.42500
12253.22500
12267.47500
12282.05000
12297.17500
12313.22500
12512.72500
12526.05000
12539.45000
12553.27500
12567.52500
12582.15000
12597.30000
12613.62500
12812.75000
12826.05000
12839.47500
12853.32500
12867.60000
12882.22500
12897.42500
12914.22500
13112.75000
13126.07500
13139.50000
13153.35000
13167.65000
13182.32500
13197.57500
13412.75000
13426.10000
13439.52500
13453.40000
13467.70000
13482.40000
13497.70000
13712.75000
13726.10000
13739.55000
13753.42500
13767.75000
13782.47500
13797.80000
14012.77500
14026.12500
14039.55000
14053.45000
14067.80000
14082.55000
14097.92500
14312.77500
14326.12500
14339.57500
14353.50000
14367.85000
14382.62500
14398.05000
14612.77500
14626.15000
14639.60000
14653.52500
14667.90000
14682.70000
14698.17500
14912.77500
14926.15000
14939.62500
14953.55000
14967.95000
14982.77500
14998.32500

