$ Stimulation Interval(ms): 300
$ Delay(ms): 215.330667
$ Number of data : 522
$ TSTOP : 15000
$ PN stimulation current max : 35000
$ LN stimulation current max : 15000
220.10000
232.90000
245.75000
258.75000
271.87500
285.15000
298.60000
312.25000
326.07500
340.10000
354.35000
368.87500
383.67500
398.80000
414.15000
429.82500
445.82500
462.07500
479.40000
522.95000
535.75000
548.67500
561.77500
575.00000
588.42500
602.02500
615.82500
629.85000
644.15000
658.70000
673.50000
688.55000
703.75000
719.20000
735.00000
751.02500
767.85000
822.90000
835.70000
848.67500
861.82500
875.15000
888.62500
902.32500
916.20000
930.30000
944.62500
959.20000
974.05000
989.17500
1004.62500
1020.45000
1037.17500
1122.90000
1135.70000
1148.72500
1161.90000
1175.25000
1188.80000
1202.52500
1216.45000
1230.60000
1245.02500
1259.72500
1274.77500
1290.20000
1305.92500
1321.97500
1338.30000
1355.47500
1422.92500
1435.77500
1448.82500
1462.05000
1475.45000
1489.02500
1502.82500
1516.82500
1531.05000
1545.57500
1560.40000
1575.60000
1591.15000
1606.90000
1623.22500
1639.95000
1722.95000
1735.82500
1748.90000
1762.17500
1775.60000
1789.25000
1803.10000
1817.15000
1831.47500
1846.10000
1861.05000
1876.42500
1892.15000
1908.00000
1924.50000
1943.25000
2022.97500
2035.87500
2049.00000
2062.30000
2075.77500
2089.47500
2103.37500
2117.50000
2131.90000
2146.62500
2161.72500
2177.25000
2193.02500
2209.00000
2225.92500
2322.97500
2335.90000
2349.02500
2362.37500
2375.90000
2389.62500
2403.57500
2417.75000
2432.22500
2447.02500
2462.22500
2477.90000
2493.62500
2509.62500
2526.05000
2542.75000
2623.00000
2635.95000
2649.12500
2662.50000
2676.07500
2689.85000
2703.85000
2718.10000
2732.62500
2747.52500
2762.87500
2778.70000
2794.50000
2810.67500
2923.00000
2935.97500
2949.17500
2962.57500
2976.17500
2990.00000
3004.05000
3018.35000
3032.97500
3047.95000
3063.42500
3079.42500
3095.50000
3111.92500
3223.02500
3236.02500
3249.25000
3262.67500
3276.30000
3290.17500
3304.25000
3318.62500
3333.30000
3348.40000
3364.05000
3380.20000
3396.02500
3412.90000
3523.05000
3536.07500
3549.32500
3562.77500
3576.45000
3590.32500
3604.47500
3618.90000
3633.65000
3648.85000
3664.65000
3680.95000
3696.87500
3823.05000
3836.10000
3849.37500
3862.85000
3876.55000
3890.47500
3904.67500
3919.15000
3933.97500
3949.27500
3965.30000
3981.70000
3997.77500
4015.02500
4123.07500
4136.12500
4149.45000
4162.95000
4176.67500
4190.65000
4204.87500
4219.42500
4234.32500
4249.75000
4266.00000
4282.42500
4298.70000
4423.10000
4436.17500
4449.50000
4463.02500
4476.80000
4490.80000
4505.07500
4519.67500
4534.65000
4550.20000
4566.50000
4582.37500
4598.97500
4723.10000
4736.20000
4749.55000
4763.10000
4776.90000
4790.95000
4805.27500
4819.92500
4835.00000
4850.70000
4867.17500
4883.10000
5023.12500
5036.22500
5049.60000
5063.17500
5077.00000
5091.10000
5105.45000
5120.17500
5135.32500
5151.20000
5167.85000
5183.82500
5323.12500
5336.27500
5349.67500
5363.25000
5377.12500
5391.22500
5405.62500
5420.40000
5435.65000
5451.77500
5468.47500
5484.55000
5500.95000
5623.15000
5636.30000
5649.72500
5663.35000
5677.22500
5691.37500
5705.82500
5720.65000
5736.00000
5752.50000
5768.87500
5785.17500
5923.15000
5936.32500
5949.77500
5963.42500
5977.32500
5991.52500
6006.02500
6020.90000
6036.37500
6223.17500
6236.35000
6249.80000
6263.47500
6277.40000
6291.62500
6306.15000
6321.10000
6336.70000
6523.17500
6536.37500
6549.85000
6563.52500
6577.47500
6591.72500
6606.30000
6621.30000
6637.00000
6823.17500
6836.40000
6849.87500
6863.57500
6877.55000
6891.82500
6906.42500
6921.47500
6937.32500
7123.20000
7136.42500
7149.90000
7163.62500
7177.62500
7191.92500
7206.55000
7221.65000
7237.72500
7423.20000
7436.42500
7449.95000
7463.67500
7477.70000
7492.02500
7506.67500
7521.85000
7538.27500
7723.20000
7736.45000
7749.97500
7763.72500
7777.77500
7792.10000
7806.82500
7822.02500
8023.22500
8036.47500
8050.00000
8063.77500
8077.82500
8092.20000
8106.92500
8122.20000
8323.22500
8336.50000
8350.05000
8363.80000
8377.90000
8392.27500
8407.05000
8422.37500
8623.22500
8636.50000
8650.07500
8663.85000
8677.95000
8692.37500
8707.15000
8722.55000
8923.25000
8936.52500
8950.10000
8963.90000
8978.00000
8992.45000
9007.27500
9022.72500
9223.25000
9236.55000
9250.12500
9263.92500
9278.07500
9292.52500
9307.40000
9322.90000
9523.25000
9536.55000
9550.15000
9563.97500
9578.12500
9592.60000
9607.50000
9623.07500
9823.25000
9836.57500
9850.20000
9864.02500
9878.20000
9892.70000
9907.60000
9923.25000
10123.27500
10136.60000
10150.22500
10164.07500
10178.25000
10192.77500
10207.72500
10223.47500
10423.27500
10436.60000
10450.25000
10464.10000
10478.30000
10492.85000
10507.85000
10523.70000
10723.27500
10736.62500
10750.27500
10764.15000
10778.37500
10792.95000
10807.95000
10823.95000
11023.27500
11036.65000
11050.30000
11064.17500
11078.42500
11093.02500
11108.07500
11124.22500
11323.30000
11336.65000
11350.32500
11364.22500
11378.50000
11393.10000
11408.17500
11424.50000
11623.30000
11636.67500
11650.35000
11664.27500
11678.55000
11693.17500
11708.30000
11724.90000
11923.30000
11936.70000
11950.37500
11964.30000
11978.60000
11993.27500
12008.40000
12223.30000
12236.70000
12250.40000
12264.35000
12278.65000
12293.32500
12308.47500
12325.75000
12523.32500
12536.72500
12550.42500
12564.37500
12578.72500
12593.42500
12608.60000
12626.07500
12823.32500
12836.72500
12850.47500
12864.42500
12878.77500
12893.50000
12908.72500
12925.30000
13123.32500
13136.75000
13150.50000
13164.47500
13178.82500
13193.57500
13208.82500
13423.32500
13436.77500
13450.52500
13464.50000
13478.87500
13493.65000
13508.92500
13723.35000
13736.77500
13750.52500
13764.52500
13778.92500
13793.70000
13809.00000
14023.35000
14036.80000
14050.55000
14064.57500
14078.97500
14093.77500
14109.07500
14323.35000
14336.80000
14350.57500
14364.60000
14379.02500
14393.82500
14409.12500
14623.35000
14636.82500
14650.60000
14664.62500
14679.07500
14693.90000
14709.20000
14923.35000
14936.82500
14950.62500
14964.65000
14979.12500
14993.95000

