$ Stimulation Interval(ms): 300
$ Delay(ms): 32.660291
$ Number of data : 738
$ TSTOP : 15000
$ PN stimulation current max : 35000
$ LN stimulation current max : 15000
38.55000
48.35000
57.05000
65.20000
73.02500
80.62500
88.15000
95.60000
103.05000
110.47500
117.90000
125.37500
132.85000
140.37500
147.92500
155.52500
163.15000
170.85000
178.57500
186.35000
194.20000
202.10000
215.05000
232.07500
485.17500
501.07500
774.00000
790.42500
806.90000
1073.07500
1089.62500
1104.75000
1123.47500
1350.42500
1366.17500
1378.00000
1392.87500
1408.12500
1435.82500
1661.12500
1676.05000
1692.20000
1707.42500
1735.35000
1946.37500
1962.27500
1977.02500
1992.17500
2000.97500
2011.57500
2035.37500
2238.40000
2252.82500
2264.37500
2278.60000
2294.62500
2310.62500
2323.42500
2337.50000
2506.72500
2532.80000
2547.32500
2561.02500
2571.22500
2580.47500
2593.40000
2601.85000
2622.05000
2636.05000
2807.40000
2832.45000
2849.00000
2864.55000
2880.95000
2895.92500
2905.20000
2922.65000
2936.60000
3108.37500
3132.65000
3148.50000
3163.52500
3173.90000
3183.10000
3194.25000
3202.92500
3222.10000
3236.12500
3394.02500
3418.80000
3434.00000
3448.80000
3465.00000
3481.55000
3494.87500
3503.37500
3522.27500
3536.27500
3694.70000
3718.42500
3733.70000
3748.27500
3759.52500
3768.37500
3780.85000
3789.17500
3799.07500
3807.47500
3822.42500
3836.27500
3995.32500
4018.35000
4032.32500
4042.15000
4051.20000
4064.20000
4072.50000
4082.62500
4090.92500
4099.37500
4107.65000
4122.32500
4136.17500
4304.65000
4320.10000
4335.10000
4351.02500
4367.57500
4376.57500
4385.75000
4394.52500
4402.82500
4422.10000
4436.02500
4594.92500
4607.55000
4620.65000
4635.67500
4650.75000
4659.17500
4669.82500
4681.82500
4690.20000
4700.12500
4708.55000
4722.52500
4736.32500
4904.50000
4920.42500
4935.30000
4951.05000
4959.35000
4969.02500
4977.35000
4986.07500
4994.32500
5002.97500
5018.35000
5035.55000
5204.55000
5221.15000
5235.55000
5245.82500
5254.75000
5265.62500
5273.87500
5283.50000
5291.82500
5299.95000
5308.07500
5322.37500
5336.22500
5506.95000
5522.57500
5536.12500
5546.95000
5556.00000
5564.67500
5573.32500
5581.57500
5590.00000
5598.25000
5606.40000
5622.20000
5636.17500
5797.15000
5807.37500
5820.72500
5836.35000
5844.70000
5854.20000
5862.45000
5870.90000
5879.12500
5887.82500
5896.12500
5904.32500
5918.22500
5935.60000
6091.52500
6105.52500
6119.92500
6129.12500
6138.32500
6150.17500
6158.50000
6168.15000
6176.35000
6184.40000
6192.40000
6200.42500
6208.47500
6222.40000
6236.27500
6390.60000
6406.30000
6420.82500
6429.10000
6438.37500
6446.52500
6455.72500
6469.02500
6477.22500
6486.75000
6494.85000
6502.90000
6512.85000
6523.57500
6536.65000
6692.27500
6707.07500
6721.37500
6737.45000
6747.57500
6755.75000
6765.60000
6773.70000
6781.67500
6789.65000
6797.65000
6805.67500
6818.67500
6835.70000
6984.45000
6997.05000
7008.20000
7022.77500
7031.40000
7040.35000
7054.60000
7062.85000
7072.42500
7080.67500
7088.75000
7096.80000
7104.85000
7118.27500
7135.67500
7284.00000
7297.37500
7308.42500
7323.37500
7331.97500
7340.95000
7354.75000
7362.95000
7372.85000
7381.07500
7389.12500
7397.15000
7405.20000
7418.37500
7435.70000
7581.22500
7594.02500
7606.37500
7615.15000
7624.30000
7636.42500
7644.60000
7653.82500
7661.85000
7670.12500
7678.12500
7686.05000
7694.02500
7702.00000
7710.02500
7722.72500
7736.45000
7878.42500
7893.67500
7907.45000
7921.82500
7929.97500
7939.57500
7947.70000
7956.87500
7965.10000
7973.25000
7981.27500
7989.25000
7997.22500
8005.25000
8018.32500
8035.72500
8178.27500
8192.82500
8206.85000
8215.57500
8224.92500
8236.97500
8245.05000
8254.37500
8262.37500
8270.75000
8278.72500
8286.67500
8294.62500
8302.62500
8310.87500
8322.97500
8336.55000
8478.42500
8493.30000
8507.57500
8516.35000
8525.50000
8539.62500
8547.72500
8557.65000
8565.82500
8573.80000
8581.75000
8589.70000
8597.67500
8605.67500
8618.60000
8635.80000
8778.77500
8793.87500
8807.30000
8815.65000
8825.00000
8833.30000
8842.12500
8850.35000
8858.95000
8867.05000
8875.00000
8882.95000
8890.90000
8898.87500
8906.87500
8922.27500
8936.32500
9078.37500
9093.12500
9107.52500
9116.85000
9125.52500
9134.20000
9142.10000
9149.90000
9157.65000
9165.42500
9173.22500
9181.07500
9188.92500
9196.85000
9204.80000
9218.20000
9235.75000
9378.60000
9393.35000
9402.52500
9411.92500
9423.90000
9431.97500
9441.47500
9449.50000
9457.77500
9465.70000
9473.57500
9481.45000
9489.35000
9497.27500
9505.27500
9518.32500
9535.80000
9668.15000
9683.65000
9694.62500
9709.22500
9718.05000
9727.52500
9741.95000
9750.15000
9758.45000
9766.42500
9774.32500
9782.22500
9790.15000
9798.10000
9806.07500
9822.30000
9836.35000
9968.27500
9983.87500
9994.55000
10008.92500
10017.62500
10026.27500
10034.27500
10042.90000
10050.92500
10058.80000
10066.65000
10074.47500
10082.35000
10090.22500
10098.15000
10106.12500
10122.20000
10136.35000
10268.02500
10281.25000
10293.95000
10308.95000
10317.10000
10326.37500
10334.47500
10342.60000
10350.50000
10358.42500
10366.30000
10374.15000
10382.00000
10389.90000
10397.82500
10405.80000
10418.50000
10435.87500
10568.15000
10581.27500
10594.95000
10609.85000
10617.92500
10627.67500
10635.70000
10644.00000
10651.92500
10660.02500
10667.95000
10675.80000
10683.67500
10691.60000
10699.52500
10707.52500
10722.35000
10736.45000
10868.42500
10880.67500
10895.77500
10909.77500
10917.92500
10928.00000
10939.02500
10947.02500
10954.85000
10962.65000
10970.45000
10978.27500
10986.15000
10994.05000
11002.00000
11010.00000
11022.77500
11036.62500
11164.65000
11177.20000
11186.42500
11195.17500
11203.50000
11212.00000
11220.12500
11227.95000
11236.02500
11243.80000
11251.52500
11259.25000
11266.97500
11274.75000
11282.57500
11290.42500
11298.32500
11306.25000
11318.92500
11335.95000
11464.17500
11476.52500
11487.35000
11495.87500
11504.32500
11512.45000
11520.22500
11528.25000
11535.97500
11543.65000
11551.32500
11559.00000
11566.72500
11574.47500
11582.27500
11590.12500
11598.02500
11605.95000
11618.55000
11635.92500
11764.37500
11779.12500
11793.72500
11801.80000
11810.57500
11818.42500
11827.75000
11835.62500
11843.35000
11851.07500
11858.77500
11866.52500
11874.30000
11882.10000
11889.95000
11897.85000
11905.80000
11918.50000
11935.95000
12056.30000
12069.27500
12081.15000
12094.50000
12103.52500
12111.67500
12120.22500
12128.02500
12135.72500
12143.40000
12151.10000
12158.77500
12166.50000
12174.27500
12182.07500
12189.90000
12197.80000
12205.75000
12218.45000
12235.92500
12355.15000
12369.97500
12381.30000
12394.05000
12402.87500
12411.52500
12419.40000
12427.37500
12435.12500
12442.80000
12450.50000
12458.17500
12465.90000
12473.65000
12481.45000
12489.30000
12497.17500
12505.12500
12518.30000
12535.92500
12665.82500
12680.55000
12690.12500
12698.67500
12709.40000
12717.30000
12726.45000
12734.27500
12742.57500
12750.37500
12758.10000
12765.85000
12773.62500
12781.42500
12789.27500
12797.17500
12805.12500
12818.32500
12835.95000
12965.10000
12979.47500
12989.00000
12998.00000
13008.42500
13016.40000
13025.37500
13033.20000
13040.90000
13048.57500
13056.27500
13063.97500
13071.72500
13079.52500
13087.35000
13095.22500
13103.15000
13112.95000
13123.62500
13136.90000
13265.17500
13279.85000
13294.37500
13303.47500
13311.77500
13319.60000
13327.65000
13335.40000
13343.72500
13351.50000
13359.22500
13366.97500
13374.75000
13382.57500
13390.42500
13398.32500
13406.27500
13419.10000
13436.07500
13555.22500
13568.50000
13579.77500
13589.12500
13597.85000
13609.42500
13617.40000
13627.05000
13635.05000
13642.82500
13650.57500
13658.30000
13666.05000
13673.82500
13681.62500
13689.47500
13697.37500
13705.32500
13718.35000
13736.00000
13856.80000
13869.75000
13881.65000
13894.07500
13903.05000
13911.32500
13919.87500
13927.60000
13935.25000
13942.90000
13950.55000
13958.22500
13965.92500
13973.67500
13981.45000
13989.30000
13997.17500
14005.12500
14018.32500
14036.00000
14157.75000
14170.70000
14181.92500
14191.75000
14203.02500
14210.97500
14218.90000
14226.60000
14234.70000
14242.42500
14250.12500
14257.82500
14265.52500
14273.30000
14281.07500
14288.92500
14296.80000
14304.75000
14318.27500
14336.02500
14454.87500
14465.90000
14479.32500
14488.12500
14496.90000
14504.90000
14512.82500
14520.60000
14528.35000
14536.05000
14543.72500
14551.37500
14559.07500
14566.77500
14574.52500
14582.32500
14590.17500
14598.05000
14606.00000
14618.57500
14636.07500
14755.00000
14766.40000
14780.27500
14789.42500
14798.07500
14806.02500
14814.00000
14821.77500
14829.50000
14837.20000
14844.87500
14852.55000
14860.25000
14867.97500
14875.75000
14883.55000
14891.40000
14899.27500
14907.22500
14922.40000
14936.62500

