$ Stimulation Interval(ms): 300
$ Delay(ms): 46.472475
$ Number of data : 639
$ TSTOP : 15000
$ PN stimulation current max : 28000
$ LN stimulation current max : 13500
52.30000
62.10000
70.77500
78.90000
86.72500
94.35000
101.85000
109.32500
116.75000
124.17500
131.60000
139.07500
146.55000
154.05000
161.62500
169.20000
176.85000
184.52500
192.27500
200.05000
209.57500
500.45000
789.72500
806.12500
1073.17500
1089.57500
1104.10000
1376.27500
1391.47500
1408.07500
1660.65000
1676.60000
1692.35000
1704.02500
1947.55000
1962.70000
1977.42500
1992.32500
2002.00000
2247.25000
2263.85000
2279.05000
2294.95000
2305.82500
2548.27500
2561.65000
2577.52500
2587.40000
2596.70000
2607.40000
2832.57500
2848.67500
2863.57500
2879.05000
2895.62500
2907.17500
3132.62500
3147.92500
3162.57500
3174.67500
3183.22500
3193.00000
3201.37500
3210.82500
3433.27500
3448.27500
3463.77500
3475.40000
3484.07500
3495.07500
3503.45000
3518.37500
3718.60000
3734.30000
3748.40000
3763.55000
3773.30000
3782.52500
3793.05000
3801.30000
3818.05000
4019.52500
4033.55000
4049.05000
4062.92500
4071.27500
4080.07500
4088.25000
4097.10000
4105.32500
4118.10000
4319.55000
4334.80000
4350.15000
4360.32500
4368.97500
4377.72500
4386.22500
4394.77500
4402.97500
4413.20000
4619.52500
4635.20000
4649.85000
4661.57500
4670.17500
4681.25000
4689.50000
4698.97500
4707.22500
4719.67500
4905.00000
4921.22500
4935.47500
4950.90000
4960.47500
4969.55000
4978.37500
4986.67500
4994.80000
5003.25000
5018.00000
5204.85000
5221.05000
5234.55000
5246.40000
5254.72500
5264.30000
5272.47500
5281.57500
5289.80000
5297.85000
5305.87500
5318.17500
5507.12500
5520.65000
5534.00000
5544.82500
5553.25000
5562.80000
5570.95000
5578.92500
5586.85000
5594.77500
5602.70000
5611.45000
5805.70000
5821.20000
5836.72500
5846.80000
5855.92500
5867.00000
5875.22500
5884.62500
5892.77500
5900.80000
5908.82500
6108.87500
6123.42500
6137.95000
6150.32500
6159.47500
6169.22500
6178.22500
6187.02500
6195.77500
6204.52500
6383.57500
6399.60000
6413.05000
6421.90000
6431.00000
6439.60000
6448.37500
6456.90000
6465.32500
6473.77500
6482.25000
6490.75000
6499.32500
6507.92500
6683.90000
6696.15000
6708.47500
6717.35000
6726.55000
6735.15000
6743.55000
6751.92500
6760.30000
6768.67500
6777.07500
6785.52500
6794.05000
6802.60000
6812.00000
6984.22500
6999.32500
7014.00000
7022.80000
7032.07500
7040.65000
7049.07500
7057.47500
7065.87500
7074.27500
7082.72500
7091.22500
7099.77500
7108.40000
7284.77500
7300.52500
7314.40000
7323.15000
7331.95000
7340.40000
7348.77500
7357.15000
7365.50000
7373.90000
7382.35000
7390.82500
7399.37500
7407.97500
7583.62500
7595.70000
7607.95000
7616.80000
7625.27500
7633.62500
7641.92500
7650.22500
7658.52500
7666.85000
7675.22500
7683.65000
7692.15000
7700.67500
7709.27500
7884.75000
7900.17500
7909.40000
7918.27500
7926.82500
7935.30000
7943.72500
7952.10000
7960.45000
7968.82500
7977.22500
7985.67500
7994.17500
8002.72500
8013.95000
8176.12500
8187.55000
8198.60000
8207.55000
8216.70000
8225.25000
8233.97500
8242.40000
8250.75000
8259.07500
8267.45000
8275.82500
8284.25000
8292.75000
8301.27500
8309.87500
8470.77500
8484.85000
8499.47500
8508.27500
8517.20000
8525.62500
8533.92500
8542.20000
8550.45000
8558.75000
8567.07500
8575.42500
8583.85000
8592.32500
8600.85000
8609.45000
8771.80000
8784.57500
8797.47500
8806.22500
8815.72500
8824.22500
8832.55000
8840.82500
8849.10000
8857.37500
8865.70000
8874.05000
8882.45000
8890.92500
8899.42500
8908.02500
9072.17500
9084.25000
9095.55000
9104.25000
9113.50000
9121.90000
9130.17500
9138.40000
9146.65000
9154.90000
9163.17500
9171.52500
9179.90000
9188.32500
9196.82500
9205.37500
9374.30000
9387.15000
9397.70000
9406.45000
9415.52500
9423.95000
9432.25000
9440.50000
9448.75000
9457.02500
9465.32500
9473.67500
9482.07500
9490.52500
9499.05000
9507.62500
9671.45000
9683.12500
9693.22500
9702.07500
9710.60000
9719.05000
9727.37500
9735.65000
9743.90000
9752.15000
9760.45000
9768.75000
9777.12500
9785.52500
9794.00000
9802.55000
9811.32500
9971.15000
9984.32500
9994.92500
10003.95000
10012.40000
10021.07500
10029.40000
10037.65000
10045.90000
10054.15000
10062.45000
10070.77500
10079.15000
10087.57500
10096.05000
10104.62500
10270.57500
10284.17500
10294.45000
10303.27500
10311.72500
10320.22500
10328.52500
10336.77500
10345.02500
10353.27500
10361.55000
10369.87500
10378.25000
10386.65000
10395.15000
10403.67500
10569.97500
10583.30000
10592.40000
10601.80000
10610.35000
10618.87500
10627.22500
10635.47500
10643.72500
10651.97500
10660.25000
10668.57500
10676.92500
10685.32500
10693.80000
10702.35000
10710.95000
10869.47500
10881.20000
10890.22500
10899.35000
10907.77500
10916.07500
10924.27500
10932.45000
10940.65000
10948.85000
10957.07500
10965.35000
10973.67500
10982.05000
10990.50000
10999.00000
11007.57500
11170.60000
11185.32500
11194.42500
11203.37500
11212.67500
11221.12500
11229.40000
11237.65000
11245.87500
11254.12500
11262.40000
11270.72500
11279.10000
11287.52500
11296.02500
11304.57500
11470.42500
11485.15000
11495.05000
11504.25000
11513.92500
11522.35000
11530.62500
11538.85000
11547.10000
11555.35000
11563.65000
11572.00000
11580.37500
11588.82500
11597.32500
11605.87500
11772.67500
11784.92500
11794.00000
11802.67500
11811.12500
11819.45000
11827.67500
11835.87500
11844.10000
11852.32500
11860.60000
11868.90000
11877.27500
11885.67500
11894.15000
11902.67500
11911.67500
12068.10000
12079.70000
12089.67500
12100.02500
12108.65000
12117.05000
12125.30000
12133.52500
12141.72500
12149.95000
12158.22500
12166.50000
12174.85000
12183.25000
12191.70000
12200.20000
12208.80000
12363.85000
12378.65000
12387.75000
12397.40000
12405.92500
12414.22500
12422.45000
12430.62500
12438.80000
12447.00000
12455.22500
12463.50000
12471.82500
12480.17500
12488.60000
12497.10000
12505.65000
12663.75000
12677.27500
12687.55000
12696.20000
12705.15000
12713.50000
12721.72500
12729.90000
12738.07500
12746.27500
12754.50000
12762.75000
12771.07500
12779.42500
12787.85000
12796.32500
12804.87500
12967.65000
12980.02500
12994.85000
13003.55000
13011.90000
13020.15000
13028.35000
13036.55000
13044.75000
13052.97500
13061.22500
13069.55000
13077.90000
13086.32500
13094.80000
13103.32500
13258.80000
13271.87500
13283.12500
13291.92500
13301.00000
13309.35000
13317.57500
13325.75000
13333.90000
13342.07500
13350.25000
13358.50000
13366.77500
13375.10000
13383.47500
13391.92500
13400.42500
13409.00000
13557.75000
13569.12500
13579.32500
13588.07500
13596.95000
13605.27500
13613.45000
13621.60000
13629.72500
13637.85000
13646.02500
13654.22500
13662.45000
13670.75000
13679.10000
13687.50000
13695.97500
13704.50000
13857.80000
13869.22500
13879.45000
13888.40000
13896.82500
13905.07500
13913.25000
13921.37500
13929.47500
13937.62500
13945.77500
13953.97500
13962.20000
13970.50000
13978.82500
13987.22500
13995.70000
14004.22500
14162.35000
14173.37500
14184.22500
14193.02500
14201.97500
14210.37500
14218.60000
14226.80000
14234.95000
14243.15000
14251.35000
14259.57500
14267.87500
14276.20000
14284.60000
14293.05000
14301.57500
14310.15000
14467.25000
14479.17500
14490.12500
14498.90000
14507.30000
14515.55000
14523.72500
14531.90000
14540.07500
14548.25000
14556.50000
14564.75000
14573.07500
14581.45000
14589.90000
14598.40000
14606.95000
14769.85000
14784.40000
14793.12500
14801.92500
14810.25000
14818.45000
14826.62500
14834.80000
14842.97500
14851.17500
14859.42500
14867.70000
14876.05000
14884.45000
14892.90000
14901.42500
14910.00000

