$ Stimulation Interval(ms): 300
$ Delay(ms): 17.581766
$ Number of data : 585
$ TSTOP : 15000
$ PN stimulation current max : 28000
$ LN stimulation current max : 13500
23.55000
33.40000
42.12500
50.27500
58.10000
65.72500
73.22500
80.70000
88.15000
95.57500
103.00000
110.47500
117.95000
125.47500
133.02500
140.62500
148.25000
155.95000
163.67500
171.47500
179.30000
187.20000
195.15000
203.17500
213.90000
227.72500
1407.70000
1702.00000
1733.42500
1997.72500
2014.27500
2278.72500
2294.75000
2313.97500
2331.20000
2566.62500
2583.47500
2597.15000
2616.07500
2631.85000
2880.92500
2896.57500
2916.82500
2933.00000
3170.40000
3183.10000
3197.00000
3205.95000
3217.80000
3233.95000
3456.60000
3468.57500
3482.37500
3494.27500
3503.30000
3516.97500
3532.65000
3766.77500
3782.97500
3797.50000
3806.15000
3817.60000
3833.12500
4052.77500
4069.00000
4083.35000
4095.90000
4104.55000
4116.67500
4131.27500
4351.15000
4367.42500
4377.77500
4386.80000
4396.12500
4404.72500
4416.75000
4431.27500
4637.20000
4653.42500
4668.92500
4680.60000
4689.15000
4699.00000
4707.50000
4717.85000
4732.20000
4936.52500
4952.67500
4968.20000
4976.85000
4986.22500
4994.70000
5003.62500
5015.62500
5030.97500
5245.12500
5256.37500
5267.47500
5280.37500
5289.27500
5297.80000
5306.20000
5317.25000
5331.42500
5554.70000
5571.00000
5579.87500
5589.70000
5599.40000
5608.07500
5618.65000
5633.47500
5822.50000
5838.47500
5853.17500
5861.77500
5870.45000
5878.80000
5887.52500
5895.92500
5904.22500
5916.30000
5931.05000
6142.07500
6157.85000
6169.37500
6178.92500
6188.15000
6197.30000
6206.42500
6219.00000
6400.62500
6416.55000
6432.12500
6441.42500
6451.00000
6460.02500
6468.87500
6477.72500
6486.55000
6495.40000
6504.32500
6517.92500
6698.27500
6710.20000
6723.97500
6733.05000
6741.82500
6750.50000
6759.15000
6767.82500
6776.50000
6785.25000
6794.02500
6802.87500
6817.45000
7000.25000
7014.62500
7023.82500
7033.27500
7042.17500
7050.90000
7059.60000
7068.30000
7077.00000
7085.75000
7094.55000
7103.40000
7117.65000
7289.37500
7303.60000
7318.37500
7332.80000
7341.95000
7350.80000
7359.55000
7368.27500
7377.00000
7385.77500
7394.57500
7403.45000
7417.67500
7585.95000
7600.52500
7616.50000
7625.60000
7635.10000
7643.95000
7652.67500
7661.35000
7670.02500
7678.72500
7687.47500
7696.27500
7705.12500
7718.15000
7886.32500
7901.75000
7916.67500
7925.75000
7935.25000
7944.10000
7952.80000
7961.47500
7970.15000
7978.87500
7987.62500
7996.40000
8005.27500
8018.20000
8185.57500
8198.72500
8207.80000
8217.42500
8226.25000
8235.10000
8243.77500
8252.40000
8261.00000
8269.62500
8278.30000
8287.00000
8295.77500
8304.60000
8318.00000
8487.95000
8501.85000
8516.75000
8525.72500
8535.37500
8544.22500
8552.90000
8561.57500
8570.22500
8578.92500
8587.67500
8596.47500
8605.32500
8618.22500
8773.70000
8788.97500
8803.07500
8816.90000
8826.10000
8835.07500
8843.87500
8852.55000
8861.20000
8869.87500
8878.55000
8887.30000
8896.07500
8904.92500
8918.10000
9076.05000
9088.82500
9101.72500
9116.87500
9125.95000
9134.65000
9143.27500
9151.87500
9160.47500
9169.10000
9177.75000
9186.47500
9195.22500
9204.07500
9217.85000
9376.90000
9393.65000
9404.42500
9417.30000
9426.32500
9435.02500
9443.65000
9452.25000
9460.85000
9469.47500
9478.15000
9486.85000
9495.62500
9504.45000
9517.97500
9676.97500
9688.70000
9701.57500
9710.75000
9720.07500
9728.87500
9737.50000
9746.10000
9754.65000
9763.25000
9771.87500
9780.52500
9789.25000
9798.02500
9806.87500
9818.80000
9972.47500
9987.37500
10001.85000
10011.02500
10020.17500
10028.92500
10037.52500
10046.07500
10054.62500
10063.20000
10071.82500
10080.47500
10089.17500
10097.95000
10106.80000
10118.77500
10270.65000
10286.25000
10297.55000
10306.47500
10315.12500
10323.65000
10332.10000
10340.55000
10349.02500
10357.52500
10366.07500
10374.67500
10383.32500
10392.02500
10400.82500
10414.72500
10570.05000
10585.45000
10600.45000
10609.27500
10618.57500
10627.15000
10635.62500
10644.10000
10652.60000
10661.12500
10669.70000
10678.32500
10687.02500
10695.77500
10704.60000
10718.02500
10887.22500
10902.90000
10912.17500
10921.90000
10930.82500
10939.52500
10948.15000
10956.77500
10965.40000
10974.05000
10982.75000
10991.50000
11000.30000
11017.20000
11178.00000
11189.52500
11202.55000
11211.67500
11220.85000
11229.55000
11238.15000
11246.70000
11255.25000
11263.82500
11272.42500
11281.07500
11289.80000
11298.57500
11307.42500
11319.17500
11471.87500
11486.20000
11496.10000
11505.45000
11515.02500
11523.67500
11532.20000
11540.70000
11549.17500
11557.70000
11566.25000
11574.85000
11583.52500
11592.25000
11601.02500
11614.70000
11771.70000
11787.65000
11802.62500
11811.62500
11820.25000
11828.80000
11837.27500
11845.77500
11854.27500
11862.82500
11871.40000
11880.05000
11888.75000
11897.52500
11906.35000
11918.62500
12071.40000
12087.37500
12096.35000
12105.42500
12114.07500
12122.55000
12131.00000
12139.42500
12147.90000
12156.37500
12164.92500
12173.50000
12182.15000
12190.85000
12199.62500
12208.45000
12233.17500
12363.85000
12379.27500
12389.10000
12398.62500
12407.55000
12416.17500
12424.67500
12433.12500
12441.57500
12450.02500
12458.52500
12467.07500
12475.67500
12484.32500
12493.02500
12501.82500
12514.97500
12663.62500
12674.80000
12688.02500
12697.07500
12705.87500
12714.47500
12722.95000
12731.37500
12739.80000
12748.25000
12756.72500
12765.25000
12773.82500
12782.45000
12791.15000
12799.92500
12808.77500
12833.15000
12968.00000
12979.17500
12993.62500
13002.40000
13010.87500
13019.27500
13027.65000
13036.02500
13044.45000
13052.90000
13061.40000
13069.95000
13078.55000
13087.22500
13095.95000
13104.75000
13118.07500
13261.20000
13272.40000
13284.12500
13293.00000
13301.97500
13310.50000
13318.92500
13327.30000
13335.70000
13344.10000
13352.55000
13361.02500
13369.55000
13378.15000
13386.82500
13395.55000
13404.35000
13417.97500
13560.92500
13573.30000
13583.75000
13592.65000
13601.22500
13609.67500
13618.05000
13626.42500
13634.77500
13643.17500
13651.60000
13660.07500
13668.60000
13677.17500
13685.82500
13694.55000
13703.32500
13717.62500
13861.30000
13873.70000
13887.87500
13896.87500
13906.45000
13915.12500
13923.62500
13932.07500
13940.52500
13948.97500
13957.45000
13966.00000
13974.57500
13983.22500
13991.92500
14000.70000
14014.77500
14170.60000
14185.27500
14194.87500
14204.27500
14212.87500
14221.32500
14229.75000
14238.17500
14246.60000
14255.07500
14263.60000
14272.17500
14280.80000
14289.50000
14298.25000
14307.07500
14318.92500
14468.85000
14480.17500
14489.60000
14498.57500
14507.22500
14515.72500
14524.15000
14532.55000
14540.97500
14549.42500
14557.90000
14566.42500
14575.00000
14583.65000
14592.35000
14601.12500
14614.75000
14762.17500
14774.75000
14786.60000
14795.67500
14804.67500
14813.27500
14821.75000
14830.17500
14838.60000
14847.05000
14855.52500
14864.02500
14872.60000
14881.22500
14889.90000
14898.67500
14907.50000
14919.17500

