$ Stimulation Interval(ms): 300
$ Delay(ms): 204.892214
$ Number of data : 529
$ TSTOP : 15000
$ PN stimulation current max : 28000
$ LN stimulation current max : 13500
209.60000
222.42500
235.20000
248.07500
261.15000
274.35000
287.70000
301.22500
314.90000
328.75000
342.77500
357.00000
371.37500
385.97500
400.85000
416.05000
431.45000
447.37500
463.72500
512.32500
525.17500
538.05000
551.02500
564.20000
577.52500
591.00000
604.62500
618.42500
632.40000
646.55000
660.90000
675.42500
690.25000
705.42500
720.85000
736.77500
753.15000
812.40000
825.27500
838.17500
851.17500
864.40000
877.80000
891.32500
905.02500
918.92500
932.97500
947.25000
961.67500
976.32500
991.27500
1006.55000
1022.10000
1038.25000
1055.42500
1112.40000
1125.25000
1138.15000
1151.20000
1164.47500
1177.90000
1191.50000
1205.27500
1219.22500
1233.37500
1247.70000
1262.22500
1277.00000
1292.10000
1307.67500
1323.55000
1340.00000
1412.45000
1425.37500
1438.32500
1451.40000
1464.72500
1478.20000
1491.82500
1505.65000
1519.65000
1533.85000
1548.25000
1562.85000
1577.70000
1592.92500
1608.40000
1624.42500
1641.07500
1712.42500
1725.35000
1738.32500
1751.45000
1764.80000
1778.32500
1792.02500
1805.90000
1819.95000
1834.22500
1848.67500
1863.35000
1878.32500
1893.70000
1909.35000
1925.70000
2012.42500
2025.37500
2038.37500
2051.55000
2064.95000
2078.50000
2092.25000
2106.15000
2120.27500
2134.60000
2149.12500
2163.87500
2178.95000
2194.47500
2210.30000
2227.32500
2312.50000
2325.47500
2338.50000
2351.70000
2365.12500
2378.70000
2392.47500
2406.45000
2420.62500
2435.00000
2449.60000
2464.40000
2479.57500
2495.05000
2511.10000
2528.35000
2612.52500
2625.52500
2638.57500
2651.80000
2665.25000
2678.90000
2692.70000
2706.72500
2720.92500
2735.37500
2750.02500
2764.92500
2780.17500
2795.72500
2812.07500
2912.55000
2925.57500
2938.65000
2951.90000
2965.40000
2979.05000
2992.90000
3006.95000
3021.22500
3035.72500
3050.42500
3065.40000
3080.75000
3096.80000
3114.42500
3212.52500
3225.55000
3238.67500
3251.95000
3265.47500
3279.17500
3293.07500
3307.15000
3321.47500
3336.02500
3350.77500
3365.85000
3381.32500
3397.25000
3512.57500
3525.62500
3538.77500
3552.07500
3565.62500
3579.35000
3593.27500
3607.40000
3621.75000
3636.35000
3651.17500
3666.32500
3681.92500
3698.05000
3812.57500
3825.65000
3838.82500
3852.12500
3865.70000
3879.47500
3893.42500
3907.60000
3922.00000
3936.65000
3951.50000
3966.70000
3982.45000
3998.82500
4112.55000
4125.65000
4138.82500
4152.17500
4165.77500
4179.57500
4193.57500
4207.77500
4222.22500
4236.92500
4251.85000
4267.15000
4283.10000
4300.25000
4412.57500
4425.67500
4438.87500
4452.25000
4465.87500
4479.70000
4493.75000
4508.00000
4522.47500
4537.25000
4552.22500
4567.60000
4583.37500
4712.60000
4725.72500
4738.95000
4752.32500
4766.00000
4779.85000
4793.90000
4808.17500
4822.72500
4837.52500
4852.57500
4868.02500
4883.95000
5012.60000
5025.75000
5039.00000
5052.40000
5066.07500
5079.97500
5094.05000
5108.37500
5122.95000
5137.82500
5152.90000
5168.47500
5184.55000
5312.60000
5325.77500
5339.05000
5352.47500
5366.17500
5380.07500
5394.20000
5408.57500
5423.17500
5438.10000
5453.27500
5468.95000
5485.30000
5502.30000
5612.62500
5625.82500
5639.10000
5652.55000
5666.27500
5680.22500
5694.37500
5708.77500
5723.42500
5738.40000
5753.65000
5769.52500
5786.77500
5912.65000
5925.85000
5939.15000
5952.62500
5966.37500
5980.35000
5994.52500
6008.95000
6023.67500
6038.70000
6054.02500
6070.10000
6213.30000
6227.07500
6240.95000
6255.05000
6269.52500
6284.32500
6299.32500
6314.77500
6331.42500
6513.20000
6526.97500
6540.90000
6554.97500
6569.50000
6584.32500
6599.35000
6614.82500
6813.20000
6827.00000
6840.92500
6855.02500
6869.57500
6884.42500
6899.47500
6915.02500
6931.32500
7113.20000
7127.02500
7140.97500
7155.10000
7169.65000
7184.52500
7199.62500
7215.22500
7231.72500
7413.22500
7427.05000
7441.00000
7455.15000
7469.72500
7484.62500
7499.77500
7515.45000
7532.30000
7713.22500
7727.07500
7741.05000
7755.20000
7769.80000
7784.75000
7799.92500
7815.70000
8013.25000
8027.10000
8041.07500
8055.25000
8069.87500
8084.85000
8100.05000
8115.90000
8313.25000
8327.12500
8341.12500
8355.30000
8369.95000
8384.95000
8400.17500
8416.12500
8613.25000
8627.15000
8641.15000
8655.35000
8670.02500
8685.02500
8700.32500
8716.35000
8913.27500
8927.17500
8941.17500
8955.40000
8970.10000
8985.12500
9000.45000
9016.62500
9213.27500
9227.17500
9241.22500
9255.45000
9270.15000
9285.22500
9300.60000
9317.07500
9513.27500
9527.20000
9541.25000
9555.50000
9570.22500
9585.32500
9600.75000
9617.15000
9813.30000
9827.22500
9841.27500
9855.55000
9870.30000
9885.42500
9900.90000
9917.67500
10113.30000
10127.25000
10141.32500
10155.60000
10170.37500
10185.52500
10201.05000
10413.30000
10427.27500
10441.35000
10455.62500
10470.42500
10485.62500
10501.17500
10713.30000
10727.27500
10741.37500
10755.67500
10770.47500
10785.70000
10801.32500
10817.80000
11013.32500
11027.30000
11041.40000
11055.72500
11070.55000
11085.82500
11101.50000
11118.35000
11313.32500
11327.32500
11341.42500
11355.77500
11370.62500
11385.92500
11401.67500
11613.32500
11627.35000
11641.45000
11655.80000
11670.67500
11686.02500
11701.87500
11913.32500
11927.35000
11941.50000
11955.85000
11970.75000
11985.97500
12001.57500
12213.35000
12227.37500
12241.52500
12255.87500
12270.80000
12286.05000
12301.72500
12513.35000
12527.37500
12541.55000
12555.92500
12570.85000
12586.15000
12601.85000
12813.35000
12827.40000
12841.57500
12855.95000
12870.92500
12886.25000
12902.02500
13113.35000
13127.42500
13141.60000
13156.00000
13170.97500
13186.32500
13202.15000
13413.37500
13427.42500
13441.62500
13456.02500
13471.02500
13486.40000
13502.30000
13713.37500
13727.45000
13741.65000
13756.07500
13771.10000
13786.47500
13802.42500
14013.37500
14027.47500
14041.67500
14056.10000
14071.15000
14086.35000
14102.32500
14313.37500
14327.47500
14341.70000
14356.15000
14371.22500
14386.45000
14402.47500
14613.40000
14627.50000
14641.72500
14656.17500
14671.27500
14686.52500
14702.67500
14913.40000
14927.50000
14941.75000
14956.22500
14971.32500
14986.62500

