$ Stimulation Interval(ms): 300
$ Delay(ms): 31.724716
$ Number of data : 563
$ TSTOP : 15000
$ PN stimulation current max : 28000
$ LN stimulation current max : 13500
37.62500
47.42500
56.12500
64.27500
72.10000
79.70000
87.22500
94.67500
102.12500
109.55000
116.97500
124.45000
131.92500
139.45000
147.00000
154.57500
162.22500
169.90000
177.65000
185.42500
193.27500
201.17500
209.12500
222.20000
2001.97500
2295.20000
2309.95000
2603.87500
2625.22500
2881.45000
2897.10000
2910.62500
3182.02500
3197.07500
3211.15000
3226.00000
3450.65000
3466.52500
3482.77500
3494.67500
3503.65000
3517.55000
3767.17500
3784.30000
3798.35000
3808.27500
3821.47500
4067.82500
4081.62500
4090.25000
4099.35000
4107.87500
4118.35000
4351.72500
4367.40000
4377.37500
4386.37500
4395.42500
4403.95000
4412.30000
4425.52500
4637.40000
4652.82500
4669.57500
4681.42500
4690.10000
4699.60000
4708.07500
4718.52500
4952.42500
4969.37500
4982.45000
4991.22500
5001.35000
5009.75000
5025.32500
5238.10000
5254.47500
5266.30000
5274.95000
5285.15000
5293.60000
5301.85000
5310.07500
5325.30000
5530.57500
5544.52500
5555.55000
5564.77500
5573.85000
5586.80000
5595.25000
5603.50000
5611.70000
5625.37500
5838.20000
5853.67500
5867.00000
5875.42500
5885.25000
5893.55000
5901.75000
5909.90000
5925.40000
6155.10000
6169.37500
6178.95000
6188.12500
6197.17500
6206.17500
6219.05000
6403.07500
6415.80000
6431.00000
6440.07500
6449.42500
6458.17500
6466.82500
6475.47500
6484.12500
6492.82500
6501.55000
6510.35000
6698.80000
6710.37500
6724.90000
6733.97500
6742.70000
6751.30000
6759.87500
6768.45000
6777.02500
6785.65000
6794.32500
6803.02500
6811.82500
6999.35000
7013.45000
7022.60000
7032.32500
7041.12500
7049.75000
7058.30000
7066.87500
7075.45000
7084.05000
7092.70000
7101.40000
7110.17500
7302.80000
7318.27500
7328.12500
7337.42500
7346.25000
7354.90000
7363.52500
7372.12500
7380.75000
7389.42500
7398.12500
7406.87500
7419.00000
7592.50000
7607.45000
7617.87500
7626.82500
7635.75000
7644.40000
7652.95000
7661.50000
7670.02500
7678.60000
7687.22500
7695.87500
7704.60000
7713.40000
7886.42500
7901.37500
7915.80000
7924.70000
7934.05000
7942.65000
7951.17500
7959.67500
7968.20000
7976.75000
7985.32500
7993.97500
8002.67500
8011.45000
8186.42500
8198.32500
8207.52500
8216.70000
8225.42500
8233.97500
8242.45000
8250.90000
8259.35000
8267.85000
8276.35000
8284.92500
8293.55000
8302.22500
8310.97500
8487.35000
8502.32500
8516.00000
8524.97500
8534.07500
8542.70000
8551.25000
8559.75000
8568.30000
8576.85000
8585.45000
8594.07500
8602.80000
8611.55000
8785.35000
8801.52500
8815.40000
8824.27500
8833.37500
8842.00000
8850.50000
8859.00000
8867.52500
8876.05000
8884.65000
8893.27500
8901.97500
8910.72500
9085.92500
9101.07500
9116.67500
9125.62500
9134.22500
9142.72500
9151.22500
9159.70000
9168.20000
9176.75000
9185.32500
9193.97500
9202.67500
9211.42500
9375.32500
9387.17500
9401.55000
9410.80000
9420.12500
9428.87500
9437.42500
9445.90000
9454.35000
9462.82500
9471.32500
9479.85000
9488.45000
9497.10000
9505.80000
9518.60000
9677.57500
9689.47500
9701.55000
9710.62500
9719.80000
9728.50000
9737.02500
9745.47500
9753.92500
9762.37500
9770.87500
9779.40000
9787.97500
9796.62500
9805.32500
9818.57500
9976.25000
9988.35000
10001.35000
10010.42500
10019.25000
10027.82500
10036.27500
10044.70000
10053.12500
10061.57500
10070.05000
10078.55000
10087.12500
10095.75000
10104.45000
10113.20000
10285.97500
10298.05000
10307.17500
10315.85000
10324.35000
10332.77500
10341.17500
10349.57500
10358.00000
10366.45000
10374.95000
10383.47500
10392.07500
10400.75000
10409.47500
10570.47500
10585.02500
10598.77500
10607.65000
10616.20000
10624.62500
10632.97500
10641.32500
10649.70000
10658.10000
10666.52500
10675.00000
10683.52500
10692.12500
10700.77500
10709.50000
10877.15000
10888.82500
10902.25000
10911.35000
10920.77500
10929.47500
10938.00000
10946.47500
10954.92500
10963.37500
10971.87500
10980.42500
10989.02500
10997.65000
11006.37500
11018.75000
11172.87500
11187.55000
11201.80000
11210.72500
11219.87500
11228.40000
11236.85000
11245.25000
11253.65000
11262.07500
11270.55000
11279.07500
11287.62500
11296.27500
11304.95000
11314.00000
11471.77500
11486.27500
11495.50000
11504.77500
11513.45000
11521.90000
11530.27500
11538.65000
11547.00000
11555.37500
11563.80000
11572.25000
11580.77500
11589.32500
11597.97500
11606.67500
11618.82500
11771.90000
11785.60000
11794.72500
11804.37500
11813.10000
11821.57500
11829.95000
11838.32500
11846.67500
11855.05000
11863.47500
11871.92500
11880.42500
11889.00000
11897.62500
11906.32500
11918.72500
12071.45000
12086.92500
12095.95000
12104.92500
12113.45000
12121.82500
12130.17500
12138.50000
12146.82500
12155.20000
12163.60000
12172.05000
12180.55000
12189.10000
12197.75000
12206.42500
12218.75000
12371.00000
12383.22500
12396.47500
12405.90000
12414.57500
12423.05000
12431.45000
12439.82500
12448.20000
12456.60000
12465.02500
12473.47500
12482.00000
12490.60000
12499.22500
12507.95000
12521.27500
12672.30000
12687.00000
12696.07500
12704.70000
12713.15000
12721.50000
12729.82500
12738.12500
12746.45000
12754.80000
12763.20000
12771.65000
12780.15000
12788.70000
12797.32500
12806.02500
12818.67500
12970.05000
12981.55000
12994.85000
13003.72500
13012.25000
13020.62500
13028.97500
13037.30000
13045.62500
13054.00000
13062.37500
13070.82500
13079.32500
13087.87500
13096.50000
13105.17500
13118.75000
13271.82500
13284.55000
13294.40000
13303.22500
13311.80000
13320.20000
13328.52500
13336.85000
13345.20000
13353.55000
13361.95000
13370.37500
13378.87500
13387.42500
13396.05000
13404.72500
13413.50000
13570.70000
13583.15000
13594.27500
13602.95000
13611.35000
13619.70000
13627.97500
13636.27500
13644.57500
13652.92500
13661.30000
13669.72500
13678.22500
13686.75000
13695.37500
13704.05000
13712.77500
13871.02500
13886.40000
13895.40000
13904.87500
13913.37500
13921.75000
13930.07500
13938.37500
13946.70000
13955.05000
13963.45000
13971.90000
13980.40000
13988.97500
13997.60000
14006.30000
14018.75000
14170.65000
14185.20000
14194.72500
14204.07500
14212.55000
14220.92500
14229.22500
14237.52500
14245.85000
14254.20000
14262.60000
14271.02500
14279.52500
14288.07500
14296.70000
14305.37500
14318.67500
14462.50000
14477.07500
14487.52500
14496.82500
14505.42500
14513.82500
14522.12500
14530.42500
14538.72500
14547.02500
14555.37500
14563.77500
14572.20000
14580.70000
14589.25000
14597.87500
14606.55000
14618.82500
14772.62500
14786.55000
14795.57500
14804.52500
14813.02500
14821.40000
14829.72500
14838.05000
14846.37500
14854.75000
14863.15000
14871.60000
14880.10000
14888.65000
14897.27500
14905.97500
14918.70000

