$ Stimulation Interval(ms): 300
$ Delay(ms): 204.926443
$ Number of data : 415
$ TSTOP : 15000
$ PN stimulation current max : 28000
$ LN stimulation current max : 13500
209.60000
222.40000
235.12500
248.02500
261.12500
274.37500
287.80000
301.45000
315.32500
329.47500
343.90000
358.65000
373.85000
389.80000
406.25000
422.15000
438.27500
455.22500
512.37500
525.27500
538.15000
551.17500
564.42500
577.87500
591.55000
605.45000
619.55000
633.92500
648.60000
663.80000
679.90000
695.65000
711.42500
727.40000
744.05000
812.50000
825.32500
838.17500
851.22500
864.50000
877.97500
891.62500
905.50000
919.62500
934.05000
948.85000
964.35000
1112.40000
1125.22500
1138.07500
1151.12500
1164.45000
1177.92500
1191.62500
1205.60000
1219.82500
1234.40000
1249.40000
1264.95000
1412.40000
1425.25000
1438.12500
1451.22500
1464.55000
1478.07500
1491.82500
1505.82500
1520.10000
1534.72500
1549.75000
1565.57500
1712.37500
1725.27500
1738.17500
1751.30000
1764.67500
1778.22500
1792.02500
1806.07500
1820.42500
1835.10000
1850.20000
1866.27500
2012.42500
2025.32500
2038.25000
2051.40000
2064.80000
2078.40000
2092.22500
2106.32500
2120.72500
2135.47500
2150.67500
2312.40000
2325.25000
2338.20000
2351.37500
2364.80000
2378.42500
2392.30000
2406.42500
2420.85000
2435.65000
2450.92500
2612.42500
2625.30000
2638.27500
2651.47500
2664.92500
2678.57500
2692.47500
2706.65000
2721.15000
2736.00000
2751.37500
2912.45000
2925.35000
2938.32500
2951.55000
2965.05000
2978.75000
2992.67500
3006.90000
3021.42500
3036.35000
3051.85000
3212.47500
3225.40000
3238.40000
3251.65000
3265.17500
3278.90000
3292.87500
3307.15000
3321.75000
3336.72500
3352.40000
3512.50000
3525.45000
3538.45000
3551.72500
3565.27500
3579.02500
3593.05000
3607.35000
3622.00000
3637.07500
3652.92500
3812.50000
3825.47500
3838.50000
3851.80000
3865.37500
3879.17500
3893.22500
3907.57500
3922.27500
3937.40000
3953.47500
4112.47500
4125.45000
4138.50000
4151.82500
4165.42500
4179.22500
4193.30000
4207.70000
4222.45000
4237.65000
4253.95000
4412.50000
4425.47500
4438.55000
4451.87500
4465.52500
4479.35000
4493.47500
4507.90000
4522.72500
4538.02500
4712.50000
4725.52500
4738.60000
4751.95000
4765.62500
4779.50000
4793.65000
4808.12500
4822.97500
4838.32500
5012.52500
5025.52500
5038.62500
5052.02500
5065.70000
5079.60000
5093.77500
5108.30000
5123.20000
5138.65000
5312.52500
5325.55000
5338.67500
5352.07500
5365.77500
5379.72500
5393.92500
5408.50000
5423.45000
5439.00000
5612.55000
5625.57500
5638.72500
5652.15000
5665.87500
5679.82500
5694.07500
5708.67500
5723.70000
5739.35000
5912.55000
5925.62500
5938.75000
5952.20000
5965.95000
5979.95000
5994.22500
6008.87500
6023.95000
6039.70000
6213.17500
6226.77500
6240.47500
6254.70000
6269.42500
6284.57500
6300.32500
6513.07500
6526.67500
6540.40000
6554.65000
6569.40000
6584.57500
6600.35000
6813.07500
6826.70000
6840.42500
6854.70000
6869.47500
6884.70000
6900.57500
7113.10000
7126.72500
7140.47500
7154.75000
7169.55000
7184.82500
7200.75000
7413.10000
7426.75000
7440.50000
7454.80000
7469.65000
7484.95000
7500.90000
7713.10000
7726.77500
7740.52500
7754.85000
7769.72500
7785.07500
7801.05000
8013.12500
8026.77500
8040.55000
8054.90000
8069.80000
8085.17500
8101.10000
8313.12500
8326.80000
8340.60000
8354.95000
8369.87500
8385.32500
8401.37500
8613.12500
8626.82500
8640.62500
8655.00000
8669.95000
8685.45000
8701.62500
8913.15000
8926.85000
8940.65000
8955.05000
8970.02500
8985.57500
9001.97500
9213.15000
9226.85000
9240.67500
9255.10000
9270.12500
9285.72500
9302.55000
9513.15000
9526.87500
9540.72500
9555.15000
9570.20000
9585.87500
9813.15000
9826.90000
9840.75000
9855.17500
9870.27500
9886.00000
10113.17500
10126.90000
10140.77500
10155.22500
10170.32500
10186.12500
10413.17500
10426.92500
10440.80000
10455.27500
10470.40000
10486.27500
10713.17500
10726.92500
10740.82500
10755.30000
10770.47500
10786.45000
11013.17500
11026.95000
11040.85000
11055.35000
11070.52500
11086.60000
11313.20000
11326.97500
11340.87500
11355.37500
11370.60000
11386.77500
11613.20000
11626.97500
11640.90000
11655.42500
11670.67500
11687.12500
11913.20000
11927.00000
11940.92500
11955.45000
11970.75000
11986.77500
12213.20000
12227.00000
12240.95000
12255.50000
12270.82500
12286.97500
12513.22500
12527.02500
12540.95000
12555.52500
12570.90000
12587.22500
12813.22500
12827.05000
12840.97500
12855.57500
12870.97500
12887.65000
13113.22500
13127.05000
13141.00000
13155.60000
13171.02500
13413.22500
13427.07500
13441.02500
13455.65000
13471.10000
13713.22500
13727.07500
13741.05000
13755.67500
13771.15000
14013.25000
14027.07500
14041.07500
14055.70000
14071.22500
14313.25000
14327.10000
14341.07500
14355.72500
14371.27500
14613.25000
14627.10000
14641.10000
14655.75000
14671.32500
14913.25000
14927.12500
14941.12500
14955.77500
14971.40000

