$ Stimulation Interval(ms): 300
$ Delay(ms): 32.660291
$ Number of data : 736
$ TSTOP : 15000
$ PN stimulation current max : 28000
$ LN stimulation current max : 13500
38.55000
48.35000
57.05000
65.20000
73.02500
80.62500
88.15000
95.60000
103.05000
110.47500
117.90000
125.37500
132.85000
140.37500
147.92500
155.52500
163.15000
170.85000
178.57500
186.35000
194.20000
202.10000
215.05000
232.07500
485.17500
501.07500
774.00000
790.42500
806.90000
1073.07500
1089.62500
1104.75000
1123.47500
1350.42500
1366.17500
1378.00000
1392.87500
1408.12500
1435.82500
1661.12500
1676.05000
1692.20000
1707.42500
1735.35000
1946.37500
1962.27500
1977.02500
1992.17500
2000.97500
2011.57500
2035.37500
2238.40000
2252.82500
2264.37500
2278.60000
2294.62500
2310.62500
2323.42500
2337.50000
2506.72500
2532.80000
2547.32500
2561.02500
2571.22500
2580.47500
2593.40000
2601.85000
2622.05000
2636.05000
2807.40000
2832.45000
2849.00000
2864.55000
2880.95000
2895.92500
2905.20000
2922.65000
2936.60000
3108.37500
3132.65000
3148.50000
3163.52500
3173.90000
3183.10000
3194.25000
3202.92500
3222.10000
3236.12500
3394.02500
3418.80000
3434.00000
3448.80000
3465.00000
3481.55000
3494.87500
3503.37500
3522.27500
3536.27500
3694.70000
3718.42500
3733.70000
3748.27500
3759.52500
3768.37500
3780.85000
3789.17500
3799.07500
3807.47500
3822.42500
3836.27500
3995.32500
4018.35000
4032.32500
4042.15000
4051.20000
4064.20000
4072.50000
4082.62500
4090.92500
4099.37500
4107.65000
4122.32500
4136.17500
4304.65000
4320.10000
4335.10000
4351.02500
4367.57500
4376.57500
4385.75000
4394.52500
4402.82500
4422.10000
4436.02500
4594.92500
4607.55000
4620.65000
4635.67500
4650.75000
4659.17500
4669.82500
4681.82500
4690.20000
4700.12500
4708.55000
4722.52500
4736.32500
4904.50000
4920.42500
4935.30000
4951.05000
4959.35000
4969.02500
4977.35000
4986.07500
4994.32500
5002.97500
5018.35000
5035.55000
5204.55000
5221.15000
5235.55000
5245.82500
5254.75000
5265.62500
5273.87500
5283.50000
5291.82500
5299.95000
5308.07500
5322.37500
5336.22500
5506.95000
5522.57500
5536.12500
5546.95000
5556.00000
5564.67500
5573.32500
5581.57500
5590.00000
5598.25000
5606.40000
5622.20000
5636.17500
5797.15000
5807.37500
5820.72500
5836.35000
5844.70000
5854.20000
5862.45000
5870.90000
5879.12500
5887.82500
5896.12500
5904.32500
5918.22500
5935.60000
6106.77500
6121.82500
6137.12500
6153.05000
6167.55000
6176.52500
6185.30000
6194.05000
6202.85000
6223.82500
6373.75000
6389.80000
6401.47500
6415.30000
6431.35000
6440.35000
6449.75000
6458.55000
6467.20000
6475.82500
6484.47500
6493.15000
6501.87500
6510.65000
6524.70000
6674.02500
6686.05000
6698.95000
6709.07500
6717.90000
6726.55000
6735.10000
6743.55000
6751.97500
6760.42500
6768.90000
6777.40000
6785.95000
6794.57500
6803.25000
6823.62500
6974.40000
6986.32500
6999.40000
7013.75000
7022.52500
7032.50000
7041.27500
7049.82500
7058.35000
7066.85000
7075.40000
7083.97500
7092.57500
7101.27500
7110.00000
7124.45000
7274.85000
7286.85000
7301.15000
7317.05000
7330.40000
7339.15000
7347.70000
7356.20000
7364.70000
7373.22500
7381.80000
7390.40000
7399.07500
7407.80000
7424.10000
7569.52500
7583.65000
7596.65000
7606.97500
7616.15000
7624.72500
7633.17500
7641.55000
7649.95000
7658.35000
7666.77500
7675.25000
7683.80000
7692.37500
7701.05000
7709.75000
7724.40000
7867.70000
7883.02500
7891.95000
7901.42500
7915.05000
7923.65000
7932.72500
7941.17500
7949.57500
7958.00000
7966.42500
7974.90000
7983.45000
7992.02500
8000.70000
8009.40000
8024.32500
8159.37500
8173.62500
8185.47500
8198.07500
8206.90000
8216.42500
8225.10000
8233.95000
8242.45000
8250.90000
8259.32500
8267.80000
8276.27500
8284.82500
8293.42500
8302.10000
8310.82500
8324.70000
8470.07500
8486.27500
8500.77500
8509.72500
8519.17500
8527.97500
8536.70000
8545.20000
8553.67500
8562.12500
8570.62500
8579.15000
8587.72500
8596.35000
8605.05000
8623.77500
8771.00000
8785.97500
8800.50000
8815.95000
8824.70000
8833.62500
8842.15000
8850.60000
8859.07500
8867.55000
8876.05000
8884.62500
8893.22500
8901.90000
8910.65000
8924.67500
9071.50000
9085.40000
9099.92500
9108.72500
9118.70000
9127.45000
9135.97500
9144.40000
9152.82500
9161.27500
9169.75000
9178.25000
9186.82500
9195.45000
9204.12500
9223.72500
9239.60000
9360.35000
9373.75000
9385.77500
9399.82500
9408.55000
9417.77500
9426.30000
9434.70000
9443.05000
9451.42500
9459.80000
9468.25000
9476.72500
9485.25000
9493.85000
9502.50000
9511.65000
9524.92500
9660.60000
9674.60000
9685.45000
9698.75000
9707.42500
9716.50000
9724.92500
9733.25000
9741.57500
9749.90000
9758.27500
9766.70000
9775.15000
9783.67500
9792.25000
9800.87500
9809.60000
9824.40000
9958.37500
9970.65000
9984.35000
9993.60000
10003.05000
10013.57500
10022.05000
10030.40000
10038.72500
10047.05000
10055.40000
10063.80000
10072.22500
10080.72500
10089.27500
10097.90000
10106.57500
10123.92500
10256.50000
10270.47500
10284.95000
10293.80000
10302.57500
10311.07500
10319.52500
10327.90000
10336.22500
10344.55000
10352.90000
10361.27500
10369.70000
10378.17500
10386.70000
10395.30000
10403.95000
10423.72500
10439.35000
10558.02500
10570.17500
10584.30000
10593.15000
10602.37500
10610.95000
10619.42500
10627.82500
10636.17500
10644.50000
10652.85000
10661.22500
10669.65000
10678.12500
10686.67500
10695.25000
10703.92500
10723.72500
10739.35000
10860.75000
10873.20000
10885.47500
10899.80000
10908.47500
10917.57500
10926.00000
10934.35000
10942.67500
10951.00000
10959.40000
10967.80000
10976.27500
10984.80000
10993.40000
11002.05000
11010.75000
11024.70000
11170.92500
11187.20000
11202.10000
11211.00000
11220.25000
11228.85000
11237.27500
11245.70000
11254.10000
11262.52500
11271.00000
11279.52500
11288.10000
11296.72500
11305.40000
11323.85000
11339.57500
11457.12500
11470.60000
11483.60000
11493.92500
11502.77500
11513.00000
11521.37500
11529.67500
11537.95000
11546.25000
11554.57500
11562.95000
11571.37500
11579.85000
11588.37500
11597.00000
11605.67500
11623.87500
11639.50000
11753.40000
11767.80000
11778.05000
11787.17500
11797.10000
11805.70000
11814.02500
11822.27500
11830.50000
11838.75000
11847.02500
11855.32500
11863.70000
11872.10000
11880.57500
11889.12500
11897.72500
11906.40000
11923.92500
11939.57500
12054.62500
12070.37500
12079.35000
12088.77500
12098.82500
12107.25000
12115.52500
12123.75000
12131.97500
12140.22500
12148.50000
12156.82500
12165.20000
12173.62500
12182.10000
12190.65000
12199.27500
12207.95000
12224.15000
12356.30000
12369.77500
12379.37500
12388.00000
12396.92500
12405.27500
12413.52500
12421.72500
12429.92500
12438.15000
12446.42500
12454.72500
12463.07500
12471.47500
12479.95000
12488.47500
12497.07500
12505.75000
12523.87500
12539.45000
12646.47500
12659.87500
12670.42500
12679.17500
12688.17500
12696.57500
12704.82500
12713.00000
12721.17500
12729.35000
12737.55000
12745.77500
12754.07500
12762.40000
12770.80000
12779.25000
12787.77500
12796.35000
12805.00000
12823.82500
12839.40000
12955.70000
12969.72500
12979.75000
12988.55000
12997.37500
13005.85000
13014.15000
13022.42500
13030.65000
13038.92500
13047.20000
13055.52500
13063.87500
13072.30000
13080.77500
13089.32500
13097.92500
13106.60000
13123.97500
13139.60000
13255.15000
13270.35000
13284.15000
13292.82500
13302.10000
13310.55000
13318.85000
13327.10000
13335.35000
13343.62500
13351.95000
13360.30000
13368.70000
13377.15000
13385.67500
13394.25000
13402.90000
13423.75000
13439.30000
13544.90000
13556.97500
13569.20000
13578.02500
13586.50000
13594.82500
13603.02500
13611.17500
13619.32500
13627.50000
13635.67500
13643.90000
13652.17500
13660.50000
13668.87500
13677.30000
13685.80000
13694.37500
13703.00000
13723.75000
13739.30000
13846.10000
13858.05000
13869.92500
13878.80000
13887.52500
13895.97500
13904.22500
13912.42500
13920.60000
13928.80000
13937.00000
13945.22500
13953.52500
13961.85000
13970.25000
13978.70000
13987.20000
13995.77500
14004.42500
14023.80000
14039.35000
14157.97500
14171.10000
14184.22500
14192.92500
14201.85000
14210.22500
14218.47500
14226.72500
14234.97500
14243.22500
14251.52500
14259.87500
14268.27500
14276.72500
14285.22500
14293.80000
14302.45000
14311.25000
14324.87500
14456.92500
14471.10000
14486.22500
14495.75000
14504.27500
14512.62500
14520.92500
14529.17500
14537.45000
14545.72500
14554.05000
14562.42500
14570.82500
14579.30000
14587.85000
14596.45000
14605.12500
14623.87500
14639.45000
14756.80000
14772.15000
14786.65000
14795.55000
14804.57500
14813.07500
14821.42500
14829.72500
14838.02500
14846.35000
14854.67500
14863.05000
14871.50000
14879.97500
14888.52500
14897.12500
14905.80000
14923.92500
14939.52500

