$ Stimulation Interval(ms): 300
$ Delay(ms): 215.330667
$ Number of data : 448
$ TSTOP : 15000
$ PN stimulation current max : 28000
$ LN stimulation current max : 13500
220.10000
232.90000
245.75000
258.75000
271.87500
285.15000
298.60000
312.25000
326.07500
340.10000
354.35000
368.87500
383.67500
398.80000
414.15000
429.82500
445.82500
462.07500
479.40000
522.95000
535.75000
548.67500
561.77500
575.00000
588.42500
602.02500
615.82500
629.85000
644.15000
658.70000
673.50000
688.55000
703.75000
719.20000
735.00000
751.02500
767.85000
822.90000
835.70000
848.67500
861.82500
875.15000
888.62500
902.32500
916.20000
930.30000
944.62500
959.20000
974.05000
989.17500
1004.62500
1020.45000
1037.17500
1122.90000
1135.70000
1148.72500
1161.90000
1175.25000
1188.80000
1202.52500
1216.45000
1230.60000
1245.02500
1259.72500
1274.77500
1290.20000
1305.92500
1321.97500
1338.30000
1355.47500
1422.92500
1435.77500
1448.82500
1462.05000
1475.45000
1489.02500
1502.82500
1516.82500
1531.05000
1545.57500
1560.40000
1575.60000
1591.15000
1606.90000
1623.22500
1639.95000
1722.95000
1735.82500
1748.90000
1762.17500
1775.60000
1789.25000
1803.10000
1817.15000
1831.47500
1846.10000
1861.05000
1876.42500
1892.15000
1908.00000
1924.50000
1943.25000
2022.97500
2035.87500
2049.00000
2062.30000
2075.77500
2089.47500
2103.37500
2117.50000
2131.90000
2146.62500
2161.72500
2177.25000
2193.02500
2209.00000
2225.92500
2322.97500
2335.90000
2349.02500
2362.37500
2375.90000
2389.62500
2403.57500
2417.75000
2432.22500
2447.02500
2462.22500
2477.90000
2493.62500
2509.62500
2526.05000
2542.75000
2623.00000
2635.95000
2649.12500
2662.50000
2676.07500
2689.85000
2703.85000
2718.10000
2732.62500
2747.52500
2762.87500
2778.70000
2794.50000
2810.67500
2923.00000
2935.97500
2949.17500
2962.57500
2976.17500
2990.00000
3004.05000
3018.35000
3032.97500
3047.95000
3063.42500
3079.42500
3095.50000
3111.92500
3223.02500
3236.02500
3249.25000
3262.67500
3276.30000
3290.17500
3304.25000
3318.62500
3333.30000
3348.40000
3364.05000
3380.20000
3396.02500
3412.90000
3523.05000
3536.07500
3549.32500
3562.77500
3576.45000
3590.32500
3604.47500
3618.90000
3633.65000
3648.85000
3664.65000
3680.95000
3696.87500
3823.05000
3836.10000
3849.37500
3862.85000
3876.55000
3890.47500
3904.67500
3919.15000
3933.97500
3949.27500
3965.30000
3981.70000
3997.77500
4015.02500
4123.07500
4136.12500
4149.45000
4162.95000
4176.67500
4190.65000
4204.87500
4219.42500
4234.32500
4249.75000
4266.00000
4282.42500
4298.70000
4423.10000
4436.17500
4449.50000
4463.02500
4476.80000
4490.80000
4505.07500
4519.67500
4534.65000
4550.20000
4566.50000
4582.37500
4598.97500
4723.10000
4736.20000
4749.55000
4763.10000
4776.90000
4790.95000
4805.27500
4819.92500
4835.00000
4850.70000
4867.17500
4883.10000
5023.12500
5036.22500
5049.60000
5063.17500
5077.00000
5091.10000
5105.45000
5120.17500
5135.32500
5151.20000
5167.85000
5183.82500
5323.12500
5336.27500
5349.67500
5363.25000
5377.12500
5391.22500
5405.62500
5420.40000
5435.65000
5451.77500
5468.47500
5484.55000
5500.95000
5623.15000
5636.30000
5649.72500
5663.35000
5677.22500
5691.37500
5705.82500
5720.65000
5736.00000
5752.50000
5768.87500
5785.17500
5923.15000
5936.32500
5949.77500
5963.42500
5977.32500
5991.52500
6006.02500
6020.90000
6036.37500
6223.82500
6237.57500
6251.72500
6266.15000
6281.12500
6296.90000
6523.72500
6537.47500
6551.65000
6566.07500
6581.10000
6596.95000
6823.72500
6837.50000
6851.67500
6866.12500
6881.17500
6897.15000
7123.75000
7137.52500
7151.70000
7166.17500
7181.25000
7197.37500
7423.75000
7437.52500
7451.72500
7466.20000
7481.32500
7497.67500
7723.75000
7737.55000
7751.77500
7766.25000
7781.40000
7798.22500
7815.07500
7832.32500
8023.77500
8037.57500
8051.80000
8066.32500
8081.52500
8323.77500
8337.57500
8351.82500
8366.35000
8381.60000
8623.77500
8637.60000
8651.85000
8666.40000
8681.65000
8923.77500
8937.60000
8951.87500
8966.42500
8981.70000
9223.77500
9237.62500
9251.90000
9266.45000
9281.77500
9523.80000
9537.62500
9551.92500
9566.50000
9581.82500
9823.80000
9837.65000
9851.95000
9866.52500
9881.87500
10123.80000
10137.65000
10151.95000
10166.55000
10181.92500
10423.80000
10437.67500
10451.97500
10466.60000
10481.97500
10723.80000
10737.67500
10752.00000
10766.62500
10782.02500
11023.80000
11037.70000
11052.02500
11066.65000
11082.07500
11323.82500
11337.70000
11352.05000
11366.70000
11382.10000
11623.82500
11637.70000
11652.07500
11666.72500
11682.07500
11923.82500
11937.72500
11952.10000
11966.75000
11981.95000
11998.27500
12223.82500
12237.72500
12252.12500
12266.80000
12282.02500
12298.35000
12523.82500
12537.75000
12552.15000
12566.85000
12582.10000
12598.45000
12823.85000
12837.77500
12852.17500
12866.87500
12882.17500
12898.22500
13123.85000
13137.77500
13152.20000
13166.92500
13182.25000
13423.85000
13437.80000
13452.22500
13466.95000
13482.30000
13723.85000
13737.80000
13752.22500
13767.00000
13782.35000
14023.85000
14037.80000
14052.25000
14067.02500
14082.40000
14323.87500
14337.82500
14352.27500
14367.05000
14382.45000
14623.87500
14637.82500
14652.30000
14667.10000
14682.50000
14923.87500
14937.85000
14952.32500
14967.12500
14982.52500

