$ Stimulation Interval(ms): 300
$ Delay(ms): 18.462124
$ Number of data : 775
$ TSTOP : 15000
$ PN stimulation current max : 28000
$ LN stimulation current max : 13500
24.42500
34.27500
43.00000
51.15000
58.97500
66.57500
74.10000
81.57500
89.00000
96.42500
103.87500
111.32500
118.82500
126.32500
133.90000
141.47500
149.12500
156.80000
164.55000
172.32500
180.17500
188.07500
196.02500
204.02500
214.90000
484.90000
502.27500
773.65000
788.90000
805.62500
1044.62500
1075.97500
1092.85000
1108.92500
1360.40000
1374.55000
1388.90000
1399.30000
1408.92500
1605.55000
1631.27500
1662.60000
1677.30000
1693.17500
1703.17500
1735.95000
1915.75000
1946.70000
1962.37500
1975.30000
1986.87500
1996.70000
2007.32500
2035.62500
2216.70000
2238.27500
2253.22500
2264.82500
2277.52500
2286.90000
2296.45000
2305.10000
2317.80000
2491.92500
2517.47500
2533.82500
2549.07500
2560.72500
2570.47500
2582.05000
2590.62500
2600.52500
2617.45000
2792.57500
2818.30000
2832.70000
2848.70000
2861.65000
2870.97500
2880.37500
2888.77500
2897.70000
2906.12500
2935.52500
3087.45000
3104.02500
3119.80000
3134.47500
3148.92500
3164.82500
3173.72500
3183.52500
3192.22500
3200.87500
3209.30000
3235.45000
3387.95000
3404.02500
3418.90000
3434.10000
3444.50000
3454.57500
3465.02500
3473.27500
3482.42500
3490.62500
3499.77500
3508.07500
3526.35000
3688.42500
3704.65000
3719.52500
3734.57500
3745.62500
3755.65000
3766.60000
3775.00000
3784.37500
3792.75000
3801.37500
3809.72500
3835.37500
3974.52500
3989.87500
4004.87500
4019.87500
4030.17500
4041.85000
4052.67500
4063.30000
4072.27500
4082.17500
4090.47500
4098.65000
4106.85000
4117.97500
4274.85000
4290.42500
4305.65000
4319.85000
4331.35000
4341.07500
4350.82500
4359.07500
4367.80000
4375.92500
4384.60000
4392.77500
4400.92500
4409.07500
4426.82500
4575.17500
4590.42500
4605.05000
4619.97500
4631.87500
4641.60000
4651.75000
4659.90000
4669.05000
4677.15000
4685.20000
4693.25000
4701.35000
4709.47500
4735.35000
4875.47500
4898.60000
4919.90000
4931.72500
4941.55000
4952.02500
4960.27500
4969.37500
4977.60000
4986.25000
4994.47500
5003.27500
5017.47500
5037.17500
5175.85000
5197.67500
5212.55000
5222.72500
5235.70000
5244.52500
5253.65000
5262.40000
5270.55000
5279.20000
5287.35000
5295.47500
5303.62500
5317.40000
5336.80000
5476.20000
5492.05000
5508.40000
5522.80000
5536.22500
5545.12500
5554.07500
5562.70000
5571.55000
5579.85000
5588.52500
5596.87500
5605.12500
5617.55000
5637.50000
5776.67500
5798.87500
5808.90000
5821.37500
5836.92500
5845.15000
5854.17500
5862.30000
5870.32500
5878.32500
5886.32500
5894.37500
5902.47500
5910.92500
5935.35000
6106.87500
6122.62500
6138.22500
6148.92500
6158.27500
6167.95000
6176.95000
6185.87500
6194.80000
6203.75000
6357.50000
6372.10000
6382.80000
6396.95000
6405.75000
6415.12500
6423.75000
6432.37500
6440.92500
6449.45000
6457.97500
6466.55000
6475.15000
6483.80000
6492.52500
6501.30000
6510.15000
6657.37500
6671.97500
6682.85000
6692.32500
6701.00000
6709.72500
6718.22500
6726.62500
6735.02500
6743.42500
6751.85000
6760.32500
6768.87500
6777.45000
6786.10000
6794.80000
6803.60000
6818.97500
6957.62500
6970.60000
6983.90000
6997.07500
7005.80000
7014.82500
7023.35000
7031.77500
7040.20000
7048.65000
7057.12500
7065.62500
7074.20000
7082.85000
7091.52500
7100.30000
7109.12500
7257.87500
7270.45000
7284.00000
7293.07500
7302.67500
7315.65000
7324.40000
7333.57500
7342.17500
7350.70000
7359.25000
7367.82500
7376.42500
7385.10000
7393.82500
7402.62500
7559.07500
7572.90000
7584.72500
7594.05000
7602.82500
7611.55000
7620.27500
7628.97500
7637.62500
7646.15000
7654.65000
7663.20000
7671.77500
7680.40000
7689.07500
7697.82500
7706.65000
7856.42500
7869.57500
7882.50000
7891.25000
7900.77500
7909.30000
7918.12500
7926.57500
7935.40000
7943.95000
7952.42500
7960.95000
7969.50000
7978.10000
7986.77500
7995.50000
8004.30000
8019.65000
8154.50000
8168.40000
8183.97500
8192.77500
8201.25000
8209.60000
8217.90000
8226.22500
8234.55000
8242.92500
8251.32500
8259.77500
8268.30000
8276.87500
8285.50000
8294.20000
8302.97500
8319.05000
8457.87500
8470.22500
8485.22500
8493.97500
8502.55000
8510.97500
8519.47500
8527.92500
8536.32500
8544.75000
8553.17500
8561.67500
8570.20000
8578.80000
8587.47500
8596.20000
8605.00000
8744.50000
8758.95000
8771.82500
8785.45000
8794.35000
8803.40000
8813.90000
8822.42500
8830.82500
8839.22500
8847.65000
8856.10000
8864.60000
8873.17500
8881.77500
8890.47500
8899.22500
8908.02500
9044.65000
9059.17500
9071.40000
9083.45000
9092.17500
9101.07500
9109.55000
9118.22500
9126.67500
9135.05000
9143.45000
9151.87500
9160.35000
9168.87500
9177.45000
9186.10000
9194.80000
9203.60000
9219.02500
9347.07500
9360.12500
9372.10000
9385.77500
9394.65000
9403.50000
9412.45000
9421.27500
9429.80000
9438.22500
9446.67500
9455.15000
9463.65000
9472.20000
9480.82500
9489.50000
9498.25000
9507.05000
9644.92500
9659.40000
9671.90000
9682.90000
9691.60000
9700.80000
9709.25000
9718.12500
9726.57500
9734.95000
9743.35000
9751.77500
9760.25000
9768.75000
9777.35000
9785.97500
9794.67500
9803.47500
9819.00000
9945.12500
9959.50000
9971.55000
9984.47500
9993.12500
10002.02500
10010.45000
10018.77500
10027.10000
10035.45000
10043.80000
10052.22500
10060.67500
10069.20000
10077.75000
10086.40000
10095.10000
10103.90000
10119.15000
10244.97500
10257.85000
10269.67500
10278.67500
10287.90000
10296.55000
10305.35000
10313.80000
10322.17500
10330.52500
10338.87500
10347.25000
10355.70000
10364.17500
10372.70000
10381.30000
10389.97500
10398.70000
10407.52500
10543.85000
10558.60000
10568.90000
10577.70000
10586.40000
10594.82500
10603.12500
10611.40000
10619.65000
10627.92500
10636.22500
10644.57500
10652.95000
10661.40000
10669.90000
10678.47500
10687.10000
10695.82500
10704.60000
10845.35000
10859.32500
10871.87500
10883.90000
10892.60000
10902.00000
10910.52500
10919.65000
10928.10000
10936.52500
10944.92500
10953.37500
10961.85000
10970.37500
10978.97500
10987.62500
10996.35000
11005.15000
11155.20000
11168.50000
11177.42500
11186.77500
11197.22500
11205.65000
11213.97500
11222.27500
11230.57500
11238.92500
11247.30000
11255.72500
11264.20000
11272.75000
11281.35000
11290.02500
11298.75000
11307.57500
11444.02500
11456.32500
11470.00000
11479.32500
11488.20000
11497.00000
11505.50000
11514.70000
11523.15000
11531.52500
11539.90000
11548.30000
11556.72500
11565.22500
11573.77500
11582.37500
11591.05000
11599.80000
11608.62500
11744.12500
11756.70000
11768.60000
11778.37500
11787.50000
11796.02500
11804.47500
11812.85000
11821.17500
11829.47500
11837.82500
11846.17500
11854.60000
11863.05000
11871.57500
11880.17500
11888.82500
11897.55000
11906.35000
12042.50000
12054.75000
12064.07500
12073.22500
12081.95000
12090.57500
12100.82500
12109.22500
12117.50000
12125.77500
12134.07500
12142.40000
12150.77500
12159.22500
12167.70000
12176.25000
12184.87500
12193.57500
12202.32500
12211.27500
12340.52500
12355.57500
12368.60000
12377.17500
12386.47500
12394.80000
12403.77500
12412.10000
12420.35000
12428.62500
12436.92500
12445.27500
12453.67500
12462.12500
12470.62500
12479.20000
12487.85000
12496.55000
12505.35000
12643.27500
12655.32500
12664.52500
12673.45000
12682.00000
12690.72500
12699.10000
12707.37500
12715.65000
12723.90000
12732.17500
12740.50000
12748.85000
12757.27500
12765.75000
12774.27500
12782.87500
12791.55000
12800.30000
12809.10000
12937.85000
12952.10000
12963.67500
12972.60000
12981.17500
12989.87500
12998.25000
13006.50000
13014.72500
13022.95000
13031.20000
13039.50000
13047.85000
13056.25000
13064.72500
13073.25000
13081.82500
13090.47500
13099.22500
13108.02500
13240.50000
13252.92500
13261.92500
13270.75000
13279.15000
13287.40000
13295.60000
13303.75000
13311.92500
13320.12500
13328.35000
13336.62500
13344.95000
13353.30000
13361.75000
13370.22500
13378.80000
13387.42500
13396.12500
13404.90000
13540.02500
13555.27500
13564.30000
13573.15000
13581.62500
13589.92500
13598.15000
13606.35000
13614.55000
13622.77500
13631.02500
13639.32500
13647.67500
13656.05000
13664.52500
13673.02500
13681.62500
13690.27500
13699.00000
13707.80000
13842.45000
13855.97500
13865.15000
13874.02500
13882.47500
13890.87500
13899.17500
13907.52500
13915.85000
13924.15000
13932.45000
13940.77500
13949.12500
13957.55000
13966.02500
13974.57500
13983.17500
13991.85000
14000.60000
14009.42500
14143.57500
14157.25000
14169.30000
14177.97500
14187.30000
14195.75000
14204.60000
14212.95000
14221.25000
14229.55000
14237.87500
14246.25000
14254.65000
14263.12500
14271.65000
14280.22500
14288.87500
14297.60000
14306.40000
14441.32500
14454.90000
14464.55000
14473.32500
14482.55000
14491.05000
14499.32500
14507.55000
14515.77500
14524.00000
14532.27500
14540.57500
14548.95000
14557.35000
14565.82500
14574.35000
14582.95000
14591.62500
14600.35000
14609.17500
14739.50000
14754.42500
14770.10000
14778.77500
14787.57500
14796.00000
14804.30000
14812.55000
14820.80000
14829.07500
14837.37500
14845.72500
14854.12500
14862.57500
14871.10000
14879.67500
14888.32500
14897.05000
14905.82500

