$ Stimulation Interval(ms): 300
$ Delay(ms): 17.581766
$ Number of data : 583
$ TSTOP : 15000
$ PN stimulation current max : 21000
$ LN stimulation current max : 12000
23.55000
33.40000
42.12500
50.27500
58.10000
65.72500
73.22500
80.70000
88.15000
95.57500
103.00000
110.47500
117.95000
125.47500
133.02500
140.62500
148.25000
155.95000
163.67500
171.47500
179.30000
187.20000
195.15000
203.17500
213.90000
227.72500
1407.70000
1702.00000
1733.42500
1997.72500
2014.27500
2278.72500
2294.75000
2313.97500
2331.20000
2566.62500
2583.47500
2597.15000
2616.07500
2631.85000
2880.92500
2896.57500
2916.82500
2933.00000
3170.40000
3183.10000
3197.00000
3205.95000
3217.80000
3233.95000
3456.60000
3468.57500
3482.37500
3494.27500
3503.30000
3516.97500
3532.65000
3766.77500
3782.97500
3797.50000
3806.15000
3817.60000
3833.12500
4052.77500
4069.00000
4083.35000
4095.90000
4104.55000
4116.67500
4131.27500
4351.15000
4367.42500
4377.77500
4386.80000
4396.12500
4404.72500
4416.75000
4431.27500
4637.20000
4653.42500
4668.92500
4680.60000
4689.15000
4699.00000
4707.50000
4717.85000
4732.20000
4936.52500
4952.67500
4968.20000
4976.85000
4986.22500
4994.70000
5003.62500
5015.62500
5030.97500
5245.12500
5256.37500
5267.47500
5280.37500
5289.27500
5297.80000
5306.20000
5317.25000
5331.42500
5554.70000
5571.00000
5579.87500
5589.70000
5599.40000
5608.07500
5618.65000
5633.47500
5822.50000
5838.47500
5853.17500
5861.77500
5870.45000
5878.80000
5887.52500
5895.92500
5904.22500
5916.30000
5931.05000
6169.12500
6180.65000
6191.55000
6202.25000
6377.72500
6392.62500
6402.95000
6412.80000
6422.47500
6432.07500
6441.67500
6451.32500
6461.00000
6470.72500
6480.55000
6490.45000
6500.45000
6519.80000
6666.67500
6678.27500
6688.60000
6698.42500
6708.05000
6717.55000
6727.02500
6736.52500
6746.05000
6755.62500
6765.27500
6775.00000
6784.82500
6794.75000
6804.75000
6965.15000
6979.80000
6992.57500
7002.87500
7012.75000
7022.40000
7032.00000
7041.60000
7051.20000
7060.85000
7070.57500
7080.37500
7090.25000
7100.25000
7119.80000
7264.00000
7277.60000
7291.25000
7301.35000
7311.07500
7320.65000
7330.17500
7339.70000
7349.27500
7358.90000
7368.60000
7378.35000
7388.22500
7398.17500
7408.25000
7562.67500
7576.20000
7586.72500
7596.62500
7606.27500
7615.80000
7625.27500
7634.75000
7644.27500
7653.82500
7663.47500
7673.17500
7682.97500
7692.87500
7702.87500
7865.40000
7880.75000
7894.20000
7904.45000
7914.25000
7923.90000
7933.50000
7943.07500
7952.70000
7962.37500
7972.10000
7981.92500
7991.82500
8001.82500
8020.62500
8160.60000
8176.22500
8186.62500
8196.97500
8206.70000
8216.25000
8225.75000
8235.25000
8244.77500
8254.35000
8264.00000
8273.70000
8283.52500
8293.42500
8303.42500
8460.35000
8476.10000
8489.55000
8499.35000
8508.92500
8518.40000
8527.85000
8537.32500
8546.85000
8556.45000
8566.10000
8575.82500
8585.67500
8595.60000
8605.62500
8765.80000
8779.02500
8792.77500
8802.75000
8812.42500
8821.97500
8831.50000
8841.02500
8850.60000
8860.22500
8869.92500
8879.72500
8889.60000
8899.57500
8909.97500
9061.35000
9077.40000
9089.60000
9099.42500
9109.00000
9118.50000
9127.95000
9137.45000
9146.97500
9156.55000
9166.22500
9175.95000
9185.77500
9195.70000
9205.75000
9365.70000
9379.42500
9392.00000
9402.00000
9411.67500
9421.25000
9430.77500
9440.30000
9449.87500
9459.50000
9469.20000
9478.97500
9488.85000
9498.80000
9508.87500
9660.82500
9675.55000
9685.72500
9695.42500
9704.95000
9714.40000
9723.82500
9733.25000
9742.75000
9752.27500
9761.90000
9771.57500
9781.35000
9791.22500
9801.22500
9820.05000
9962.27500
9977.57500
9988.02500
9997.85000
10007.47500
10016.97500
10026.45000
10035.92500
10045.45000
10055.02500
10064.65000
10074.37500
10084.20000
10094.10000
10104.12500
10262.95000
10277.47500
10287.82500
10297.60000
10307.20000
10316.67500
10326.15000
10335.62500
10345.12500
10354.70000
10364.32500
10374.05000
10383.85000
10393.75000
10403.77500
10564.30000
10578.27500
10588.70000
10598.55000
10608.15000
10617.67500
10627.15000
10636.62500
10646.15000
10655.75000
10665.40000
10675.12500
10684.95000
10694.85000
10704.87500
10860.07500
10876.22500
10886.27500
10895.87500
10905.35000
10914.75000
10924.17500
10933.60000
10943.07500
10952.60000
10962.22500
10971.90000
10981.70000
10991.57500
11001.55000
11020.27500
11156.32500
11167.10000
11177.05000
11186.62500
11196.05000
11205.37500
11214.70000
11224.05000
11233.42500
11242.85000
11252.35000
11261.95000
11271.60000
11281.37500
11291.22500
11301.20000
11320.00000
11449.92500
11464.75000
11477.92500
11488.05000
11497.72500
11507.22500
11516.65000
11526.07500
11535.50000
11545.00000
11554.52500
11564.15000
11573.85000
11583.65000
11593.52500
11603.52500
11756.50000
11768.57500
11778.80000
11788.52500
11798.02500
11807.45000
11816.80000
11826.20000
11835.60000
11845.07500
11854.60000
11864.22500
11873.90000
11883.70000
11893.57500
11903.57500
12059.92500
12070.75000
12081.27500
12091.00000
12100.52500
12109.92500
12119.32500
12128.72500
12138.15000
12147.65000
12157.20000
12166.85000
12176.57500
12186.40000
12196.30000
12206.32500
12355.87500
12367.15000
12377.32500
12387.05000
12396.55000
12405.92500
12415.30000
12424.65000
12434.05000
12443.50000
12453.02500
12462.62500
12472.30000
12482.07500
12491.92500
12501.90000
12520.95000
12647.02500
12660.75000
12671.30000
12681.15000
12690.70000
12700.10000
12709.45000
12718.77500
12728.12500
12737.52500
12746.97500
12756.52500
12766.12500
12775.82500
12785.62500
12795.52500
12805.52500
12951.10000
12965.02500
12975.75000
12985.70000
12995.35000
13004.80000
13014.20000
13023.60000
13033.00000
13042.47500
13051.97500
13061.57500
13071.22500
13081.00000
13090.85000
13100.82500
13119.90000
13258.35000
13269.07500
13278.97500
13288.55000
13297.97500
13307.32500
13316.65000
13326.02500
13335.40000
13344.87500
13354.40000
13364.00000
13373.67500
13383.47500
13393.35000
13403.35000
13552.37500
13565.45000
13577.25000
13587.27500
13596.92500
13606.40000
13615.82500
13625.22500
13634.65000
13644.12500
13653.65000
13663.27500
13672.95000
13682.75000
13692.62500
13702.60000
13850.12500
13865.17500
13875.95000
13885.90000
13895.52500
13905.00000
13914.40000
13923.80000
13933.20000
13942.67500
13952.17500
13961.77500
13971.45000
13981.20000
13991.07500
14001.05000
14019.97500
14156.40000
14169.67500
14179.70000
14189.30000
14198.72500
14208.10000
14217.45000
14226.80000
14236.22500
14245.67500
14255.22500
14264.82500
14274.52500
14284.32500
14294.22500
14304.22500
14448.95000
14460.97500
14472.67500
14482.52500
14492.07500
14501.47500
14510.80000
14520.15000
14529.50000
14538.92500
14548.40000
14557.92500
14567.57500
14577.27500
14587.10000
14597.02500
14607.05000
14758.42500
14772.07500
14781.97500
14791.52500
14800.95000
14810.30000
14819.65000
14829.05000
14838.47500
14847.95000
14857.50000
14867.15000
14876.87500
14886.70000
14896.60000
14906.65000

