$ Stimulation Interval(ms): 300
$ Delay(ms): 18.462124
$ Number of data : 762
$ TSTOP : 15000
$ PN stimulation current max : 21000
$ LN stimulation current max : 12000
24.42500
34.27500
43.00000
51.15000
58.97500
66.57500
74.10000
81.57500
89.00000
96.42500
103.87500
111.32500
118.82500
126.32500
133.90000
141.47500
149.12500
156.80000
164.55000
172.32500
180.17500
188.07500
196.02500
204.02500
214.90000
484.90000
502.27500
773.65000
788.90000
805.62500
1044.62500
1075.97500
1092.85000
1108.92500
1360.40000
1374.55000
1388.90000
1399.30000
1408.92500
1605.55000
1631.27500
1662.60000
1677.30000
1693.17500
1703.17500
1735.95000
1915.75000
1946.70000
1962.37500
1975.30000
1986.87500
1996.70000
2007.32500
2035.62500
2216.70000
2238.27500
2253.22500
2264.82500
2277.52500
2286.90000
2296.45000
2305.10000
2317.80000
2491.92500
2517.47500
2533.82500
2549.07500
2560.72500
2570.47500
2582.05000
2590.62500
2600.52500
2617.45000
2792.57500
2818.30000
2832.70000
2848.70000
2861.65000
2870.97500
2880.37500
2888.77500
2897.70000
2906.12500
2935.52500
3087.45000
3104.02500
3119.80000
3134.47500
3148.92500
3164.82500
3173.72500
3183.52500
3192.22500
3200.87500
3209.30000
3235.45000
3387.95000
3404.02500
3418.90000
3434.10000
3444.50000
3454.57500
3465.02500
3473.27500
3482.42500
3490.62500
3499.77500
3508.07500
3526.35000
3688.42500
3704.65000
3719.52500
3734.57500
3745.62500
3755.65000
3766.60000
3775.00000
3784.37500
3792.75000
3801.37500
3809.72500
3835.37500
3974.52500
3989.87500
4004.87500
4019.87500
4030.17500
4041.85000
4052.67500
4063.30000
4072.27500
4082.17500
4090.47500
4098.65000
4106.85000
4117.97500
4274.85000
4290.42500
4305.65000
4319.85000
4331.35000
4341.07500
4350.82500
4359.07500
4367.80000
4375.92500
4384.60000
4392.77500
4400.92500
4409.07500
4426.82500
4575.17500
4590.42500
4605.05000
4619.97500
4631.87500
4641.60000
4651.75000
4659.90000
4669.05000
4677.15000
4685.20000
4693.25000
4701.35000
4709.47500
4735.35000
4875.47500
4898.60000
4919.90000
4931.72500
4941.55000
4952.02500
4960.27500
4969.37500
4977.60000
4986.25000
4994.47500
5003.27500
5017.47500
5037.17500
5175.85000
5197.67500
5212.55000
5222.72500
5235.70000
5244.52500
5253.65000
5262.40000
5270.55000
5279.20000
5287.35000
5295.47500
5303.62500
5317.40000
5336.80000
5476.20000
5492.05000
5508.40000
5522.80000
5536.22500
5545.12500
5554.07500
5562.70000
5571.55000
5579.85000
5588.52500
5596.87500
5605.12500
5617.55000
5637.50000
5776.67500
5798.87500
5808.90000
5821.37500
5836.92500
5845.15000
5854.17500
5862.30000
5870.32500
5878.32500
5886.32500
5894.37500
5902.47500
5910.92500
5935.35000
6130.62500
6143.75000
6157.72500
6169.47500
6180.07500
6190.45000
6200.80000
6211.15000
6346.80000
6360.77500
6374.30000
6384.07500
6394.05000
6403.52500
6412.90000
6422.25000
6431.65000
6441.07500
6450.55000
6460.12500
6469.77500
6479.50000
6489.35000
6499.27500
6509.32500
6645.22500
6659.42500
6669.45000
6679.00000
6688.37500
6697.65000
6706.87500
6716.15000
6725.45000
6734.77500
6744.20000
6753.67500
6763.25000
6772.90000
6782.65000
6792.50000
6802.47500
6944.22500
6958.15000
6968.22500
6978.02500
6987.42500
6996.72500
7005.97500
7015.25000
7024.52500
7033.87500
7043.27500
7052.75000
7062.30000
7071.95000
7081.70000
7091.55000
7101.50000
7111.57500
7245.70000
7259.52500
7269.47500
7279.00000
7288.35000
7297.60000
7306.85000
7316.10000
7325.37500
7334.72500
7344.12500
7353.62500
7363.17500
7372.85000
7382.60000
7392.45000
7402.40000
7544.85000
7558.07500
7567.92500
7577.40000
7586.70000
7595.92500
7605.15000
7614.37500
7623.65000
7632.97500
7642.35000
7651.82500
7661.37500
7671.00000
7680.72500
7690.57500
7700.50000
7710.55000
7844.10000
7859.12500
7869.05000
7879.10000
7889.35000
7898.92500
7908.30000
7917.62500
7926.95000
7936.35000
7945.77500
7955.30000
7964.90000
7974.57500
7984.35000
7994.22500
8004.22500
8136.52500
8151.40000
8162.32500
8175.10000
8184.62500
8194.72500
8204.12500
8213.42500
8222.75000
8232.07500
8241.50000
8250.95000
8260.50000
8270.15000
8279.87500
8289.70000
8299.62500
8309.67500
8434.40000
8446.72500
8457.12500
8466.80000
8476.20000
8485.42500
8494.62500
8503.80000
8512.97500
8522.22500
8531.50000
8540.87500
8550.30000
8559.82500
8569.42500
8579.12500
8588.92500
8598.85000
8608.87500
8740.00000
8750.95000
8761.27500
8770.82500
8780.17500
8789.40000
8798.57500
8807.77500
8816.97500
8826.25000
8835.57500
8844.95000
8854.42500
8864.00000
8873.65000
8883.40000
8893.25000
8903.20000
9034.12500
9046.12500
9058.50000
9068.15000
9078.05000
9087.40000
9096.65000
9105.85000
9115.07500
9124.32500
9133.65000
9143.02500
9152.47500
9162.02500
9171.65000
9181.40000
9191.22500
9201.15000
9211.20000
9345.47500
9361.35000
9373.80000
9383.35000
9392.70000
9401.95000
9411.22500
9420.50000
9429.82500
9439.22500
9448.67500
9458.20000
9467.82500
9477.52500
9487.35000
9497.25000
9507.27500
9634.57500
9647.20000
9659.45000
9669.15000
9678.95000
9688.32500
9697.60000
9706.82500
9716.05000
9725.32500
9734.65000
9744.05000
9753.52500
9763.07500
9772.72500
9782.45000
9792.30000
9802.25000
9934.12500
9947.10000
9958.35000
9968.05000
9977.70000
9987.05000
9996.30000
10005.50000
10014.72500
10024.00000
10033.32500
10042.70000
10052.15000
10061.70000
10071.32500
10081.05000
10090.87500
10100.82500
10110.85000
10233.85000
10247.15000
10259.62500
10269.45000
10279.10000
10288.50000
10297.77500
10307.02500
10316.25000
10325.55000
10334.87500
10344.27500
10353.75000
10363.30000
10372.95000
10382.70000
10392.55000
10402.50000
10534.02500
10547.25000
10560.85000
10570.75000
10580.50000
10589.90000
10599.17500
10608.42500
10617.67500
10626.97500
10636.32500
10645.75000
10655.22500
10664.80000
10674.47500
10684.22500
10694.10000
10704.07500
10835.20000
10849.92500
10860.65000
10871.55000
10881.17500
10890.50000
10899.72500
10908.95000
10918.17500
10927.47500
10936.82500
10946.22500
10955.72500
10965.30000
10974.97500
10984.75000
10994.60000
11004.57500
11131.85000
11144.47500
11154.57500
11164.07500
11173.35000
11182.50000
11191.62500
11200.75000
11209.90000
11219.10000
11228.35000
11237.65000
11247.05000
11256.52500
11266.10000
11275.77500
11285.52500
11295.40000
11305.37500
11434.17500
11446.85000
11459.92500
11469.67500
11479.55000
11488.92500
11498.20000
11507.42500
11516.67500
11525.95000
11535.27500
11544.67500
11554.15000
11563.72500
11573.37500
11583.12500
11592.97500
11602.92500
11735.60000
11750.42500
11760.47500
11769.95000
11779.25000
11788.45000
11797.60000
11806.77500
11815.97500
11825.25000
11834.55000
11843.92500
11853.40000
11862.95000
11872.57500
11882.32500
11892.17500
11902.12500
12035.75000
12050.42500
12061.62500
12071.22500
12081.00000
12090.35000
12099.57500
12108.80000
12118.05000
12127.35000
12136.67500
12146.10000
12155.60000
12165.17500
12174.82500
12184.60000
12194.47500
12204.45000
12334.55000
12346.07500
12356.52500
12366.15000
12375.50000
12384.70000
12393.87500
12403.02500
12412.20000
12421.42500
12430.70000
12440.05000
12449.47500
12458.97500
12468.57500
12478.25000
12488.05000
12497.95000
12507.97500
12631.50000
12643.85000
12654.10000
12663.67500
12673.00000
12682.17500
12691.32500
12700.45000
12709.60000
12718.77500
12728.02500
12737.35000
12746.75000
12756.22500
12765.80000
12775.45000
12785.20000
12795.07500
12805.05000
12936.67500
12948.35000
12959.17500
12968.80000
12978.15000
12987.37500
12996.55000
13005.72500
13014.92500
13024.17500
13033.47500
13042.85000
13052.30000
13061.85000
13071.47500
13081.20000
13091.02500
13100.97500
13111.02500
13235.10000
13246.60000
13259.20000
13268.75000
13278.02500
13287.20000
13296.32500
13305.50000
13314.67500
13323.90000
13333.20000
13342.57500
13352.02500
13361.55000
13371.20000
13380.90000
13390.72500
13400.67500
13410.70000
13534.90000
13549.12500
13561.20000
13571.07500
13580.57500
13589.87500
13599.12500
13608.35000
13617.60000
13626.90000
13636.22500
13645.65000
13655.12500
13664.70000
13674.35000
13684.12500
13693.97500
13703.95000
13833.57500
13846.95000
13861.00000
13870.82500
13880.25000
13889.52500
13898.75000
13907.95000
13917.20000
13926.47500
13935.80000
13945.20000
13954.67500
13964.25000
13973.90000
13983.67500
13993.52500
14003.50000
14128.37500
14140.05000
14151.97500
14161.57500
14170.82500
14179.97500
14189.07500
14198.17500
14207.30000
14216.47500
14225.70000
14235.00000
14244.35000
14253.80000
14263.35000
14272.97500
14282.72500
14292.55000
14302.50000
14427.35000
14438.22500
14448.12500
14457.55000
14466.72500
14475.80000
14484.85000
14493.90000
14502.97500
14512.10000
14521.27500
14530.52500
14539.85000
14549.25000
14558.75000
14568.32500
14578.00000
14587.77500
14597.67500
14607.67500
14729.42500
14742.25000
14752.25000
14761.92500
14771.25000
14780.42500
14789.55000
14798.65000
14807.77500
14816.97500
14826.20000
14835.50000
14844.87500
14854.32500
14863.87500
14873.52500
14883.25000
14893.10000
14903.05000

