$ Stimulation Interval(ms): 300
$ Delay(ms): 46.472475
$ Number of data : 638
$ TSTOP : 15000
$ PN stimulation current max : 21000
$ LN stimulation current max : 12000
52.30000
62.10000
70.77500
78.90000
86.72500
94.35000
101.85000
109.32500
116.75000
124.17500
131.60000
139.07500
146.55000
154.05000
161.62500
169.20000
176.85000
184.52500
192.27500
200.05000
209.57500
500.45000
789.72500
806.12500
1073.17500
1089.57500
1104.10000
1376.27500
1391.47500
1408.07500
1660.65000
1676.60000
1692.35000
1704.02500
1947.55000
1962.70000
1977.42500
1992.32500
2002.00000
2247.25000
2263.85000
2279.05000
2294.95000
2305.82500
2548.27500
2561.65000
2577.52500
2587.40000
2596.70000
2607.40000
2832.57500
2848.67500
2863.57500
2879.05000
2895.62500
2907.17500
3132.62500
3147.92500
3162.57500
3174.67500
3183.22500
3193.00000
3201.37500
3210.82500
3433.27500
3448.27500
3463.77500
3475.40000
3484.07500
3495.07500
3503.45000
3518.37500
3718.60000
3734.30000
3748.40000
3763.55000
3773.30000
3782.52500
3793.05000
3801.30000
3818.05000
4019.52500
4033.55000
4049.05000
4062.92500
4071.27500
4080.07500
4088.25000
4097.10000
4105.32500
4118.10000
4319.55000
4334.80000
4350.15000
4360.32500
4368.97500
4377.72500
4386.22500
4394.77500
4402.97500
4413.20000
4619.52500
4635.20000
4649.85000
4661.57500
4670.17500
4681.25000
4689.50000
4698.97500
4707.22500
4719.67500
4905.00000
4921.22500
4935.47500
4950.90000
4960.47500
4969.55000
4978.37500
4986.67500
4994.80000
5003.25000
5018.00000
5204.85000
5221.05000
5234.55000
5246.40000
5254.72500
5264.30000
5272.47500
5281.57500
5289.80000
5297.85000
5305.87500
5318.17500
5507.12500
5520.65000
5534.00000
5544.82500
5553.25000
5562.80000
5570.95000
5578.92500
5586.85000
5594.77500
5602.70000
5611.45000
5805.70000
5821.20000
5836.72500
5846.80000
5855.92500
5867.00000
5875.22500
5884.62500
5892.77500
5900.80000
5908.82500
6140.55000
6154.20000
6169.07500
6179.72500
6189.95000
6200.07500
6210.15000
6364.37500
6378.40000
6390.90000
6400.87500
6410.42500
6419.77500
6429.07500
6438.32500
6447.60000
6456.90000
6466.27500
6475.72500
6485.22500
6494.82500
6504.50000
6663.35000
6676.37500
6689.00000
6698.70000
6708.10000
6717.37500
6726.57500
6735.80000
6745.02500
6754.30000
6763.62500
6773.02500
6782.50000
6792.07500
6801.72500
6811.47500
6963.42500
6977.45000
6989.37500
6999.07500
7008.47500
7017.75000
7026.95000
7036.17500
7045.40000
7054.67500
7064.00000
7073.42500
7082.90000
7092.47500
7102.12500
7112.37500
7259.25000
7273.02500
7283.35000
7292.97500
7302.32500
7311.52500
7320.67500
7329.82500
7339.00000
7348.22500
7357.47500
7366.82500
7376.22500
7385.72500
7395.32500
7405.00000
7559.52500
7573.40000
7583.72500
7593.35000
7602.67500
7611.90000
7621.05000
7630.20000
7639.37500
7648.60000
7657.87500
7667.22500
7676.62500
7686.12500
7695.72500
7705.40000
7859.90000
7873.65000
7883.95000
7893.57500
7902.92500
7912.12500
7921.30000
7930.45000
7939.62500
7948.85000
7958.12500
7967.45000
7976.87500
7986.37500
7995.97500
8005.67500
8159.22500
8173.02500
8183.52500
8193.25000
8202.62500
8211.87500
8221.05000
8230.22500
8239.40000
8248.62500
8257.90000
8267.25000
8276.65000
8286.17500
8295.75000
8305.45000
8460.95000
8475.20000
8485.40000
8495.17500
8504.60000
8513.87500
8523.05000
8532.25000
8541.45000
8550.67500
8559.97500
8569.35000
8578.77500
8588.30000
8597.92500
8607.62500
8761.80000
8775.37500
8785.57500
8795.37500
8804.82500
8814.07500
8823.27500
8832.47500
8841.67500
8850.92500
8860.22500
8869.57500
8879.02500
8888.55000
8898.17500
8907.90000
9057.70000
9072.02500
9081.95000
9091.37500
9100.57500
9109.70000
9118.77500
9127.90000
9137.02500
9146.20000
9155.45000
9164.75000
9174.15000
9183.60000
9193.17500
9202.82500
9365.37500
9377.60000
9387.85000
9397.45000
9406.82500
9416.07500
9425.27500
9434.45000
9443.67500
9452.92500
9462.25000
9471.62500
9481.10000
9490.65000
9500.27500
9510.02500
9658.92500
9673.92500
9683.77500
9693.15000
9702.32500
9711.45000
9720.52500
9729.65000
9738.80000
9747.97500
9757.25000
9766.57500
9775.97500
9785.47500
9795.05000
9804.72500
9959.47500
9973.95000
9983.90000
9993.32500
10002.55000
10011.67500
10020.80000
10029.92500
10039.07500
10048.27500
10057.52500
10066.87500
10076.27500
10085.77500
10095.35000
10105.02500
10261.80000
10275.37500
10285.50000
10295.00000
10304.27500
10313.47500
10322.62500
10331.77500
10340.95000
10350.17500
10359.45000
10368.80000
10378.25000
10387.75000
10397.35000
10407.07500
10560.70000
10575.00000
10584.90000
10594.27500
10603.47500
10612.62500
10621.72500
10630.85000
10640.02500
10649.22500
10658.50000
10667.82500
10677.25000
10686.75000
10696.35000
10706.05000
10856.85000
10869.50000
10879.60000
10889.15000
10898.37500
10907.52500
10916.62500
10925.72500
10934.85000
10944.02500
10953.25000
10962.52500
10971.90000
10981.35000
10990.87500
11000.52500
11010.25000
11160.12500
11171.00000
11181.27500
11190.82500
11200.07500
11209.22500
11218.32500
11227.45000
11236.57500
11245.75000
11255.00000
11264.30000
11273.67500
11283.15000
11292.70000
11302.35000
11458.12500
11468.82500
11478.92500
11488.40000
11497.60000
11506.70000
11515.77500
11524.87500
11533.97500
11543.12500
11552.32500
11561.62500
11570.97500
11580.40000
11589.92500
11599.55000
11609.27500
11760.70000
11774.25000
11784.22500
11793.67500
11802.90000
11812.05000
11821.17500
11830.30000
11839.47500
11848.67500
11857.95000
11867.27500
11876.70000
11886.20000
11895.77500
11905.47500
12058.52500
12069.62500
12079.62500
12089.10000
12098.32500
12107.45000
12116.55000
12125.65000
12134.75000
12143.92500
12153.15000
12162.42500
12171.80000
12181.25000
12190.77500
12200.40000
12210.12500
12358.42500
12369.70000
12379.77500
12389.30000
12398.55000
12407.70000
12416.80000
12425.90000
12435.02500
12444.20000
12453.42500
12462.72500
12472.07500
12481.52500
12491.07500
12500.70000
12510.42500
12657.52500
12668.50000
12678.42500
12687.90000
12697.07500
12706.20000
12715.27500
12724.35000
12733.45000
12742.60000
12751.80000
12761.07500
12770.42500
12779.85000
12789.37500
12799.00000
12808.70000
12958.92500
12973.12500
12983.00000
12992.40000
13001.60000
13010.70000
13019.80000
13028.92500
13038.05000
13047.25000
13056.50000
13065.82500
13075.22500
13084.70000
13094.27500
13103.92500
13256.60000
13268.22500
13278.20000
13287.65000
13296.85000
13305.95000
13315.02500
13324.10000
13333.20000
13342.35000
13351.55000
13360.82500
13370.15000
13379.60000
13389.10000
13398.72500
13408.42500
13554.20000
13565.70000
13575.80000
13585.37500
13594.60000
13603.72500
13612.80000
13621.87500
13630.95000
13640.07500
13649.27500
13658.52500
13667.85000
13677.25000
13686.75000
13696.32500
13706.00000
13860.07500
13870.70000
13880.45000
13889.80000
13898.95000
13908.05000
13917.10000
13926.20000
13935.30000
13944.45000
13953.67500
13962.97500
13972.35000
13981.80000
13991.32500
14000.97500
14010.70000
14154.27500
14165.00000
14174.82500
14184.25000
14193.40000
14202.47500
14211.50000
14220.52500
14229.60000
14238.70000
14247.87500
14257.10000
14266.40000
14275.80000
14285.27500
14294.82500
14304.50000
14456.85000
14467.67500
14477.52500
14486.95000
14496.12500
14505.20000
14514.25000
14523.32500
14532.42500
14541.55000
14550.75000
14560.00000
14569.35000
14578.77500
14588.27500
14597.87500
14607.57500
14752.70000
14763.52500
14773.37500
14782.80000
14791.95000
14801.00000
14810.00000
14819.02500
14828.07500
14837.17500
14846.32500
14855.55000
14864.82500
14874.20000
14883.67500
14893.22500
14902.85000

