$ Stimulation Interval(ms): 300
$ Delay(ms): 32.660291
$ Number of data : 695
$ TSTOP : 15000
$ PN stimulation current max : 21000
$ LN stimulation current max : 12000
38.55000
48.35000
57.05000
65.20000
73.02500
80.62500
88.15000
95.60000
103.05000
110.47500
117.90000
125.37500
132.85000
140.37500
147.92500
155.52500
163.15000
170.85000
178.57500
186.35000
194.20000
202.10000
215.05000
232.07500
485.17500
501.07500
774.00000
790.42500
806.90000
1073.07500
1089.62500
1104.75000
1123.47500
1350.42500
1366.17500
1378.00000
1392.87500
1408.12500
1435.82500
1661.12500
1676.05000
1692.20000
1707.42500
1735.35000
1946.37500
1962.27500
1977.02500
1992.17500
2000.97500
2011.57500
2035.37500
2238.40000
2252.82500
2264.37500
2278.60000
2294.62500
2310.62500
2323.42500
2337.50000
2506.72500
2532.80000
2547.32500
2561.02500
2571.22500
2580.47500
2593.40000
2601.85000
2622.05000
2636.05000
2807.40000
2832.45000
2849.00000
2864.55000
2880.95000
2895.92500
2905.20000
2922.65000
2936.60000
3108.37500
3132.65000
3148.50000
3163.52500
3173.90000
3183.10000
3194.25000
3202.92500
3222.10000
3236.12500
3394.02500
3418.80000
3434.00000
3448.80000
3465.00000
3481.55000
3494.87500
3503.37500
3522.27500
3536.27500
3694.70000
3718.42500
3733.70000
3748.27500
3759.52500
3768.37500
3780.85000
3789.17500
3799.07500
3807.47500
3822.42500
3836.27500
3995.32500
4018.35000
4032.32500
4042.15000
4051.20000
4064.20000
4072.50000
4082.62500
4090.92500
4099.37500
4107.65000
4122.32500
4136.17500
4304.65000
4320.10000
4335.10000
4351.02500
4367.57500
4376.57500
4385.75000
4394.52500
4402.82500
4422.10000
4436.02500
4594.92500
4607.55000
4620.65000
4635.67500
4650.75000
4659.17500
4669.82500
4681.82500
4690.20000
4700.12500
4708.55000
4722.52500
4736.32500
4904.50000
4920.42500
4935.30000
4951.05000
4959.35000
4969.02500
4977.35000
4986.07500
4994.32500
5002.97500
5018.35000
5035.55000
5204.55000
5221.15000
5235.55000
5245.82500
5254.75000
5265.62500
5273.87500
5283.50000
5291.82500
5299.95000
5308.07500
5322.37500
5336.22500
5506.95000
5522.57500
5536.12500
5546.95000
5556.00000
5564.67500
5573.32500
5581.57500
5590.00000
5598.25000
5606.40000
5622.20000
5636.17500
5797.15000
5807.37500
5820.72500
5836.35000
5844.70000
5854.20000
5862.45000
5870.90000
5879.12500
5887.82500
5896.12500
5904.32500
5918.22500
5935.60000
6128.00000
6141.72500
6156.80000
6170.97500
6181.70000
6192.07500
6202.32500
6361.42500
6376.70000
6391.55000
6401.45000
6410.97500
6420.37500
6429.75000
6439.10000
6448.50000
6457.95000
6467.47500
6477.07500
6486.75000
6496.50000
6506.37500
6661.17500
6674.87500
6685.32500
6695.15000
6704.60000
6713.95000
6723.22500
6732.52500
6741.85000
6751.22500
6760.65000
6770.17500
6779.77500
6789.45000
6799.25000
6809.12500
6961.52500
6977.37500
6990.77500
7000.62500
7010.15000
7019.52500
7028.87500
7038.25000
7047.62500
7057.07500
7066.57500
7076.15000
7085.82500
7095.57500
7105.42500
7249.60000
7262.77500
7274.82500
7284.75000
7294.55000
7304.00000
7313.30000
7322.55000
7331.82500
7341.12500
7350.47500
7359.90000
7369.40000
7378.97500
7388.62500
7398.40000
7408.27500
7548.57500
7561.40000
7574.07500
7583.90000
7593.37500
7602.67500
7611.90000
7621.10000
7630.32500
7639.60000
7648.92500
7658.32500
7667.80000
7677.35000
7687.00000
7696.72500
7706.57500
7859.45000
7875.50000
7885.35000
7894.80000
7904.10000
7913.32500
7922.57500
7931.82500
7941.12500
7950.47500
7959.90000
7969.40000
7979.00000
7988.65000
7998.42500
8008.30000
8155.42500
8169.87500
8180.10000
8189.72500
8199.12500
8208.42500
8217.65000
8226.90000
8236.17500
8245.50000
8254.87500
8264.32500
8273.85000
8283.47500
8293.17500
8303.00000
8327.10000
8460.70000
8476.57500
8491.17500
8500.87500
8510.27500
8519.60000
8528.92500
8538.25000
8547.62500
8557.05000
8566.55000
8576.12500
8585.77500
8595.55000
8605.40000
8750.27500
8763.90000
8777.50000
8791.80000
8801.52500
8810.95000
8820.27500
8829.57500
8838.90000
8848.27500
8857.70000
8867.20000
8876.77500
8886.42500
8896.17500
8906.02500
9050.40000
9064.10000
9077.97500
9089.75000
9099.45000
9108.87500
9118.20000
9127.50000
9136.80000
9146.15000
9155.55000
9165.02500
9174.57500
9184.20000
9193.92500
9203.75000
9363.87500
9376.92500
9387.00000
9396.62500
9406.02500
9415.35000
9424.65000
9433.95000
9443.27500
9452.67500
9462.12500
9471.65000
9481.25000
9490.95000
9500.75000
9510.65000
9652.25000
9666.40000
9677.30000
9687.00000
9696.40000
9705.67500
9714.87500
9724.10000
9733.35000
9742.65000
9752.00000
9761.42500
9770.92500
9780.50000
9790.20000
9799.97500
9809.85000
9950.77500
9964.62500
9978.05000
9988.30000
9998.00000
10007.42500
10016.77500
10026.07500
10035.37500
10044.72500
10054.12500
10063.57500
10073.10000
10082.72500
10092.42500
10102.25000
10126.75000
10248.15000
10262.57500
10276.50000
10286.42500
10295.90000
10305.22500
10314.47500
10323.72500
10332.97500
10342.27500
10351.62500
10361.05000
10370.55000
10380.12500
10389.80000
10399.57500
10409.45000
10548.35000
10562.77500
10575.60000
10585.45000
10594.92500
10604.22500
10613.45000
10622.67500
10631.92500
10641.20000
10650.55000
10659.95000
10669.45000
10679.02500
10688.67500
10698.45000
10708.30000
10845.50000
10857.20000
10868.70000
10878.35000
10887.65000
10896.85000
10905.97500
10915.12500
10924.27500
10933.47500
10942.72500
10952.05000
10961.45000
10970.92500
10980.50000
10990.17500
10999.95000
11009.82500
11144.65000
11158.27500
11168.55000
11178.15000
11187.45000
11196.65000
11205.80000
11214.92500
11224.10000
11233.30000
11242.55000
11251.87500
11261.27500
11270.75000
11280.32500
11290.00000
11299.75000
11309.62500
11448.37500
11462.85000
11474.70000
11484.47500
11493.92500
11503.20000
11512.42500
11521.62500
11530.87500
11540.15000
11549.47500
11558.87500
11568.35000
11577.90000
11587.55000
11597.30000
11607.15000
11750.60000
11762.60000
11774.42500
11784.02500
11793.37500
11802.60000
11811.77500
11820.95000
11830.17500
11839.42500
11848.75000
11858.12500
11867.60000
11877.15000
11886.77500
11896.52500
11906.37500
12046.10000
12058.95000
12069.27500
12078.92500
12088.27500
12097.47500
12106.65000
12115.77500
12124.95000
12134.15000
12143.42500
12152.75000
12162.17500
12171.65000
12181.25000
12190.92500
12200.70000
12210.57500
12353.65000
12364.65000
12374.55000
12384.02500
12393.30000
12402.50000
12411.65000
12420.82500
12430.02500
12439.27500
12448.57500
12457.97500
12467.42500
12476.97500
12486.60000
12496.35000
12506.17500
12647.00000
12659.90000
12670.12500
12679.72500
12689.05000
12698.25000
12707.40000
12716.55000
12725.70000
12734.92500
12744.20000
12753.52500
12762.95000
12772.45000
12782.05000
12791.72500
12801.50000
12811.40000
12948.50000
12963.00000
12974.72500
12984.50000
12993.92500
13003.22500
13012.42500
13021.65000
13030.87500
13040.15000
13049.47500
13058.87500
13068.35000
13077.92500
13087.57500
13097.32500
13107.17500
13242.97500
13256.20000
13266.47500
13276.10000
13285.37500
13294.57500
13303.70000
13312.80000
13321.95000
13331.12500
13340.35000
13349.65000
13359.02500
13368.47500
13378.02500
13387.67500
13397.42500
13407.25000
13550.15000
13562.87500
13573.17500
13582.77500
13592.15000
13601.37500
13610.57500
13619.75000
13628.95000
13638.20000
13647.52500
13656.90000
13666.35000
13675.87500
13685.50000
13695.22500
13705.05000
13849.62500
13864.62500
13875.25000
13885.02500
13894.50000
13903.80000
13913.05000
13922.27500
13931.52500
13940.80000
13950.12500
13959.55000
13969.02500
13978.60000
13988.25000
13998.00000
14007.87500
14146.90000
14159.42500
14171.60000
14181.25000
14190.60000
14199.80000
14208.97500
14218.12500
14227.32500
14236.55000
14245.85000
14255.20000
14264.62500
14274.15000
14283.75000
14293.47500
14303.27500
14326.70000
14446.72500
14459.90000
14471.77500
14481.35000
14490.65000
14499.82500
14508.97500
14518.12500
14527.30000
14536.52500
14545.80000
14555.15000
14564.60000
14574.10000
14583.72500
14593.42500
14603.22500
14626.67500
14748.15000
14761.77500
14773.40000
14783.07500
14792.45000
14801.70000
14810.90000
14820.07500
14829.27500
14838.52500
14847.85000
14857.22500
14866.67500
14876.22500
14885.85000
14895.57500
14905.40000

