$ Stimulation Interval(ms): 300
$ Delay(ms): 204.892214
$ Number of data : 453
$ TSTOP : 15000
$ PN stimulation current max : 21000
$ LN stimulation current max : 12000
209.60000
222.42500
235.20000
248.07500
261.15000
274.35000
287.70000
301.22500
314.90000
328.75000
342.77500
357.00000
371.37500
385.97500
400.85000
416.05000
431.45000
447.37500
463.72500
512.32500
525.17500
538.05000
551.02500
564.20000
577.52500
591.00000
604.62500
618.42500
632.40000
646.55000
660.90000
675.42500
690.25000
705.42500
720.85000
736.77500
753.15000
812.40000
825.27500
838.17500
851.17500
864.40000
877.80000
891.32500
905.02500
918.92500
932.97500
947.25000
961.67500
976.32500
991.27500
1006.55000
1022.10000
1038.25000
1055.42500
1112.40000
1125.25000
1138.15000
1151.20000
1164.47500
1177.90000
1191.50000
1205.27500
1219.22500
1233.37500
1247.70000
1262.22500
1277.00000
1292.10000
1307.67500
1323.55000
1340.00000
1412.45000
1425.37500
1438.32500
1451.40000
1464.72500
1478.20000
1491.82500
1505.65000
1519.65000
1533.85000
1548.25000
1562.85000
1577.70000
1592.92500
1608.40000
1624.42500
1641.07500
1712.42500
1725.35000
1738.32500
1751.45000
1764.80000
1778.32500
1792.02500
1805.90000
1819.95000
1834.22500
1848.67500
1863.35000
1878.32500
1893.70000
1909.35000
1925.70000
2012.42500
2025.37500
2038.37500
2051.55000
2064.95000
2078.50000
2092.25000
2106.15000
2120.27500
2134.60000
2149.12500
2163.87500
2178.95000
2194.47500
2210.30000
2227.32500
2312.50000
2325.47500
2338.50000
2351.70000
2365.12500
2378.70000
2392.47500
2406.45000
2420.62500
2435.00000
2449.60000
2464.40000
2479.57500
2495.05000
2511.10000
2528.35000
2612.52500
2625.52500
2638.57500
2651.80000
2665.25000
2678.90000
2692.70000
2706.72500
2720.92500
2735.37500
2750.02500
2764.92500
2780.17500
2795.72500
2812.07500
2912.55000
2925.57500
2938.65000
2951.90000
2965.40000
2979.05000
2992.90000
3006.95000
3021.22500
3035.72500
3050.42500
3065.40000
3080.75000
3096.80000
3114.42500
3212.52500
3225.55000
3238.67500
3251.95000
3265.47500
3279.17500
3293.07500
3307.15000
3321.47500
3336.02500
3350.77500
3365.85000
3381.32500
3397.25000
3512.57500
3525.62500
3538.77500
3552.07500
3565.62500
3579.35000
3593.27500
3607.40000
3621.75000
3636.35000
3651.17500
3666.32500
3681.92500
3698.05000
3812.57500
3825.65000
3838.82500
3852.12500
3865.70000
3879.47500
3893.42500
3907.60000
3922.00000
3936.65000
3951.50000
3966.70000
3982.45000
3998.82500
4112.55000
4125.65000
4138.82500
4152.17500
4165.77500
4179.57500
4193.57500
4207.77500
4222.22500
4236.92500
4251.85000
4267.15000
4283.10000
4300.25000
4412.57500
4425.67500
4438.87500
4452.25000
4465.87500
4479.70000
4493.75000
4508.00000
4522.47500
4537.25000
4552.22500
4567.60000
4583.37500
4712.60000
4725.72500
4738.95000
4752.32500
4766.00000
4779.85000
4793.90000
4808.17500
4822.72500
4837.52500
4852.57500
4868.02500
4883.95000
5012.60000
5025.75000
5039.00000
5052.40000
5066.07500
5079.97500
5094.05000
5108.37500
5122.95000
5137.82500
5152.90000
5168.47500
5184.55000
5312.60000
5325.77500
5339.05000
5352.47500
5366.17500
5380.07500
5394.20000
5408.57500
5423.17500
5438.10000
5453.27500
5468.95000
5485.30000
5502.30000
5612.62500
5625.82500
5639.10000
5652.55000
5666.27500
5680.22500
5694.37500
5708.77500
5723.42500
5738.40000
5753.65000
5769.52500
5786.77500
5912.65000
5925.85000
5939.15000
5952.62500
5966.37500
5980.35000
5994.52500
6008.95000
6023.67500
6038.70000
6054.02500
6070.10000
6214.15000
6228.65000
6243.30000
6258.35000
6273.90000
6290.85000
6513.92500
6528.45000
6543.12500
6558.17500
6573.75000
6591.30000
6813.95000
6828.47500
6843.15000
6858.25000
6873.85000
7113.95000
7128.50000
7143.17500
7158.27500
7173.92500
7190.62500
7413.95000
7428.52500
7443.22500
7458.35000
7474.02500
7491.07500
7713.95000
7728.52500
7743.25000
7758.40000
7774.15000
8013.97500
8028.55000
8043.27500
8058.45000
8074.22500
8313.97500
8328.57500
8343.30000
8358.50000
8374.32500
8613.97500
8628.57500
8643.32500
8658.55000
8674.40000
8913.97500
8928.60000
8943.35000
8958.60000
8974.50000
9214.00000
9228.60000
9243.37500
9258.65000
9274.60000
9514.00000
9528.62500
9543.40000
9558.70000
9574.70000
9814.00000
9828.65000
9843.42500
9858.75000
9874.80000
10114.00000
10128.65000
10143.47500
10158.80000
10174.90000
10414.02500
10428.67500
10443.50000
10458.85000
10475.02500
10714.02500
10728.70000
10743.52500
10758.90000
10775.15000
11014.02500
11028.70000
11043.55000
11058.95000
11075.27500
11314.02500
11328.72500
11343.57500
11359.00000
11375.42500
11614.02500
11628.72500
11643.60000
11659.07500
11675.22500
11914.05000
11928.75000
11943.62500
11959.12500
11975.35000
12214.05000
12228.77500
12243.65000
12259.17500
12275.52500
12514.05000
12528.77500
12543.67500
12559.22500
12575.70000
12814.05000
12828.80000
12843.70000
12859.30000
12875.90000
13114.07500
13128.80000
13143.72500
13159.35000
13414.07500
13428.82500
13443.72500
13459.40000
13476.37500
13714.07500
13728.82500
13743.75000
13759.45000
13775.85000
14014.07500
14028.85000
14043.77500
14059.52500
14075.65000
14314.07500
14328.87500
14343.82500
14359.60000
14376.37500
14614.10000
14628.87500
14643.82500
14659.67500
14676.00000
14914.10000
14928.90000
14943.85000
14959.72500

