$ Stimulation Interval(ms): 300
$ Delay(ms): 31.724716
$ Number of data : 567
$ TSTOP : 15000
$ PN stimulation current max : 21000
$ LN stimulation current max : 12000
37.62500
47.42500
56.12500
64.27500
72.10000
79.70000
87.22500
94.67500
102.12500
109.55000
116.97500
124.45000
131.92500
139.45000
147.00000
154.57500
162.22500
169.90000
177.65000
185.42500
193.27500
201.17500
209.12500
222.20000
2001.97500
2295.20000
2309.95000
2603.87500
2625.22500
2881.45000
2897.10000
2910.62500
3182.02500
3197.07500
3211.15000
3226.00000
3450.65000
3466.52500
3482.77500
3494.67500
3503.65000
3517.55000
3767.17500
3784.30000
3798.35000
3808.27500
3821.47500
4067.82500
4081.62500
4090.25000
4099.35000
4107.87500
4118.35000
4351.72500
4367.40000
4377.37500
4386.37500
4395.42500
4403.95000
4412.30000
4425.52500
4637.40000
4652.82500
4669.57500
4681.42500
4690.10000
4699.60000
4708.07500
4718.52500
4952.42500
4969.37500
4982.45000
4991.22500
5001.35000
5009.75000
5025.32500
5238.10000
5254.47500
5266.30000
5274.95000
5285.15000
5293.60000
5301.85000
5310.07500
5325.30000
5530.57500
5544.52500
5555.55000
5564.77500
5573.85000
5586.80000
5595.25000
5603.50000
5611.70000
5625.37500
5838.20000
5853.67500
5867.00000
5875.42500
5885.25000
5893.55000
5901.75000
5909.90000
5925.40000
6172.55000
6184.40000
6195.40000
6206.10000
6375.80000
6390.87500
6400.95000
6410.57500
6420.07500
6429.50000
6438.92500
6448.35000
6457.85000
6467.40000
6477.00000
6486.70000
6496.50000
6506.37500
6674.35000
6685.65000
6695.85000
6705.60000
6715.15000
6724.57500
6733.97500
6743.40000
6752.85000
6762.35000
6771.90000
6781.55000
6791.30000
6801.12500
6811.05000
6978.72500
6991.25000
7001.45000
7011.20000
7020.75000
7030.22500
7039.67500
7049.15000
7058.65000
7068.20000
7077.82500
7087.55000
7097.35000
7107.25000
7274.30000
7285.80000
7296.12500
7305.87500
7315.40000
7324.82500
7334.22500
7343.62500
7353.07500
7362.57500
7372.15000
7381.80000
7391.52500
7401.35000
7411.30000
7574.12500
7584.95000
7594.95000
7604.57500
7614.05000
7623.42500
7632.80000
7642.17500
7651.60000
7661.07500
7670.62500
7680.25000
7689.97500
7699.77500
7709.70000
7877.87500
7889.15000
7899.30000
7908.97500
7918.45000
7927.87500
7937.27500
7946.70000
7956.17500
7965.70000
7975.30000
7984.97500
7994.75000
8004.62500
8175.30000
8186.15000
8196.70000
8206.45000
8215.97500
8225.42500
8234.82500
8244.22500
8253.67500
8263.20000
8272.77500
8282.42500
8292.17500
8302.00000
8311.92500
8467.07500
8479.65000
8491.42500
8501.37500
8510.97500
8520.42500
8529.82500
8539.22500
8548.62500
8558.10000
8567.62500
8577.22500
8586.92500
8596.70000
8606.57500
8761.90000
8776.57500
8789.87500
8799.65000
8809.12500
8818.52500
8827.85000
8837.20000
8846.60000
8856.02500
8865.52500
8875.10000
8884.77500
8894.52500
8904.37500
8914.65000
9067.50000
9080.55000
9091.85000
9101.80000
9111.40000
9120.85000
9130.25000
9139.65000
9149.07500
9158.55000
9168.07500
9177.67500
9187.37500
9197.15000
9207.05000
9367.92500
9380.62500
9391.20000
9401.10000
9410.70000
9420.17500
9429.57500
9438.95000
9448.37500
9457.82500
9467.35000
9476.95000
9486.65000
9496.42500
9506.30000
9669.87500
9681.25000
9691.45000
9701.17500
9710.67500
9720.05000
9729.42500
9738.77500
9748.17500
9757.65000
9767.15000
9776.75000
9786.42500
9796.20000
9806.07500
9963.87500
9977.85000
9988.37500
9998.22500
10007.77500
10017.20000
10026.55000
10035.92500
10045.30000
10054.72500
10064.22500
10073.77500
10083.42500
10093.17500
10103.00000
10112.95000
10261.80000
10276.00000
10286.17500
10295.85000
10305.27500
10314.62500
10323.92500
10333.22500
10342.55000
10351.95000
10361.40000
10370.95000
10380.55000
10390.25000
10400.05000
10409.95000
10562.05000
10576.17500
10586.25000
10595.87500
10605.27500
10614.60000
10623.87500
10633.17500
10642.52500
10651.90000
10661.35000
10670.87500
10680.50000
10690.20000
10700.00000
10709.90000
10861.10000
10875.55000
10885.82500
10895.55000
10905.02500
10914.37500
10923.67500
10933.00000
10942.35000
10951.72500
10961.20000
10970.72500
10980.32500
10990.02500
10999.82500
11009.72500
11159.10000
11170.52500
11180.67500
11190.32500
11199.75000
11209.05000
11218.30000
11227.57500
11236.85000
11246.20000
11255.60000
11265.05000
11274.60000
11284.25000
11293.97500
11303.80000
11313.75000
11462.15000
11476.15000
11486.05000
11495.55000
11504.90000
11514.20000
11523.45000
11532.75000
11542.05000
11551.45000
11560.87500
11570.40000
11580.00000
11589.70000
11599.50000
11609.40000
11758.17500
11770.27500
11780.50000
11790.20000
11799.65000
11808.95000
11818.22500
11827.50000
11836.77500
11846.12500
11855.50000
11864.97500
11874.52500
11884.17500
11893.90000
11903.72500
11913.67500
12061.85000
12073.00000
12083.30000
12093.00000
12102.45000
12111.77500
12121.05000
12130.35000
12139.65000
12149.02500
12158.45000
12167.95000
12177.52500
12187.20000
12196.95000
12206.82500
12357.57500
12369.17500
12379.37500
12389.07500
12398.50000
12407.80000
12417.05000
12426.32500
12435.60000
12444.92500
12454.30000
12463.75000
12473.30000
12482.92500
12492.62500
12502.45000
12512.37500
12658.87500
12669.97500
12679.97500
12689.55000
12698.90000
12708.17500
12717.40000
12726.65000
12735.92500
12745.22500
12754.62500
12764.07500
12773.62500
12783.25000
12792.95000
12802.77500
12812.70000
12950.65000
12964.22500
12974.85000
12984.67500
12994.15000
13003.47500
13012.72500
13021.97500
13031.22500
13040.50000
13049.85000
13059.27500
13068.75000
13078.35000
13088.00000
13097.77500
13107.62500
13259.37500
13270.47500
13280.45000
13290.02500
13299.37500
13308.65000
13317.90000
13327.15000
13336.42500
13345.75000
13355.12500
13364.60000
13374.12500
13383.77500
13393.50000
13403.32500
13413.25000
13551.17500
13564.15000
13574.70000
13584.45000
13593.92500
13603.22500
13612.47500
13621.70000
13630.95000
13640.22500
13649.57500
13658.97500
13668.45000
13678.02500
13687.70000
13697.45000
13707.32500
13863.87500
13874.87500
13884.85000
13894.42500
13903.82500
13913.12500
13922.40000
13931.67500
13941.00000
13950.37500
13959.80000
13969.32500
13978.92500
13988.60000
13998.37500
14008.27500
14156.55000
14171.17500
14181.15000
14190.70000
14200.05000
14209.30000
14218.52500
14227.77500
14237.05000
14246.40000
14255.77500
14265.25000
14274.80000
14284.45000
14294.17500
14304.02500
14313.95000
14456.55000
14471.72500
14481.77500
14491.35000
14500.72500
14510.00000
14519.25000
14528.50000
14537.80000
14547.12500
14556.52500
14566.02500
14575.57500
14585.22500
14594.95000
14604.80000
14758.45000
14772.02500
14781.80000
14791.22500
14800.50000
14809.72500
14818.95000
14828.17500
14837.45000
14846.77500
14856.17500
14865.65000
14875.20000
14884.82500
14894.57500
14904.42500
14914.52500

