$ Stimulation Interval(ms): 300
$ Delay(ms): 204.926443
$ Number of data : 351
$ TSTOP : 15000
$ PN stimulation current max : 21000
$ LN stimulation current max : 12000
209.60000
222.40000
235.12500
248.02500
261.12500
274.37500
287.80000
301.45000
315.32500
329.47500
343.90000
358.65000
373.85000
389.80000
406.25000
422.15000
438.27500
455.22500
512.37500
525.27500
538.15000
551.17500
564.42500
577.87500
591.55000
605.45000
619.55000
633.92500
648.60000
663.80000
679.90000
695.65000
711.42500
727.40000
744.05000
812.50000
825.32500
838.17500
851.22500
864.50000
877.97500
891.62500
905.50000
919.62500
934.05000
948.85000
964.35000
1112.40000
1125.22500
1138.07500
1151.12500
1164.45000
1177.92500
1191.62500
1205.60000
1219.82500
1234.40000
1249.40000
1264.95000
1412.40000
1425.25000
1438.12500
1451.22500
1464.55000
1478.07500
1491.82500
1505.82500
1520.10000
1534.72500
1549.75000
1565.57500
1712.37500
1725.27500
1738.17500
1751.30000
1764.67500
1778.22500
1792.02500
1806.07500
1820.42500
1835.10000
1850.20000
1866.27500
2012.42500
2025.32500
2038.25000
2051.40000
2064.80000
2078.40000
2092.22500
2106.32500
2120.72500
2135.47500
2150.67500
2312.40000
2325.25000
2338.20000
2351.37500
2364.80000
2378.42500
2392.30000
2406.42500
2420.85000
2435.65000
2450.92500
2612.42500
2625.30000
2638.27500
2651.47500
2664.92500
2678.57500
2692.47500
2706.65000
2721.15000
2736.00000
2751.37500
2912.45000
2925.35000
2938.32500
2951.55000
2965.05000
2978.75000
2992.67500
3006.90000
3021.42500
3036.35000
3051.85000
3212.47500
3225.40000
3238.40000
3251.65000
3265.17500
3278.90000
3292.87500
3307.15000
3321.75000
3336.72500
3352.40000
3512.50000
3525.45000
3538.45000
3551.72500
3565.27500
3579.02500
3593.05000
3607.35000
3622.00000
3637.07500
3652.92500
3812.50000
3825.47500
3838.50000
3851.80000
3865.37500
3879.17500
3893.22500
3907.57500
3922.27500
3937.40000
3953.47500
4112.47500
4125.45000
4138.50000
4151.82500
4165.42500
4179.22500
4193.30000
4207.70000
4222.45000
4237.65000
4253.95000
4412.50000
4425.47500
4438.55000
4451.87500
4465.52500
4479.35000
4493.47500
4507.90000
4522.72500
4538.02500
4712.50000
4725.52500
4738.60000
4751.95000
4765.62500
4779.50000
4793.65000
4808.12500
4822.97500
4838.32500
5012.52500
5025.52500
5038.62500
5052.02500
5065.70000
5079.60000
5093.77500
5108.30000
5123.20000
5138.65000
5312.52500
5325.55000
5338.67500
5352.07500
5365.77500
5379.72500
5393.92500
5408.50000
5423.45000
5439.00000
5612.55000
5625.57500
5638.72500
5652.15000
5665.87500
5679.82500
5694.07500
5708.67500
5723.70000
5739.35000
5912.55000
5925.62500
5938.75000
5952.20000
5965.95000
5979.95000
5994.22500
6008.87500
6023.95000
6039.70000
6213.97500
6228.25000
6242.70000
6258.00000
6513.77500
6528.02500
6542.50000
6557.80000
6813.77500
6828.05000
6842.52500
6857.85000
7113.77500
7128.07500
7142.55000
7157.87500
7413.77500
7428.07500
7442.57500
7457.92500
7713.77500
7728.10000
7742.60000
7757.97500
8013.80000
8028.10000
8042.62500
8058.00000
8313.80000
8328.12500
8342.65000
8358.05000
8613.80000
8628.12500
8642.67500
8658.10000
8913.80000
8928.15000
8942.70000
8958.15000
9213.80000
9228.15000
9242.72500
9258.20000
9513.82500
9528.17500
9542.72500
9558.22500
9813.82500
9828.17500
9842.75000
9858.27500
10113.82500
10128.20000
10142.77500
10158.32500
10413.82500
10428.20000
10442.80000
10458.37500
10713.82500
10728.22500
10742.82500
10758.42500
11013.85000
11028.22500
11042.85000
11058.47500
11313.85000
11328.25000
11342.87500
11358.52500
11613.85000
11628.25000
11642.90000
11658.57500
11913.85000
11928.25000
11942.90000
11958.62500
12213.85000
12228.27500
12242.92500
12258.67500
12513.85000
12528.27500
12542.95000
12558.75000
12813.87500
12828.30000
12842.97500
12858.80000
13113.87500
13128.30000
13143.00000
13158.85000
13413.87500
13428.32500
13443.02500
13458.92500
13713.87500
13728.32500
13743.05000
13758.97500
14013.87500
14028.35000
14043.05000
14059.05000
14313.90000
14328.35000
14343.07500
14359.12500
14613.90000
14628.37500
14643.10000
14659.20000
14913.90000
14928.37500
14943.12500
14959.25000

