$ Stimulation Interval(ms): 300
$ Delay(ms): 204.926443
$ Number of data : 546
$ TSTOP : 15000
$ PN stimulation current max : 42000
$ LN stimulation current max : 16500
209.60000
222.40000
235.12500
248.02500
261.12500
274.37500
287.80000
301.45000
315.32500
329.47500
343.90000
358.65000
373.85000
389.80000
406.25000
422.15000
438.27500
455.22500
512.37500
525.27500
538.15000
551.17500
564.42500
577.87500
591.55000
605.45000
619.55000
633.92500
648.60000
663.80000
679.90000
695.65000
711.42500
727.40000
744.05000
812.50000
825.32500
838.17500
851.22500
864.50000
877.97500
891.62500
905.50000
919.62500
934.05000
948.85000
964.35000
1112.40000
1125.22500
1138.07500
1151.12500
1164.45000
1177.92500
1191.62500
1205.60000
1219.82500
1234.40000
1249.40000
1264.95000
1412.40000
1425.25000
1438.12500
1451.22500
1464.55000
1478.07500
1491.82500
1505.82500
1520.10000
1534.72500
1549.75000
1565.57500
1712.37500
1725.27500
1738.17500
1751.30000
1764.67500
1778.22500
1792.02500
1806.07500
1820.42500
1835.10000
1850.20000
1866.27500
2012.42500
2025.32500
2038.25000
2051.40000
2064.80000
2078.40000
2092.22500
2106.32500
2120.72500
2135.47500
2150.67500
2312.40000
2325.25000
2338.20000
2351.37500
2364.80000
2378.42500
2392.30000
2406.42500
2420.85000
2435.65000
2450.92500
2612.42500
2625.30000
2638.27500
2651.47500
2664.92500
2678.57500
2692.47500
2706.65000
2721.15000
2736.00000
2751.37500
2912.45000
2925.35000
2938.32500
2951.55000
2965.05000
2978.75000
2992.67500
3006.90000
3021.42500
3036.35000
3051.85000
3212.47500
3225.40000
3238.40000
3251.65000
3265.17500
3278.90000
3292.87500
3307.15000
3321.75000
3336.72500
3352.40000
3512.50000
3525.45000
3538.45000
3551.72500
3565.27500
3579.02500
3593.05000
3607.35000
3622.00000
3637.07500
3652.92500
3812.50000
3825.47500
3838.50000
3851.80000
3865.37500
3879.17500
3893.22500
3907.57500
3922.27500
3937.40000
3953.47500
4112.47500
4125.45000
4138.50000
4151.82500
4165.42500
4179.22500
4193.30000
4207.70000
4222.45000
4237.65000
4253.95000
4412.50000
4425.47500
4438.55000
4451.87500
4465.52500
4479.35000
4493.47500
4507.90000
4522.72500
4538.02500
4712.50000
4725.52500
4738.60000
4751.95000
4765.62500
4779.50000
4793.65000
4808.12500
4822.97500
4838.32500
5012.52500
5025.52500
5038.62500
5052.02500
5065.70000
5079.60000
5093.77500
5108.30000
5123.20000
5138.65000
5312.52500
5325.55000
5338.67500
5352.07500
5365.77500
5379.72500
5393.92500
5408.50000
5423.45000
5439.00000
5612.55000
5625.57500
5638.72500
5652.15000
5665.87500
5679.82500
5694.07500
5708.67500
5723.70000
5739.35000
5912.55000
5925.62500
5938.75000
5952.20000
5965.95000
5979.95000
5994.22500
6008.87500
6023.95000
6039.70000
6212.07500
6224.72500
6237.45000
6250.35000
6263.50000
6276.85000
6290.37500
6304.10000
6318.07500
6332.35000
6346.97500
6362.10000
6378.05000
6512.17500
6524.85000
6537.60000
6550.52500
6563.70000
6577.05000
6590.62500
6604.40000
6618.42500
6632.75000
6647.45000
6662.65000
6679.02500
6812.20000
6824.87500
6837.65000
6850.57500
6863.80000
6877.17500
6890.75000
6904.57500
6918.62500
6933.02500
6947.80000
6963.17500
7112.22500
7124.92500
7137.70000
7150.65000
7163.87500
7177.30000
7190.90000
7204.75000
7218.85000
7233.30000
7248.15000
7263.62500
7412.22500
7424.92500
7437.70000
7450.67500
7463.92500
7477.35000
7491.00000
7504.87500
7519.00000
7533.50000
7548.40000
7564.02500
7712.22500
7724.95000
7737.75000
7750.75000
7764.00000
7777.45000
7791.12500
7805.02500
7819.20000
7833.75000
7848.75000
7864.60000
8012.25000
8024.97500
8037.77500
8050.80000
8064.07500
8077.55000
8091.25000
8105.17500
8119.40000
8134.00000
8149.10000
8165.25000
8312.25000
8325.00000
8337.82500
8350.85000
8364.15000
8377.65000
8391.37500
8405.32500
8419.60000
8434.25000
8449.42500
8466.45000
8612.25000
8625.02500
8637.85000
8650.90000
8664.22500
8677.75000
8691.50000
8705.47500
8719.80000
8734.50000
8749.80000
8912.27500
8925.05000
8937.90000
8950.95000
8964.30000
8977.82500
8991.60000
9005.62500
9019.97500
9034.75000
9050.15000
9212.27500
9225.05000
9237.92500
9251.00000
9264.37500
9277.92500
9291.70000
9305.77500
9320.15000
9334.97500
9350.50000
9512.27500
9525.07500
9537.95000
9551.05000
9564.42500
9578.00000
9591.82500
9605.90000
9620.32500
9635.20000
9650.85000
9812.30000
9825.10000
9838.00000
9851.10000
9864.50000
9878.10000
9891.92500
9906.05000
9920.50000
9935.45000
9951.30000
10112.30000
10125.12500
10138.02500
10151.15000
10164.55000
10178.17500
10192.02500
10206.17500
10220.70000
10235.70000
10251.87500
10412.30000
10425.15000
10438.05000
10451.20000
10464.62500
10478.25000
10492.15000
10506.32500
10520.87500
10535.97500
10712.32500
10725.15000
10738.07500
10751.22500
10764.67500
10778.32500
10792.25000
10806.45000
10821.05000
10836.20000
11012.32500
11025.17500
11038.10000
11051.27500
11064.75000
11078.40000
11092.35000
11106.57500
11121.20000
11136.45000
11312.32500
11325.20000
11338.12500
11351.32500
11364.80000
11378.47500
11392.45000
11406.70000
11421.37500
11436.72500
11612.35000
11625.20000
11638.15000
11651.35000
11664.85000
11678.55000
11692.52500
11706.82500
11721.55000
11736.97500
11912.35000
11925.22500
11938.20000
11951.40000
11964.90000
11978.62500
11992.62500
12006.95000
12021.72500
12037.25000
12212.35000
12225.25000
12238.22500
12251.42500
12264.97500
12278.70000
12292.72500
12307.10000
12321.90000
12337.60000
12512.35000
12525.25000
12538.25000
12551.47500
12565.02500
12578.77500
12592.82500
12607.22500
12622.07500
12637.97500
12812.37500
12825.27500
12838.27500
12851.52500
12865.07500
12878.85000
12892.92500
12907.35000
12922.25000
12938.45000
13112.37500
13125.30000
13138.30000
13151.55000
13165.12500
13178.92500
13193.02500
13207.47500
13222.45000
13412.37500
13425.30000
13438.32500
13451.60000
13465.17500
13479.00000
13493.10000
13507.57500
13522.60000
13712.37500
13725.32500
13738.35000
13751.62500
13765.22500
13779.05000
13793.20000
13807.70000
13822.75000
14012.40000
14025.35000
14038.37500
14051.65000
14065.27500
14079.12500
14093.27500
14107.80000
14122.90000
14312.40000
14325.35000
14338.37500
14351.70000
14365.32500
14379.17500
14393.35000
14407.92500
14423.07500
14612.40000
14625.37500
14638.40000
14651.72500
14665.37500
14679.25000
14693.45000
14708.02500
14723.25000
14912.40000
14925.37500
14938.42500
14951.75000
14965.42500
14979.30000
14993.52500

