$ Stimulation Interval(ms): 300
$ Delay(ms): 17.581766
$ Number of data : 506
$ TSTOP : 15000
$ PN stimulation current max : 42000
$ LN stimulation current max : 16500
23.55000
33.40000
42.12500
50.27500
58.10000
65.72500
73.22500
80.70000
88.15000
95.57500
103.00000
110.47500
117.95000
125.47500
133.02500
140.62500
148.25000
155.95000
163.67500
171.47500
179.30000
187.20000
195.15000
203.17500
213.90000
227.72500
1407.70000
1702.00000
1733.42500
1997.72500
2014.27500
2278.72500
2294.75000
2313.97500
2331.20000
2566.62500
2583.47500
2597.15000
2616.07500
2631.85000
2880.92500
2896.57500
2916.82500
2933.00000
3170.40000
3183.10000
3197.00000
3205.95000
3217.80000
3233.95000
3456.60000
3468.57500
3482.37500
3494.27500
3503.30000
3516.97500
3532.65000
3766.77500
3782.97500
3797.50000
3806.15000
3817.60000
3833.12500
4052.77500
4069.00000
4083.35000
4095.90000
4104.55000
4116.67500
4131.27500
4351.15000
4367.42500
4377.77500
4386.80000
4396.12500
4404.72500
4416.75000
4431.27500
4637.20000
4653.42500
4668.92500
4680.60000
4689.15000
4699.00000
4707.50000
4717.85000
4732.20000
4936.52500
4952.67500
4968.20000
4976.85000
4986.22500
4994.70000
5003.62500
5015.62500
5030.97500
5245.12500
5256.37500
5267.47500
5280.37500
5289.27500
5297.80000
5306.20000
5317.25000
5331.42500
5554.70000
5571.00000
5579.87500
5589.70000
5599.40000
5608.07500
5618.65000
5633.47500
5822.50000
5838.47500
5853.17500
5861.77500
5870.45000
5878.80000
5887.52500
5895.92500
5904.22500
5916.30000
5931.05000
6106.70000
6122.55000
6138.30000
6147.52500
6156.70000
6166.42500
6174.20000
6181.85000
6189.45000
6197.05000
6204.65000
6214.17500
6228.85000
6437.15000
6460.52500
6476.72500
6492.52500
6500.82500
6513.27500
6529.30000
6762.32500
6778.12500
6794.40000
6802.72500
6815.92500
6829.80000
7038.15000
7054.27500
7065.17500
7078.10000
7086.45000
7095.07500
7103.15000
7113.50000
7129.20000
7333.27500
7346.60000
7362.15000
7371.32500
7380.27500
7388.82500
7397.15000
7405.12500
7416.27500
7429.65000
7635.22500
7647.92500
7662.77500
7675.12500
7684.05000
7693.35000
7701.30000
7712.20000
7728.90000
7947.97500
7964.00000
7972.55000
7981.55000
7989.52500
7997.72500
8005.57500
8016.00000
8029.45000
8224.07500
8235.32500
8248.50000
8264.35000
8272.50000
8281.92500
8289.97500
8298.57500
8306.50000
8316.40000
8329.55000
8523.60000
8539.42500
8549.80000
8563.95000
8572.07500
8581.80000
8589.90000
8598.05000
8605.97500
8616.22500
8629.52500
8825.05000
8841.47500
8856.72500
8867.22500
8881.92500
8890.17500
8898.90000
8906.90000
8916.65000
8929.67500
9118.57500
9133.82500
9149.40000
9163.42500
9171.42500
9180.90000
9188.85000
9196.60000
9204.32500
9213.60000
9229.07500
9419.45000
9433.70000
9447.80000
9456.82500
9464.77500
9472.52500
9480.50000
9488.17500
9495.82500
9503.47500
9513.07500
9528.97500
9720.67500
9734.32500
9750.10000
9758.07500
9767.30000
9775.17500
9783.20000
9790.97500
9798.65000
9806.35000
9816.22500
9829.50000
10019.55000
10034.65000
10050.52500
10066.15000
10074.25000
10084.00000
10092.07500
10099.92500
10107.70000
10117.07500
10129.77500
10310.72500
10323.07500
10335.67500
10350.72500
10358.82500
10368.45000
10376.52500
10385.05000
10392.90000
10400.62500
10409.65000
10419.42500
10430.37500
10606.97500
10620.62500
10635.30000
10647.07500
10655.07500
10663.72500
10671.50000
10679.12500
10686.72500
10694.30000
10701.92500
10712.40000
10728.90000
10908.70000
10924.67500
10937.05000
10950.47500
10959.07500
10967.87500
10975.67500
10983.35000
10990.95000
10998.57500
11006.22500
11016.17500
11029.52500
11195.97500
11208.85000
11219.87500
11232.27500
11241.65000
11250.15000
11257.82500
11265.82500
11273.42500
11280.97500
11288.50000
11296.05000
11303.62500
11313.15000
11329.00000
11505.67500
11520.67500
11535.25000
11544.05000
11552.97500
11560.70000
11568.25000
11575.75000
11583.27500
11590.80000
11598.35000
11605.95000
11616.02500
11629.50000
11804.92500
11819.32500
11828.55000
11836.95000
11845.57500
11853.52500
11861.20000
11869.15000
11876.80000
11884.35000
11891.92500
11899.50000
11907.10000
11916.57500
11929.60000
12105.77500
12120.42500
12136.75000
12145.55000
12154.77500
12162.67500
12171.50000
12179.40000
12187.12500
12194.80000
12202.45000
12212.70000
12229.02500
12396.62500
12411.17500
12422.37500
12436.42500
12450.42500
12458.52500
12467.27500
12474.95000
12482.52500
12490.07500
12497.65000
12505.25000
12515.25000
12529.40000
12694.02500
12706.50000
12719.90000
12728.82500
12737.15000
12745.35000
12753.00000
12760.52500
12768.00000
12775.47500
12782.95000
12790.45000
12797.97500
12805.52500
12815.70000
12829.45000
12992.07500
13006.55000
13020.60000
13030.00000
13038.92500
13053.02500
13060.85000
13069.17500
13076.77500
13084.32500
13091.87500
13099.45000
13107.05000
13116.55000
13129.65000
13293.60000
13308.20000
13321.52500
13330.20000
13338.55000
13349.92500
13357.60000
13365.07500
13372.55000
13380.02500
13387.50000
13395.02500
13402.57500
13412.70000
13428.97500
13591.17500
13604.50000
13613.17500
13621.62500
13630.10000
13637.85000
13645.40000
13652.87500
13660.30000
13667.70000
13675.12500
13682.57500
13690.07500
13697.57500
13705.12500
13714.42500
13729.25000
13882.12500
13895.47500
13908.65000
13918.72500
13927.17500
13935.92500
13943.57500
13952.45000
13960.10000
13967.62500
13975.10000
13982.57500
13990.07500
13997.60000
14005.15000
14014.50000
14029.27500
14190.75000
14206.67500
14220.17500
14228.02500
14236.57500
14244.17500
14252.97500
14260.55000
14268.02500
14275.47500
14282.95000
14290.42500
14297.95000
14305.52500
14315.65000
14329.50000
14480.05000
14495.90000
14506.85000
14517.05000
14528.87500
14537.60000
14545.22500
14552.75000
14560.17500
14567.60000
14575.02500
14582.47500
14589.95000
14597.45000
14605.00000
14614.12500
14629.22500
14780.15000
14795.47500
14805.12500
14813.90000
14822.50000
14830.82500
14838.47500
14846.42500
14854.00000
14861.47500
14868.90000
14876.35000
14883.80000
14891.30000
14898.82500
14906.37500
14916.20000
14929.60000

