$ Stimulation Interval(ms): 300
$ Delay(ms): 46.472475
$ Number of data : 616
$ TSTOP : 15000
$ PN stimulation current max : 42000
$ LN stimulation current max : 16500
52.30000
62.10000
70.77500
78.90000
86.72500
94.35000
101.85000
109.32500
116.75000
124.17500
131.60000
139.07500
146.55000
154.05000
161.62500
169.20000
176.85000
184.52500
192.27500
200.05000
209.57500
500.45000
789.72500
806.12500
1073.17500
1089.57500
1104.10000
1376.27500
1391.47500
1408.07500
1660.65000
1676.60000
1692.35000
1704.02500
1947.55000
1962.70000
1977.42500
1992.32500
2002.00000
2247.25000
2263.85000
2279.05000
2294.95000
2305.82500
2548.27500
2561.65000
2577.52500
2587.40000
2596.70000
2607.40000
2832.57500
2848.67500
2863.57500
2879.05000
2895.62500
2907.17500
3132.62500
3147.92500
3162.57500
3174.67500
3183.22500
3193.00000
3201.37500
3210.82500
3433.27500
3448.27500
3463.77500
3475.40000
3484.07500
3495.07500
3503.45000
3518.37500
3718.60000
3734.30000
3748.40000
3763.55000
3773.30000
3782.52500
3793.05000
3801.30000
3818.05000
4019.52500
4033.55000
4049.05000
4062.92500
4071.27500
4080.07500
4088.25000
4097.10000
4105.32500
4118.10000
4319.55000
4334.80000
4350.15000
4360.32500
4368.97500
4377.72500
4386.22500
4394.77500
4402.97500
4413.20000
4619.52500
4635.20000
4649.85000
4661.57500
4670.17500
4681.25000
4689.50000
4698.97500
4707.22500
4719.67500
4905.00000
4921.22500
4935.47500
4950.90000
4960.47500
4969.55000
4978.37500
4986.67500
4994.80000
5003.25000
5018.00000
5204.85000
5221.05000
5234.55000
5246.40000
5254.72500
5264.30000
5272.47500
5281.57500
5289.80000
5297.85000
5305.87500
5318.17500
5507.12500
5520.65000
5534.00000
5544.82500
5553.25000
5562.80000
5570.95000
5578.92500
5586.85000
5594.77500
5602.70000
5611.45000
5805.70000
5821.20000
5836.72500
5846.80000
5855.92500
5867.00000
5875.22500
5884.62500
5892.77500
5900.80000
5908.82500
6088.87500
6104.30000
6118.95000
6128.60000
6137.25000
6147.90000
6155.45000
6165.10000
6172.62500
6180.00000
6187.35000
6194.70000
6202.10000
6209.50000
6221.97500
6414.82500
6429.00000
6443.95000
6459.22500
6468.62500
6477.25000
6488.92500
6496.72500
6506.47500
6517.52500
6714.57500
6727.77500
6741.97500
6753.05000
6762.12500
6770.37500
6779.45000
6788.47500
6796.12500
6804.95000
6817.05000
6832.97500
7014.95000
7028.45000
7042.75000
7058.75000
7067.67500
7076.80000
7084.62500
7093.10000
7100.92500
7109.22500
7122.85000
7315.20000
7329.40000
7344.12500
7352.87500
7361.87500
7370.25000
7378.17500
7386.65000
7394.42500
7402.05000
7409.82500
7430.97500
7613.75000
7629.32500
7643.97500
7652.87500
7661.25000
7669.55000
7677.77500
7685.45000
7693.97500
7701.62500
7711.07500
7730.95000
7914.75000
7929.50000
7943.30000
7956.00000
7963.80000
7972.55000
7980.10000
7988.60000
7996.12500
8003.57500
8012.42500
8030.90000
8201.05000
8214.95000
8229.20000
8244.97500
8252.70000
8262.62500
8270.32500
8279.05000
8286.72500
8294.25000
8301.72500
8309.22500
8319.02500
8501.32500
8517.30000
8528.90000
8538.35000
8546.77500
8554.87500
8562.85000
8570.32500
8578.47500
8585.92500
8594.40000
8601.90000
8609.35000
8620.52500
8801.60000
8815.40000
8828.50000
8840.05000
8847.70000
8856.17500
8863.77500
8871.22500
8878.92500
8886.37500
8893.77500
8901.17500
8908.60000
8917.97500
8933.65000
9101.97500
9116.37500
9130.62500
9140.40000
9149.07500
9157.70000
9165.92500
9173.62500
9181.32500
9188.90000
9196.87500
9204.42500
9217.05000
9231.87500
9400.42500
9416.37500
9430.90000
9439.67500
9448.75000
9456.47500
9464.60000
9472.15000
9479.62500
9487.07500
9494.50000
9501.92500
9509.37500
9519.52500
9700.77500
9716.90000
9726.52500
9734.67500
9744.45000
9752.15000
9761.07500
9768.57500
9776.15000
9783.62500
9791.02500
9798.40000
9805.80000
9817.15000
9831.80000
10000.00000
10014.65000
10024.57500
10032.75000
10040.72500
10048.65000
10056.07500
10063.67500
10071.02500
10079.07500
10086.47500
10093.85000
10101.22500
10108.62500
10118.00000
10132.92500
10288.37500
10301.57500
10314.92500
10325.10000
10333.17500
10341.15000
10348.77500
10356.12500
10363.80000
10371.15000
10378.45000
10385.75000
10393.07500
10400.42500
10407.80000
10417.70000
10432.15000
10588.52500
10602.05000
10615.42500
10627.07500
10635.90000
10645.45000
10653.55000
10662.62500
10670.15000
10677.52500
10684.87500
10692.22500
10699.60000
10707.00000
10717.45000
10732.02500
10888.87500
10902.20000
10915.30000
10924.77500
10933.42500
10942.05000
10950.00000
10958.22500
10965.92500
10973.35000
10981.17500
10988.62500
10996.00000
11003.42500
11012.27500
11031.00000
11189.32500
11202.82500
11216.47500
11226.32500
11234.67500
11243.82500
11251.50000
11260.07500
11267.52500
11274.87500
11282.20000
11289.52500
11296.87500
11304.25000
11317.12500
11331.67500
11487.37500
11502.97500
11516.50000
11524.77500
11534.05000
11542.65000
11550.40000
11557.82500
11565.45000
11572.87500
11580.22500
11587.55000
11594.92500
11602.27500
11609.70000
11622.17500
11787.60000
11802.22500
11817.45000
11828.97500
11836.77500
11845.47500
11853.12500
11860.52500
11868.20000
11875.57500
11882.90000
11890.25000
11897.60000
11904.97500
11917.07500
11931.70000
12086.92500
12101.67500
12111.12500
12119.20000
12127.65000
12135.15000
12143.47500
12150.85000
12158.17500
12165.42500
12172.67500
12179.95000
12187.22500
12194.52500
12201.87500
12209.25000
12218.57500
12234.00000
12387.40000
12400.80000
12410.72500
12418.72500
12426.75000
12434.27500
12442.75000
12450.35000
12457.65000
12464.97500
12472.25000
12479.52500
12486.82500
12494.12500
12501.47500
12508.85000
12518.10000
12532.35000
12687.85000
12702.37500
12712.30000
12720.40000
12729.32500
12737.02500
12745.92500
12753.37500
12760.67500
12767.92500
12775.25000
12782.55000
12789.85000
12797.17500
12804.55000
12817.10000
12831.67500
12987.42500
13001.30000
13011.77500
13019.57500
13027.47500
13035.05000
13042.32500
13050.02500
13057.27500
13064.50000
13071.72500
13078.95000
13086.22500
13093.50000
13100.85000
13108.20000
13117.87500
13132.12500
13287.70000
13302.05000
13310.05000
13318.52500
13326.05000
13334.40000
13341.80000
13350.35000
13357.77500
13365.07500
13372.32500
13379.60000
13386.90000
13394.20000
13401.55000
13408.92500
13418.17500
13432.35000
13587.70000
13602.62500
13612.90000
13621.12500
13630.10000
13638.15000
13646.92500
13654.45000
13661.77500
13669.35000
13676.70000
13684.02500
13691.35000
13698.70000
13706.07500
13717.27500
13731.82500
13879.37500
13891.55000
13903.52500
13912.32500
13920.32500
13928.80000
13936.55000
13943.90000
13952.05000
13959.42500
13966.67500
13973.92500
13981.20000
13988.47500
13995.80000
14003.15000
14011.05000
14023.60000
14187.92500
14203.25000
14211.05000
14219.67500
14227.17500
14235.57500
14242.95000
14251.25000
14258.55000
14265.80000
14273.02500
14280.27500
14287.55000
14294.85000
14302.17500
14309.55000
14319.60000
14476.52500
14488.62500
14502.60000
14512.50000
14520.35000
14529.32500
14536.90000
14544.22500
14551.92500
14559.25000
14566.50000
14573.72500
14581.00000
14588.27500
14595.57500
14602.92500
14610.40000
14622.75000
14776.60000
14789.27500
14803.40000
14813.57500
14821.82500
14830.82500
14838.37500
14846.12500
14853.42500
14860.67500
14867.90000
14875.12500
14882.40000
14889.67500
14897.00000
14904.35000
14917.25000
14931.70000

