$ Stimulation Interval(ms): 300
$ Delay(ms): 31.724716
$ Number of data : 499
$ TSTOP : 15000
$ PN stimulation current max : 42000
$ LN stimulation current max : 16500
37.62500
47.42500
56.12500
64.27500
72.10000
79.70000
87.22500
94.67500
102.12500
109.55000
116.97500
124.45000
131.92500
139.45000
147.00000
154.57500
162.22500
169.90000
177.65000
185.42500
193.27500
201.17500
209.12500
222.20000
2001.97500
2295.20000
2309.95000
2603.87500
2625.22500
2881.45000
2897.10000
2910.62500
3182.02500
3197.07500
3211.15000
3226.00000
3450.65000
3466.52500
3482.77500
3494.67500
3503.65000
3517.55000
3767.17500
3784.30000
3798.35000
3808.27500
3821.47500
4067.82500
4081.62500
4090.25000
4099.35000
4107.87500
4118.35000
4351.72500
4367.40000
4377.37500
4386.37500
4395.42500
4403.95000
4412.30000
4425.52500
4637.40000
4652.82500
4669.57500
4681.42500
4690.10000
4699.60000
4708.07500
4718.52500
4952.42500
4969.37500
4982.45000
4991.22500
5001.35000
5009.75000
5025.32500
5238.10000
5254.47500
5266.30000
5274.95000
5285.15000
5293.60000
5301.85000
5310.07500
5325.30000
5530.57500
5544.52500
5555.55000
5564.77500
5573.85000
5586.80000
5595.25000
5603.50000
5611.70000
5625.37500
5838.20000
5853.67500
5867.00000
5875.42500
5885.25000
5893.55000
5901.75000
5909.90000
5925.40000
6106.42500
6121.82500
6137.30000
6149.65000
6159.10000
6168.20000
6176.02500
6183.65000
6191.20000
6198.75000
6206.30000
6216.37500
6230.87500
6453.22500
6467.05000
6477.50000
6491.60000
6499.77500
6509.67500
6520.55000
6533.67500
6745.72500
6761.07500
6777.07500
6785.25000
6794.90000
6803.00000
6811.97500
6824.55000
7046.80000
7061.20000
7077.42500
7085.82500
7094.90000
7103.00000
7111.30000
7124.42500
7336.62500
7347.42500
7361.75000
7370.65000
7379.30000
7387.37500
7395.60000
7403.40000
7411.90000
7424.37500
7632.07500
7646.32500
7655.80000
7665.67500
7675.57500
7684.15000
7693.22500
7701.05000
7708.72500
7717.67500
7731.82500
7931.87500
7946.85000
7962.87500
7973.20000
7982.02500
7990.55000
7998.57500
8006.40000
8016.65000
8031.30000
8232.47500
8247.95000
8264.17500
8278.37500
8286.35000
8295.27500
8303.00000
8310.65000
8320.47500
8333.07500
8522.42500
8538.60000
8549.75000
8563.10000
8571.05000
8580.70000
8588.60000
8596.57500
8604.30000
8611.95000
8624.40000
8825.25000
8840.70000
8850.35000
8864.87500
8872.97500
8882.47500
8890.47500
8898.62500
8906.40000
8916.65000
8931.22500
9122.67500
9134.20000
9149.70000
9163.92500
9171.95000
9181.00000
9188.85000
9196.52500
9204.12500
9211.75000
9224.37500
9418.42500
9433.07500
9446.42500
9456.32500
9465.15000
9474.90000
9482.82500
9490.47500
9498.05000
9505.62500
9516.45000
9531.02500
9703.07500
9719.55000
9733.52500
9749.57500
9758.65000
9767.17500
9774.90000
9782.85000
9790.52500
9798.10000
9805.70000
9816.47500
9831.05000
10018.77500
10034.57500
10048.92500
10056.85000
10066.32500
10074.17500
10083.22500
10091.10000
10098.80000
10106.42500
10116.62500
10131.12500
10318.90000
10334.57500
10343.15000
10351.85000
10359.97500
10368.50000
10376.30000
10384.00000
10391.62500
10399.20000
10406.75000
10416.70000
10431.07500
10603.02500
10618.05000
10633.70000
10643.15000
10651.60000
10660.92500
10668.60000
10676.10000
10683.55000
10691.00000
10698.47500
10705.97500
10716.47500
10731.00000
10908.90000
10924.90000
10935.45000
10943.85000
10953.95000
10961.87500
10969.65000
10977.32500
10984.87500
10992.37500
10999.90000
11007.45000
11016.95000
11031.10000
11204.42500
11218.80000
11232.07500
11243.12500
11251.47500
11260.52500
11268.25000
11275.82500
11283.32500
11290.82500
11298.30000
11305.82500
11316.47500
11331.02500
11504.80000
11519.97500
11532.57500
11543.60000
11552.70000
11561.97500
11569.62500
11577.12500
11584.60000
11592.07500
11599.55000
11607.07500
11616.80000
11631.07500
11803.50000
11819.50000
11834.10000
11844.62500
11852.75000
11860.42500
11868.40000
11875.95000
11883.45000
11890.92500
11898.40000
11905.90000
11916.50000
11931.05000
12103.97500
12113.20000
12122.57500
12136.05000
12143.87500
12153.05000
12160.75000
12169.90000
12177.60000
12185.12500
12192.62500
12200.12500
12207.65000
12217.05000
12231.12500
12397.57500
12409.60000
12421.55000
12435.22500
12443.90000
12452.32500
12460.97500
12468.95000
12476.47500
12483.95000
12491.42500
12498.90000
12506.40000
12516.60000
12531.05000
12693.82500
12706.05000
12718.90000
12728.80000
12736.80000
12745.42500
12753.02500
12760.47500
12767.85000
12775.22500
12782.60000
12790.00000
12797.45000
12804.90000
12812.40000
12824.45000
12838.62500
12998.37500
13012.17500
13021.47500
13029.80000
13038.35000
13046.02500
13054.47500
13062.12500
13069.62500
13077.07500
13084.50000
13091.92500
13099.40000
13106.90000
13116.75000
13131.07500
13289.80000
13304.70000
13314.17500
13323.00000
13333.45000
13341.20000
13350.50000
13358.07500
13365.50000
13372.90000
13380.27500
13387.67500
13395.10000
13402.57500
13410.05000
13419.90000
13432.62500
13596.37500
13612.52500
13621.57500
13630.57500
13638.52500
13647.15000
13654.70000
13662.12500
13669.50000
13676.87500
13684.25000
13691.67500
13699.12500
13706.60000
13716.62500
13731.07500
13890.05000
13905.32500
13918.30000
13927.12500
13935.85000
13943.40000
13952.05000
13959.55000
13966.92500
13974.30000
13981.67500
13989.05000
13996.47500
14003.95000
14011.45000
14020.87500
14033.20000
14189.75000
14206.22500
14219.17500
14229.92500
14238.02500
14245.60000
14253.82500
14261.32500
14268.72500
14276.12500
14283.50000
14290.92500
14298.35000
14305.82500
14316.52500
14331.07500
14482.30000
14497.05000
14509.80000
14521.50000
14529.80000
14538.05000
14545.50000
14552.90000
14560.25000
14567.57500
14574.92500
14582.27500
14589.67500
14597.07500
14604.55000
14612.02500
14624.47500
14638.65000
14782.65000
14798.55000
14811.50000
14821.37500
14831.05000
14838.77500
14846.87500
14854.45000
14861.87500
14869.27500
14876.65000
14884.05000
14891.45000
14898.90000
14906.37500
14916.60000
14931.10000

