$ Stimulation Interval(ms): 300
$ Delay(ms): 204.892214
$ Number of data : 692
$ TSTOP : 15000
$ PN stimulation current max : 42000
$ LN stimulation current max : 16500
209.60000
222.42500
235.20000
248.07500
261.15000
274.35000
287.70000
301.22500
314.90000
328.75000
342.77500
357.00000
371.37500
385.97500
400.85000
416.05000
431.45000
447.37500
463.72500
512.32500
525.17500
538.05000
551.02500
564.20000
577.52500
591.00000
604.62500
618.42500
632.40000
646.55000
660.90000
675.42500
690.25000
705.42500
720.85000
736.77500
753.15000
812.40000
825.27500
838.17500
851.17500
864.40000
877.80000
891.32500
905.02500
918.92500
932.97500
947.25000
961.67500
976.32500
991.27500
1006.55000
1022.10000
1038.25000
1055.42500
1112.40000
1125.25000
1138.15000
1151.20000
1164.47500
1177.90000
1191.50000
1205.27500
1219.22500
1233.37500
1247.70000
1262.22500
1277.00000
1292.10000
1307.67500
1323.55000
1340.00000
1412.45000
1425.37500
1438.32500
1451.40000
1464.72500
1478.20000
1491.82500
1505.65000
1519.65000
1533.85000
1548.25000
1562.85000
1577.70000
1592.92500
1608.40000
1624.42500
1641.07500
1712.42500
1725.35000
1738.32500
1751.45000
1764.80000
1778.32500
1792.02500
1805.90000
1819.95000
1834.22500
1848.67500
1863.35000
1878.32500
1893.70000
1909.35000
1925.70000
2012.42500
2025.37500
2038.37500
2051.55000
2064.95000
2078.50000
2092.25000
2106.15000
2120.27500
2134.60000
2149.12500
2163.87500
2178.95000
2194.47500
2210.30000
2227.32500
2312.50000
2325.47500
2338.50000
2351.70000
2365.12500
2378.70000
2392.47500
2406.45000
2420.62500
2435.00000
2449.60000
2464.40000
2479.57500
2495.05000
2511.10000
2528.35000
2612.52500
2625.52500
2638.57500
2651.80000
2665.25000
2678.90000
2692.70000
2706.72500
2720.92500
2735.37500
2750.02500
2764.92500
2780.17500
2795.72500
2812.07500
2912.55000
2925.57500
2938.65000
2951.90000
2965.40000
2979.05000
2992.90000
3006.95000
3021.22500
3035.72500
3050.42500
3065.40000
3080.75000
3096.80000
3114.42500
3212.52500
3225.55000
3238.67500
3251.95000
3265.47500
3279.17500
3293.07500
3307.15000
3321.47500
3336.02500
3350.77500
3365.85000
3381.32500
3397.25000
3512.57500
3525.62500
3538.77500
3552.07500
3565.62500
3579.35000
3593.27500
3607.40000
3621.75000
3636.35000
3651.17500
3666.32500
3681.92500
3698.05000
3812.57500
3825.65000
3838.82500
3852.12500
3865.70000
3879.47500
3893.42500
3907.60000
3922.00000
3936.65000
3951.50000
3966.70000
3982.45000
3998.82500
4112.55000
4125.65000
4138.82500
4152.17500
4165.77500
4179.57500
4193.57500
4207.77500
4222.22500
4236.92500
4251.85000
4267.15000
4283.10000
4300.25000
4412.57500
4425.67500
4438.87500
4452.25000
4465.87500
4479.70000
4493.75000
4508.00000
4522.47500
4537.25000
4552.22500
4567.60000
4583.37500
4712.60000
4725.72500
4738.95000
4752.32500
4766.00000
4779.85000
4793.90000
4808.17500
4822.72500
4837.52500
4852.57500
4868.02500
4883.95000
5012.60000
5025.75000
5039.00000
5052.40000
5066.07500
5079.97500
5094.05000
5108.37500
5122.95000
5137.82500
5152.90000
5168.47500
5184.55000
5312.60000
5325.77500
5339.05000
5352.47500
5366.17500
5380.07500
5394.20000
5408.57500
5423.17500
5438.10000
5453.27500
5468.95000
5485.30000
5502.30000
5612.62500
5625.82500
5639.10000
5652.55000
5666.27500
5680.22500
5694.37500
5708.77500
5723.42500
5738.40000
5753.65000
5769.52500
5786.77500
5912.65000
5925.85000
5939.15000
5952.62500
5966.37500
5980.35000
5994.52500
6008.95000
6023.67500
6038.70000
6054.02500
6070.10000
6212.12500
6224.92500
6237.77500
6250.77500
6264.02500
6277.45000
6291.05000
6304.82500
6318.82500
6333.05000
6347.55000
6362.30000
6377.30000
6392.75000
6408.62500
6512.25000
6525.05000
6537.92500
6550.95000
6564.22500
6577.67500
6591.30000
6605.12500
6619.15000
6633.42500
6647.95000
6662.77500
6677.82500
6693.40000
6709.45000
6812.30000
6825.12500
6838.00000
6851.05000
6864.35000
6877.80000
6891.45000
6905.30000
6919.37500
6933.67500
6948.25000
6963.12500
6978.27500
6993.95000
7010.25000
7112.30000
7125.12500
7138.02500
7151.10000
7164.40000
7177.90000
7191.57500
7205.45000
7219.55000
7233.90000
7248.52500
7263.45000
7278.67500
7294.50000
7311.17500
7412.30000
7425.15000
7438.07500
7451.15000
7464.50000
7478.00000
7491.70000
7505.62500
7519.75000
7534.12500
7548.80000
7563.80000
7579.10000
7595.15000
7712.32500
7725.20000
7738.15000
7751.25000
7764.60000
7778.12500
7791.85000
7805.77500
7819.95000
7834.35000
7849.07500
7864.12500
7879.50000
7895.27500
7912.05000
8012.32500
8025.20000
8038.15000
8051.27500
8064.65000
8078.20000
8091.95000
8105.92500
8120.12500
8134.57500
8149.32500
8164.45000
8179.95000
8195.87500
8312.32500
8325.22500
8338.20000
8351.32500
8364.72500
8378.30000
8392.07500
8406.07500
8420.30000
8434.80000
8449.60000
8464.75000
8480.15000
8496.22500
8513.62500
8612.35000
8625.25000
8638.25000
8651.40000
8664.80000
8678.40000
8692.22500
8706.22500
8720.50000
8735.02500
8749.87500
8764.97500
8780.62500
8796.97500
8912.35000
8925.27500
8938.27500
8951.45000
8964.87500
8978.50000
8992.32500
9006.37500
9020.67500
9035.25000
9050.15000
9065.32500
9081.12500
9097.90000
9212.35000
9225.30000
9238.32500
9251.50000
9264.95000
9278.60000
9292.45000
9306.52500
9320.85000
9335.45000
9350.42500
9365.65000
9381.62500
9512.37500
9525.32500
9538.35000
9551.55000
9565.02500
9578.70000
9592.57500
9606.67500
9621.02500
9635.65000
9650.67500
9665.97500
9682.22500
9812.37500
9825.35000
9838.40000
9851.60000
9865.10000
9878.77500
9892.67500
9906.80000
9921.17500
9935.85000
9950.92500
9966.30000
9982.12500
9998.55000
10112.40000
10125.37500
10138.45000
10151.67500
10165.17500
10178.87500
10192.80000
10206.95000
10221.35000
10236.07500
10251.20000
10266.67500
10282.67500
10412.40000
10425.40000
10438.47500
10451.72500
10465.25000
10478.95000
10492.90000
10507.07500
10521.52500
10536.27500
10551.45000
10567.00000
10583.20000
10712.40000
10725.42500
10738.50000
10751.77500
10765.30000
10779.05000
10793.00000
10807.20000
10821.67500
10836.47500
10851.72500
10867.37500
10883.87500
11012.42500
11025.45000
11038.55000
11051.82500
11065.37500
11079.12500
11093.12500
11107.35000
11121.85000
11136.67500
11151.95000
11167.80000
11184.87500
11312.42500
11325.47500
11338.57500
11351.87500
11365.45000
11379.22500
11393.22500
11407.47500
11422.00000
11436.87500
11452.02500
11467.87500
11612.42500
11625.47500
11638.60000
11651.90000
11665.50000
11679.30000
11693.32500
11707.60000
11722.15000
11737.07500
11752.27500
11768.27500
11912.45000
11925.50000
11938.65000
11951.95000
11965.55000
11979.37500
11993.42500
12007.72500
12022.30000
12037.25000
12052.50000
12068.82500
12212.45000
12225.52500
12238.67500
12252.00000
12265.62500
12279.45000
12293.52500
12307.82500
12322.45000
12337.45000
12352.77500
12368.55000
12385.07500
12401.67500
12512.45000
12525.55000
12538.70000
12552.05000
12565.70000
12579.55000
12593.62500
12607.97500
12622.62500
12637.67500
12653.07500
12669.02500
12812.47500
12825.57500
12838.75000
12852.10000
12865.75000
12879.62500
12893.72500
12908.10000
12922.77500
12937.87500
12953.35000
12969.42500
13112.47500
13125.57500
13138.77500
13152.12500
13165.80000
13179.70000
13193.82500
13208.20000
13222.92500
13238.07500
13253.57500
13269.87500
13412.47500
13425.60000
13438.80000
13452.17500
13465.85000
13479.77500
13493.90000
13508.32500
13523.07500
13538.27500
13553.87500
13570.45000
13712.50000
13725.62500
13738.82500
13752.22500
13765.92500
13779.85000
13794.00000
13808.45000
13823.22500
13838.47500
13854.15000
13871.52500
14012.50000
14025.65000
14038.85000
14052.25000
14065.97500
14079.92500
14094.10000
14108.55000
14123.37500
14138.67500
14154.52500
14171.45000
14312.50000
14325.65000
14338.90000
14352.30000
14366.02500
14379.97500
14394.20000
14408.67500
14423.52500
14438.87500
14454.42500
14471.50000
14612.52500
14625.67500
14638.92500
14652.35000
14666.10000
14680.05000
14694.27500
14708.80000
14723.67500
14739.05000
14755.05000
14771.75000
14912.52500
14925.70000
14938.95000
14952.37500
14966.15000
14980.12500
14994.37500

