$ Stimulation Interval(ms): 300
$ Delay(ms): 18.462124
$ Number of data : 818
$ TSTOP : 15000
$ PN stimulation current max : 42000
$ LN stimulation current max : 16500
24.42500
34.27500
43.00000
51.15000
58.97500
66.57500
74.10000
81.57500
89.00000
96.42500
103.87500
111.32500
118.82500
126.32500
133.90000
141.47500
149.12500
156.80000
164.55000
172.32500
180.17500
188.07500
196.02500
204.02500
214.90000
484.90000
502.27500
773.65000
788.90000
805.62500
1044.62500
1075.97500
1092.85000
1108.92500
1360.40000
1374.55000
1388.90000
1399.30000
1408.92500
1605.55000
1631.27500
1662.60000
1677.30000
1693.17500
1703.17500
1735.95000
1915.75000
1946.70000
1962.37500
1975.30000
1986.87500
1996.70000
2007.32500
2035.62500
2216.70000
2238.27500
2253.22500
2264.82500
2277.52500
2286.90000
2296.45000
2305.10000
2317.80000
2491.92500
2517.47500
2533.82500
2549.07500
2560.72500
2570.47500
2582.05000
2590.62500
2600.52500
2617.45000
2792.57500
2818.30000
2832.70000
2848.70000
2861.65000
2870.97500
2880.37500
2888.77500
2897.70000
2906.12500
2935.52500
3087.45000
3104.02500
3119.80000
3134.47500
3148.92500
3164.82500
3173.72500
3183.52500
3192.22500
3200.87500
3209.30000
3235.45000
3387.95000
3404.02500
3418.90000
3434.10000
3444.50000
3454.57500
3465.02500
3473.27500
3482.42500
3490.62500
3499.77500
3508.07500
3526.35000
3688.42500
3704.65000
3719.52500
3734.57500
3745.62500
3755.65000
3766.60000
3775.00000
3784.37500
3792.75000
3801.37500
3809.72500
3835.37500
3974.52500
3989.87500
4004.87500
4019.87500
4030.17500
4041.85000
4052.67500
4063.30000
4072.27500
4082.17500
4090.47500
4098.65000
4106.85000
4117.97500
4274.85000
4290.42500
4305.65000
4319.85000
4331.35000
4341.07500
4350.82500
4359.07500
4367.80000
4375.92500
4384.60000
4392.77500
4400.92500
4409.07500
4426.82500
4575.17500
4590.42500
4605.05000
4619.97500
4631.87500
4641.60000
4651.75000
4659.90000
4669.05000
4677.15000
4685.20000
4693.25000
4701.35000
4709.47500
4735.35000
4875.47500
4898.60000
4919.90000
4931.72500
4941.55000
4952.02500
4960.27500
4969.37500
4977.60000
4986.25000
4994.47500
5003.27500
5017.47500
5037.17500
5175.85000
5197.67500
5212.55000
5222.72500
5235.70000
5244.52500
5253.65000
5262.40000
5270.55000
5279.20000
5287.35000
5295.47500
5303.62500
5317.40000
5336.80000
5476.20000
5492.05000
5508.40000
5522.80000
5536.22500
5545.12500
5554.07500
5562.70000
5571.55000
5579.85000
5588.52500
5596.87500
5605.12500
5617.55000
5637.50000
5776.67500
5798.87500
5808.90000
5821.37500
5836.92500
5845.15000
5854.17500
5862.30000
5870.32500
5878.32500
5886.32500
5894.37500
5902.47500
5910.92500
5935.35000
6045.85000
6060.90000
6076.15000
6091.00000
6104.87500
6116.57500
6124.52500
6136.42500
6144.05000
6153.42500
6161.02500
6168.52500
6176.05000
6183.55000
6191.05000
6198.57500
6206.12500
6216.62500
6230.35000
6354.47500
6369.37500
6384.35000
6399.72500
6415.52500
6429.47500
6439.52500
6448.55000
6458.65000
6467.42500
6476.17500
6484.00000
6492.32500
6500.10000
6508.67500
6521.42500
6534.70000
6654.82500
6669.80000
6684.85000
6700.32500
6715.75000
6729.32500
6740.40000
6750.35000
6760.60000
6768.82500
6777.52500
6785.75000
6794.42500
6802.27500
6812.62500
6825.82500
6955.07500
6970.10000
6985.25000
7000.77500
7015.27500
7030.40000
7040.47500
7049.00000
7058.75000
7066.55000
7075.50000
7083.35000
7091.40000
7099.10000
7106.77500
7117.00000
7130.67500
7246.62500
7270.00000
7285.52500
7301.20000
7315.87500
7325.67500
7335.45000
7344.85000
7353.05000
7361.75000
7370.00000
7378.20000
7386.65000
7394.87500
7402.60000
7412.95000
7425.80000
7546.72500
7570.30000
7585.80000
7601.55000
7615.50000
7625.97500
7635.32500
7645.07500
7653.30000
7661.70000
7669.80000
7677.40000
7684.95000
7692.47500
7700.02500
7707.62500
7717.32500
7730.77500
7846.75000
7870.55000
7886.15000
7901.75000
7917.32500
7932.02500
7940.72500
7949.70000
7957.57500
7966.20000
7973.95000
7981.90000
7989.62500
7997.27500
8004.92500
8016.55000
8030.57500
8146.97500
8170.90000
8186.57500
8201.87500
8217.32500
8227.07500
8235.72500
8246.70000
8254.42500
8264.15000
8271.92500
8280.50000
8288.27500
8296.60000
8304.32500
8316.55000
8330.57500
8447.07500
8471.25000
8486.87500
8502.37500
8518.60000
8527.87500
8537.05000
8546.70000
8554.42500
8563.20000
8570.82500
8579.82500
8587.50000
8595.10000
8602.70000
8610.60000
8621.85000
8634.80000
8743.82500
8757.72500
8772.00000
8787.30000
8802.75000
8818.20000
8827.25000
8835.35000
8843.07500
8850.70000
8858.27500
8866.20000
8873.85000
8882.02500
8889.72500
8897.35000
8904.97500
8916.57500
8930.60000
9043.42500
9057.62500
9072.27500
9087.70000
9103.35000
9117.72500
9127.90000
9135.65000
9148.15000
9155.85000
9164.00000
9171.62500
9179.12500
9186.65000
9194.15000
9201.72500
9209.30000
9221.45000
9234.60000
9343.32500
9357.72500
9372.52500
9388.10000
9402.40000
9412.57500
9421.67500
9430.55000
9439.07500
9447.15000
9454.62500
9462.05000
9469.45000
9476.87500
9484.30000
9491.77500
9499.27500
9506.82500
9517.00000
9530.67500
9643.30000
9657.90000
9672.77500
9688.05000
9702.57500
9712.85000
9721.37500
9730.42500
9738.27500
9745.92500
9753.62500
9761.12500
9768.65000
9776.15000
9783.65000
9791.15000
9798.67500
9806.22500
9816.82500
9830.67500
9943.30000
9958.07500
9972.97500
9988.50000
10003.77500
10018.80000
10026.55000
10035.47500
10043.07500
10051.00000
10058.60000
10066.67500
10074.30000
10082.82500
10090.52500
10098.15000
10105.75000
10116.75000
10130.67500
10243.40000
10258.32500
10273.30000
10288.45000
10303.77500
10313.82500
10322.30000
10332.82500
10340.57500
10349.35000
10356.90000
10365.75000
10373.35000
10380.85000
10388.35000
10395.87500
10403.42500
10412.50000
10425.50000
10439.02500
10543.50000
10558.52500
10573.57500
10588.87500
10603.32500
10613.45000
10621.57500
10629.12500
10636.85000
10644.60000
10652.40000
10660.30000
10667.82500
10675.27500
10682.72500
10690.22500
10697.72500
10705.27500
10716.62500
10730.67500
10843.65000
10858.77500
10873.92500
10888.77500
10903.65000
10911.40000
10920.87500
10928.55000
10936.45000
10943.97500
10952.00000
10959.55000
10967.85000
10975.47500
10983.00000
10990.52500
10998.05000
11005.60000
11016.70000
11030.70000
11143.80000
11159.02500
11174.30000
11189.37500
11199.02500
11208.05000
11216.30000
11224.67500
11232.57500
11241.12500
11248.52500
11255.87500
11263.22500
11270.57500
11277.97500
11285.40000
11292.85000
11300.35000
11307.90000
11317.47500
11330.85000
11443.92500
11459.07500
11474.32500
11488.52500
11498.75000
11507.52500
11515.70000
11523.22500
11531.72500
11539.12500
11546.52500
11554.32500
11561.75000
11569.15000
11576.55000
11583.97500
11591.42500
11598.92500
11606.45000
11616.92500
11630.75000
11744.07500
11759.27500
11774.20000
11788.65000
11798.92500
11806.95000
11815.85000
11823.60000
11831.90000
11839.45000
11846.87500
11854.35000
11861.77500
11869.42500
11876.92500
11884.40000
11891.87500
11899.40000
11906.95000
11917.10000
11930.80000
12044.22500
12059.47500
12074.60000
12089.50000
12099.57500
12107.85000
12115.47500
12123.07500
12130.55000
12137.97500
12145.77500
12153.80000
12161.32500
12169.82500
12177.42500
12184.95000
12192.47500
12200.00000
12207.57500
12217.35000
12230.87500
12344.37500
12359.72500
12374.60000
12390.20000
12399.80000
12409.37500
12421.27500
12428.90000
12436.85000
12444.30000
12452.05000
12459.47500
12467.62500
12475.12500
12482.57500
12490.05000
12497.55000
12505.10000
12516.65000
12530.75000
12644.57500
12659.97500
12674.95000
12684.62500
12693.90000
12704.32500
12712.20000
12719.55000
12726.87500
12734.15000
12741.37500
12748.62500
12755.90000
12763.20000
12770.52500
12777.90000
12785.30000
12792.72500
12800.22500
12807.75000
12817.42500
12830.90000
12944.70000
12960.17500
12975.25000
12984.82500
12994.45000
13006.47500
13014.10000
13021.95000
13029.35000
13037.35000
13044.77500
13053.25000
13060.75000
13068.15000
13075.57500
13083.00000
13090.45000
13097.95000
13105.47500
13116.72500
13130.77500
13244.87500
13260.40000
13275.70000
13285.20000
13294.47500
13305.82500
13313.37500
13321.70000
13329.07500
13337.12500
13344.47500
13351.77500
13359.07500
13366.40000
13373.75000
13381.12500
13388.55000
13396.02500
13403.52500
13412.57500
13425.50000
13439.07500
13545.02500
13560.67500
13575.52500
13585.42500
13594.22500
13602.47500
13610.65000
13618.50000
13626.70000
13634.80000
13642.15000
13649.45000
13656.75000
13664.05000
13671.40000
13678.75000
13686.17500
13693.62500
13701.12500
13708.65000
13717.77500
13731.02500
13845.17500
13860.90000
13875.75000
13885.37500
13894.65000
13905.22500
13912.82500
13921.22500
13928.75000
13936.10000
13943.40000
13950.67500
13957.97500
13965.30000
13972.65000
13980.02500
13987.45000
13994.90000
14002.40000
14009.95000
14021.62500
14034.82500
14145.35000
14161.25000
14176.02500
14185.45000
14194.72500
14205.30000
14212.77500
14222.37500
14230.15000
14237.57500
14244.87500
14252.17500
14259.47500
14266.80000
14274.15000
14281.55000
14288.97500
14296.42500
14303.95000
14312.90000
14325.67500
14339.52500
14445.55000
14460.82500
14475.72500
14485.07500
14493.32500
14502.07500
14511.22500
14521.15000
14529.25000
14537.52500
14544.87500
14552.20000
14559.50000
14566.82500
14574.17500
14581.57500
14589.00000
14596.47500
14604.00000
14612.95000
14625.70000
14639.65000
14744.85000
14760.25000
14769.82500
14779.10000
14787.00000
14795.42500
14803.10000
14811.57500
14819.27500
14827.00000
14834.30000
14842.45000
14849.80000
14857.10000
14864.40000
14871.75000
14879.12500
14886.52500
14893.97500
14901.47500
14909.00000
14918.00000
14931.12500

