$ Stimulation Interval(ms): 300
$ Delay(ms): 215.330667
$ Number of data : 600
$ TSTOP : 15000
$ PN stimulation current max : 42000
$ LN stimulation current max : 16500
220.10000
232.90000
245.75000
258.75000
271.87500
285.15000
298.60000
312.25000
326.07500
340.10000
354.35000
368.87500
383.67500
398.80000
414.15000
429.82500
445.82500
462.07500
479.40000
522.95000
535.75000
548.67500
561.77500
575.00000
588.42500
602.02500
615.82500
629.85000
644.15000
658.70000
673.50000
688.55000
703.75000
719.20000
735.00000
751.02500
767.85000
822.90000
835.70000
848.67500
861.82500
875.15000
888.62500
902.32500
916.20000
930.30000
944.62500
959.20000
974.05000
989.17500
1004.62500
1020.45000
1037.17500
1122.90000
1135.70000
1148.72500
1161.90000
1175.25000
1188.80000
1202.52500
1216.45000
1230.60000
1245.02500
1259.72500
1274.77500
1290.20000
1305.92500
1321.97500
1338.30000
1355.47500
1422.92500
1435.77500
1448.82500
1462.05000
1475.45000
1489.02500
1502.82500
1516.82500
1531.05000
1545.57500
1560.40000
1575.60000
1591.15000
1606.90000
1623.22500
1639.95000
1722.95000
1735.82500
1748.90000
1762.17500
1775.60000
1789.25000
1803.10000
1817.15000
1831.47500
1846.10000
1861.05000
1876.42500
1892.15000
1908.00000
1924.50000
1943.25000
2022.97500
2035.87500
2049.00000
2062.30000
2075.77500
2089.47500
2103.37500
2117.50000
2131.90000
2146.62500
2161.72500
2177.25000
2193.02500
2209.00000
2225.92500
2322.97500
2335.90000
2349.02500
2362.37500
2375.90000
2389.62500
2403.57500
2417.75000
2432.22500
2447.02500
2462.22500
2477.90000
2493.62500
2509.62500
2526.05000
2542.75000
2623.00000
2635.95000
2649.12500
2662.50000
2676.07500
2689.85000
2703.85000
2718.10000
2732.62500
2747.52500
2762.87500
2778.70000
2794.50000
2810.67500
2923.00000
2935.97500
2949.17500
2962.57500
2976.17500
2990.00000
3004.05000
3018.35000
3032.97500
3047.95000
3063.42500
3079.42500
3095.50000
3111.92500
3223.02500
3236.02500
3249.25000
3262.67500
3276.30000
3290.17500
3304.25000
3318.62500
3333.30000
3348.40000
3364.05000
3380.20000
3396.02500
3412.90000
3523.05000
3536.07500
3549.32500
3562.77500
3576.45000
3590.32500
3604.47500
3618.90000
3633.65000
3648.85000
3664.65000
3680.95000
3696.87500
3823.05000
3836.10000
3849.37500
3862.85000
3876.55000
3890.47500
3904.67500
3919.15000
3933.97500
3949.27500
3965.30000
3981.70000
3997.77500
4015.02500
4123.07500
4136.12500
4149.45000
4162.95000
4176.67500
4190.65000
4204.87500
4219.42500
4234.32500
4249.75000
4266.00000
4282.42500
4298.70000
4423.10000
4436.17500
4449.50000
4463.02500
4476.80000
4490.80000
4505.07500
4519.67500
4534.65000
4550.20000
4566.50000
4582.37500
4598.97500
4723.10000
4736.20000
4749.55000
4763.10000
4776.90000
4790.95000
4805.27500
4819.92500
4835.00000
4850.70000
4867.17500
4883.10000
5023.12500
5036.22500
5049.60000
5063.17500
5077.00000
5091.10000
5105.45000
5120.17500
5135.32500
5151.20000
5167.85000
5183.82500
5323.12500
5336.27500
5349.67500
5363.25000
5377.12500
5391.22500
5405.62500
5420.40000
5435.65000
5451.77500
5468.47500
5484.55000
5500.95000
5623.15000
5636.30000
5649.72500
5663.35000
5677.22500
5691.37500
5705.82500
5720.65000
5736.00000
5752.50000
5768.87500
5785.17500
5923.15000
5936.32500
5949.77500
5963.42500
5977.32500
5991.52500
6006.02500
6020.90000
6036.37500
6222.62500
6235.37500
6248.30000
6261.42500
6274.70000
6288.20000
6301.90000
6315.85000
6330.07500
6344.62500
6359.60000
6375.22500
6522.75000
6535.50000
6548.45000
6561.57500
6574.90000
6588.40000
6602.15000
6616.12500
6630.40000
6645.00000
6660.05000
6675.85000
6822.77500
6835.52500
6848.50000
6861.65000
6874.97500
6888.50000
6902.27500
6916.30000
6930.60000
6945.25000
6960.37500
6976.45000
7122.77500
7135.55000
7148.52500
7161.70000
7175.05000
7188.60000
7202.37500
7216.42500
7230.77500
7245.47500
7260.70000
7277.32500
7422.77500
7435.57500
7448.57500
7461.75000
7475.12500
7488.70000
7502.50000
7516.60000
7530.97500
7545.72500
7561.02500
7722.80000
7735.60000
7748.60000
7761.80000
7775.17500
7788.77500
7802.62500
7816.72500
7831.12500
7845.92500
7861.30000
8022.80000
8035.62500
8048.62500
8061.85000
8075.25000
8088.87500
8102.72500
8116.85000
8131.30000
8146.15000
8161.62500
8322.80000
8335.62500
8348.67500
8361.90000
8375.30000
8388.95000
8402.85000
8417.00000
8431.47500
8446.37500
8461.95000
8622.82500
8635.65000
8648.70000
8661.95000
8675.37500
8689.05000
8702.95000
8717.12500
8731.65000
8746.60000
8762.32500
8922.82500
8935.67500
8948.72500
8961.97500
8975.45000
8989.12500
9003.05000
9017.27500
9031.82500
9046.82500
9062.70000
9222.82500
9235.70000
9248.77500
9262.02500
9275.50000
9289.22500
9303.17500
9317.42500
9332.00000
9347.05000
9363.12500
9522.85000
9535.72500
9548.80000
9562.07500
9575.57500
9589.30000
9603.27500
9617.55000
9632.17500
9647.27500
9663.72500
9822.85000
9835.72500
9848.82500
9862.12500
9875.65000
9889.37500
9903.37500
9917.70000
9932.35000
9947.50000
10122.85000
10135.75000
10148.87500
10162.17500
10175.70000
10189.45000
10203.47500
10217.82500
10232.50000
10247.72500
10422.87500
10435.77500
10448.90000
10462.22500
10475.75000
10489.52500
10503.57500
10517.95000
10532.65000
10547.90000
10722.87500
10735.80000
10748.92500
10762.25000
10775.80000
10789.60000
10803.67500
10818.05000
10832.80000
10848.07500
11022.87500
11035.80000
11048.95000
11062.30000
11075.87500
11089.67500
11103.77500
11118.17500
11132.95000
11148.25000
11322.90000
11335.82500
11348.97500
11362.32500
11375.92500
11389.75000
11403.87500
11418.30000
11433.10000
11448.47500
11622.90000
11635.85000
11649.00000
11662.37500
11675.97500
11689.82500
11703.97500
11718.42500
11733.25000
11748.67500
11922.90000
11935.85000
11949.02500
11962.42500
11976.02500
11989.90000
12004.05000
12018.55000
12033.40000
12048.87500
12222.90000
12235.87500
12249.07500
12262.45000
12276.10000
12289.97500
12304.15000
12318.65000
12333.55000
12349.07500
12522.92500
12535.90000
12549.10000
12562.50000
12576.15000
12590.05000
12604.25000
12618.77500
12633.70000
12649.25000
12822.92500
12835.90000
12849.12500
12862.55000
12876.20000
12890.12500
12904.35000
12918.90000
12933.87500
12949.45000
13122.92500
13135.92500
13149.15000
13162.57500
13176.25000
13190.20000
13204.45000
13219.02500
13234.00000
13249.82500
13422.92500
13435.95000
13449.17500
13462.62500
13476.30000
13490.27500
13504.52500
13519.15000
13534.17500
13550.05000
13722.95000
13735.95000
13749.20000
13762.65000
13776.37500
13790.35000
13804.65000
13819.27500
13834.35000
13850.42500
14022.95000
14035.97500
14049.22500
14062.70000
14076.42500
14090.42500
14104.72500
14119.40000
14134.50000
14150.67500
14322.95000
14335.97500
14349.25000
14362.72500
14376.47500
14390.50000
14404.82500
14419.52500
14434.67500
14451.02500
14622.97500
14636.00000
14649.27500
14662.77500
14676.52500
14690.57500
14704.92500
14719.65000
14734.85000
14750.95000
14767.25000
14783.22500
14922.97500
14936.02500
14949.32500
14962.82500
14976.60000
14990.67500

