$ Stimulation Interval(ms): 300
$ Delay(ms): 32.660291
$ Number of data : 716
$ TSTOP : 15000
$ PN stimulation current max : 42000
$ LN stimulation current max : 16500
38.55000
48.35000
57.05000
65.20000
73.02500
80.62500
88.15000
95.60000
103.05000
110.47500
117.90000
125.37500
132.85000
140.37500
147.92500
155.52500
163.15000
170.85000
178.57500
186.35000
194.20000
202.10000
215.05000
232.07500
485.17500
501.07500
774.00000
790.42500
806.90000
1073.07500
1089.62500
1104.75000
1123.47500
1350.42500
1366.17500
1378.00000
1392.87500
1408.12500
1435.82500
1661.12500
1676.05000
1692.20000
1707.42500
1735.35000
1946.37500
1962.27500
1977.02500
1992.17500
2000.97500
2011.57500
2035.37500
2238.40000
2252.82500
2264.37500
2278.60000
2294.62500
2310.62500
2323.42500
2337.50000
2506.72500
2532.80000
2547.32500
2561.02500
2571.22500
2580.47500
2593.40000
2601.85000
2622.05000
2636.05000
2807.40000
2832.45000
2849.00000
2864.55000
2880.95000
2895.92500
2905.20000
2922.65000
2936.60000
3108.37500
3132.65000
3148.50000
3163.52500
3173.90000
3183.10000
3194.25000
3202.92500
3222.10000
3236.12500
3394.02500
3418.80000
3434.00000
3448.80000
3465.00000
3481.55000
3494.87500
3503.37500
3522.27500
3536.27500
3694.70000
3718.42500
3733.70000
3748.27500
3759.52500
3768.37500
3780.85000
3789.17500
3799.07500
3807.47500
3822.42500
3836.27500
3995.32500
4018.35000
4032.32500
4042.15000
4051.20000
4064.20000
4072.50000
4082.62500
4090.92500
4099.37500
4107.65000
4122.32500
4136.17500
4304.65000
4320.10000
4335.10000
4351.02500
4367.57500
4376.57500
4385.75000
4394.52500
4402.82500
4422.10000
4436.02500
4594.92500
4607.55000
4620.65000
4635.67500
4650.75000
4659.17500
4669.82500
4681.82500
4690.20000
4700.12500
4708.55000
4722.52500
4736.32500
4904.50000
4920.42500
4935.30000
4951.05000
4959.35000
4969.02500
4977.35000
4986.07500
4994.32500
5002.97500
5018.35000
5035.55000
5204.55000
5221.15000
5235.55000
5245.82500
5254.75000
5265.62500
5273.87500
5283.50000
5291.82500
5299.95000
5308.07500
5322.37500
5336.22500
5506.95000
5522.57500
5536.12500
5546.95000
5556.00000
5564.67500
5573.32500
5581.57500
5590.00000
5598.25000
5606.40000
5622.20000
5636.17500
5797.15000
5807.37500
5820.72500
5836.35000
5844.70000
5854.20000
5862.45000
5870.90000
5879.12500
5887.82500
5896.12500
5904.32500
5918.22500
5935.60000
6076.72500
6090.80000
6104.27500
6115.80000
6123.55000
6134.50000
6142.10000
6152.07500
6159.67500
6167.97500
6175.57500
6183.07500
6190.52500
6197.97500
6205.47500
6217.00000
6230.52500
6390.97500
6405.47500
6420.92500
6430.55000
6444.87500
6458.32500
6467.22500
6476.27500
6484.17500
6493.05000
6501.00000
6509.87500
6521.95000
6534.70000
6691.67500
6705.97500
6720.92500
6734.50000
6746.87500
6759.90000
6768.87500
6777.95000
6786.22500
6795.00000
6802.92500
6817.25000
6833.82500
6990.95000
7006.12500
7019.00000
7030.40000
7044.40000
7053.50000
7061.97500
7075.95000
7083.87500
7093.67500
7101.65000
7111.00000
7122.10000
7134.75000
7290.55000
7305.42500
7316.75000
7330.47500
7343.85000
7352.32500
7361.22500
7369.65000
7377.77500
7386.42500
7394.15000
7401.82500
7409.72500
7421.60000
7434.50000
7589.50000
7605.60000
7616.22500
7630.87500
7639.20000
7647.52500
7655.62500
7663.72500
7672.72500
7680.70000
7688.37500
7696.30000
7704.07500
7717.20000
7731.12500
7889.85000
7906.12500
7917.47500
7931.80000
7940.05000
7949.12500
7958.27500
7966.75000
7974.60000
7982.40000
7990.07500
7997.95000
8005.60000
8017.25000
8030.90000
8190.25000
8205.82500
8217.07500
8229.20000
8237.82500
8247.15000
8254.80000
8263.75000
8271.45000
8279.45000
8287.15000
8294.72500
8302.25000
8309.82500
8321.55000
8334.47500
8476.12500
8491.52500
8505.57500
8521.42500
8531.80000
8540.25000
8548.97500
8556.80000
8565.17500
8572.95000
8581.40000
8589.22500
8597.30000
8605.07500
8617.22500
8630.95000
8777.75000
8791.90000
8805.90000
8818.35000
8831.25000
8840.05000
8848.95000
8857.35000
8866.12500
8873.90000
8882.57500
8890.37500
8898.42500
8906.10000
8917.40000
8931.05000
9078.20000
9092.12500
9106.30000
9117.75000
9132.02500
9140.32500
9149.80000
9157.65000
9166.00000
9173.75000
9182.22500
9190.02500
9198.00000
9205.67500
9217.32500
9230.97500
9378.17500
9392.45000
9404.07500
9417.45000
9425.57500
9433.87500
9441.77500
9449.62500
9457.17500
9464.67500
9472.20000
9480.00000
9487.50000
9494.97500
9502.47500
9509.97500
9521.60000
9534.52500
9676.75000
9692.30000
9703.42500
9718.27500
9726.40000
9734.60000
9742.70000
9750.77500
9758.30000
9766.52500
9774.10000
9782.05000
9789.65000
9797.17500
9804.70000
9817.15000
9830.82500
9976.90000
9992.92500
10004.57500
10017.95000
10026.00000
10034.25000
10042.12500
10050.30000
10057.92500
10066.20000
10073.90000
10082.37500
10090.10000
10097.67500
10105.25000
10117.22500
10130.90000
10277.20000
10291.55000
10303.95000
10317.82500
10325.97500
10334.47500
10342.37500
10350.67500
10358.32500
10366.75000
10374.45000
10382.30000
10389.87500
10397.40000
10404.92500
10417.17500
10430.87500
10577.35000
10591.80000
10603.72500
10616.10000
10625.07500
10634.42500
10642.65000
10651.07500
10659.30000
10666.90000
10674.35000
10681.77500
10689.20000
10696.65000
10704.10000
10717.20000
10730.85000
10877.65000
10892.70000
10904.92500
10917.95000
10926.50000
10935.45000
10943.57500
10952.12500
10960.12500
10968.22500
10975.82500
10983.32500
10990.87500
10998.40000
11005.90000
11017.35000
11030.95000
11178.00000
11192.72500
11203.95000
11216.80000
11225.10000
11233.35000
11241.72500
11249.87500
11257.37500
11265.27500
11272.70000
11280.10000
11287.50000
11294.92500
11302.37500
11309.85000
11321.57500
11334.62500
11478.12500
11489.72500
11503.70000
11511.80000
11520.40000
11531.75000
11539.30000
11548.70000
11556.30000
11564.20000
11571.65000
11579.05000
11586.45000
11593.87500
11601.32500
11608.80000
11621.40000
11634.60000
11774.85000
11788.82500
11802.87500
11812.80000
11821.10000
11833.57500
11843.32500
11851.35000
11858.80000
11866.85000
11874.27500
11881.67500
11889.07500
11896.50000
11903.95000
11912.92500
11922.60000
11934.90000
12063.90000
12079.52500
12090.57500
12104.62500
12112.97500
12121.27500
12129.20000
12137.60000
12146.67500
12154.45000
12162.00000
12170.20000
12177.75000
12185.20000
12192.65000
12200.12500
12207.62500
12217.82500
12231.17500
12364.12500
12379.52500
12390.97500
12405.12500
12419.50000
12427.62500
12436.15000
12444.37500
12452.60000
12461.07500
12468.97500
12476.47500
12483.92500
12491.37500
12498.82500
12506.30000
12517.42500
12531.00000
12664.37500
12678.40000
12690.57500
12703.72500
12711.85000
12720.10000
12727.60000
12735.20000
12742.60000
12750.57500
12758.00000
12765.80000
12773.20000
12780.57500
12787.97500
12795.37500
12802.80000
12810.40000
12821.75000
12834.72500
12964.57500
12978.65000
12990.32500
13002.60000
13011.12500
13019.97500
13027.92500
13036.32500
13043.80000
13052.45000
13059.97500
13067.35000
13074.70000
13082.05000
13089.42500
13096.85000
13104.27500
13117.22500
13130.92500
13264.65000
13278.85000
13290.70000
13303.15000
13310.87500
13320.32500
13327.80000
13336.87500
13344.37500
13352.45000
13359.97500
13367.35000
13374.70000
13382.07500
13389.45000
13396.87500
13404.32500
13417.22500
13430.92500
13564.90000
13579.40000
13590.62500
13603.07500
13611.90000
13620.57500
13628.92500
13636.40000
13643.80000
13651.42500
13658.77500
13667.02500
13674.45000
13681.80000
13689.20000
13696.60000
13704.05000
13713.07500
13722.70000
13735.00000
13865.12500
13880.32500
13891.55000
13903.40000
13911.32500
13921.22500
13928.90000
13936.95000
13944.42500
13952.85000
13960.37500
13967.77500
13975.12500
13982.50000
13989.87500
13997.30000
14004.75000
14017.22500
14030.97500
14164.30000
14177.62500
14189.10000
14198.75000
14207.05000
14218.17500
14225.80000
14235.30000
14242.72500
14252.10000
14259.52500
14266.82500
14274.15000
14281.47500
14288.85000
14296.22500
14303.67500
14312.57500
14322.40000
14334.92500
14463.77500
14476.07500
14488.90000
14504.25000
14513.12500
14521.80000
14530.27500
14537.75000
14545.12500
14552.72500
14560.07500
14567.37500
14574.70000
14582.02500
14589.40000
14596.80000
14604.22500
14617.27500
14630.97500
14760.80000
14775.22500
14787.77500
14796.65000
14805.35000
14813.72500
14822.12500
14830.12500
14837.70000
14845.82500
14853.25000
14860.60000
14867.90000
14875.22500
14882.57500
14889.95000
14897.35000
14904.77500
14917.22500
14931.00000

