$ Stimulation Interval(ms): 300
$ Delay(ms): 18.462124
$ Number of data : 841
$ TSTOP : 15000
$ PN stimulation current max : 49000
$ LN stimulation current max : 18000
24.42500
34.27500
43.00000
51.15000
58.97500
66.57500
74.10000
81.57500
89.00000
96.42500
103.87500
111.32500
118.82500
126.32500
133.90000
141.47500
149.12500
156.80000
164.55000
172.32500
180.17500
188.07500
196.02500
204.02500
214.90000
484.90000
502.27500
773.65000
788.90000
805.62500
1044.62500
1075.97500
1092.85000
1108.92500
1360.40000
1374.55000
1388.90000
1399.30000
1408.92500
1605.55000
1631.27500
1662.60000
1677.30000
1693.17500
1703.17500
1735.95000
1915.75000
1946.70000
1962.37500
1975.30000
1986.87500
1996.70000
2007.32500
2035.62500
2216.70000
2238.27500
2253.22500
2264.82500
2277.52500
2286.90000
2296.45000
2305.10000
2317.80000
2491.92500
2517.47500
2533.82500
2549.07500
2560.72500
2570.47500
2582.05000
2590.62500
2600.52500
2617.45000
2792.57500
2818.30000
2832.70000
2848.70000
2861.65000
2870.97500
2880.37500
2888.77500
2897.70000
2906.12500
2935.52500
3087.45000
3104.02500
3119.80000
3134.47500
3148.92500
3164.82500
3173.72500
3183.52500
3192.22500
3200.87500
3209.30000
3235.45000
3387.95000
3404.02500
3418.90000
3434.10000
3444.50000
3454.57500
3465.02500
3473.27500
3482.42500
3490.62500
3499.77500
3508.07500
3526.35000
3688.42500
3704.65000
3719.52500
3734.57500
3745.62500
3755.65000
3766.60000
3775.00000
3784.37500
3792.75000
3801.37500
3809.72500
3835.37500
3974.52500
3989.87500
4004.87500
4019.87500
4030.17500
4041.85000
4052.67500
4063.30000
4072.27500
4082.17500
4090.47500
4098.65000
4106.85000
4117.97500
4274.85000
4290.42500
4305.65000
4319.85000
4331.35000
4341.07500
4350.82500
4359.07500
4367.80000
4375.92500
4384.60000
4392.77500
4400.92500
4409.07500
4426.82500
4575.17500
4590.42500
4605.05000
4619.97500
4631.87500
4641.60000
4651.75000
4659.90000
4669.05000
4677.15000
4685.20000
4693.25000
4701.35000
4709.47500
4735.35000
4875.47500
4898.60000
4919.90000
4931.72500
4941.55000
4952.02500
4960.27500
4969.37500
4977.60000
4986.25000
4994.47500
5003.27500
5017.47500
5037.17500
5175.85000
5197.67500
5212.55000
5222.72500
5235.70000
5244.52500
5253.65000
5262.40000
5270.55000
5279.20000
5287.35000
5295.47500
5303.62500
5317.40000
5336.80000
5476.20000
5492.05000
5508.40000
5522.80000
5536.22500
5545.12500
5554.07500
5562.70000
5571.55000
5579.85000
5588.52500
5596.87500
5605.12500
5617.55000
5637.50000
5776.67500
5798.87500
5808.90000
5821.37500
5836.92500
5845.15000
5854.17500
5862.30000
5870.32500
5878.32500
5886.32500
5894.37500
5902.47500
5910.92500
5935.35000
6036.07500
6051.37500
6061.10000
6075.22500
6085.35000
6094.27500
6104.80000
6115.52500
6123.07500
6131.05000
6138.77500
6146.95000
6154.72500
6161.90000
6169.07500
6176.17500
6183.25000
6190.35000
6197.45000
6204.60000
6215.45000
6228.90000
6247.60000
6337.72500
6352.75000
6367.27500
6382.07500
6392.67500
6406.42500
6421.50000
6437.02500
6452.45000
6466.57500
6476.00000
6487.12500
6496.92500
6505.32500
6516.60000
6529.50000
6638.25000
6653.65000
6668.10000
6679.72500
6692.42500
6707.07500
6722.30000
6737.97500
6752.47500
6762.37500
6771.72500
6781.92500
6791.27500
6800.07500
6808.65000
6820.87500
6833.22500
6938.40000
6953.92500
6968.42500
6979.50000
6992.70000
7007.52500
7022.75000
7038.32500
7053.20000
7062.52500
7070.95000
7080.95000
7089.60000
7098.02500
7106.67500
7116.85000
7129.52500
7238.55000
7254.25000
7268.75000
7279.55000
7293.05000
7307.90000
7323.20000
7338.50000
7352.92500
7363.15000
7371.00000
7380.70000
7388.32500
7397.12500
7404.70000
7416.42500
7429.42500
7538.62500
7554.17500
7568.92500
7579.62500
7593.32500
7608.30000
7623.70000
7639.15000
7652.15000
7662.22500
7671.65000
7681.70000
7690.20000
7698.87500
7706.32500
7716.85000
7729.50000
7838.77500
7854.70000
7867.62500
7879.32500
7893.65000
7908.75000
7924.27500
7934.62500
7945.97500
7956.62500
7966.55000
7975.20000
7984.77500
7992.82500
8001.50000
8008.95000
8021.10000
8033.35000
8138.90000
8155.05000
8166.52500
8179.40000
8194.02500
8209.22500
8224.47500
8234.97500
8244.15000
8255.30000
8263.15000
8272.15000
8279.82500
8287.57500
8295.32500
8303.37500
8312.12500
8324.80000
8337.22500
8439.02500
8455.20000
8466.50000
8479.65000
8494.37500
8509.70000
8524.95000
8535.42500
8546.32500
8555.52500
8564.92500
8572.37500
8580.30000
8587.92500
8596.40000
8604.10000
8612.72500
8624.77500
8637.12500
8739.15000
8755.20000
8766.27500
8779.87500
8794.72500
8810.00000
8825.32500
8835.92500
8845.55000
8855.50000
8865.27500
8873.17500
8882.20000
8889.70000
8897.62500
8904.95000
8915.85000
8929.37500
8947.77500
9039.17500
9054.82500
9066.12500
9080.10000
9095.07500
9110.47500
9120.97500
9133.32500
9142.65000
9152.10000
9160.12500
9170.37500
9177.97500
9186.75000
9194.15000
9202.87500
9211.55000
9222.17500
9233.62500
9339.07500
9353.60000
9366.05000
9380.37500
9395.37500
9410.80000
9421.15000
9431.55000
9442.65000
9451.77500
9459.67500
9467.15000
9474.57500
9481.85000
9489.67500
9497.05000
9505.15000
9515.92500
9529.42500
9547.65000
9638.05000
9652.32500
9666.07500
9680.65000
9695.72500
9710.95000
9721.30000
9733.60000
9743.02500
9752.25000
9759.82500
9768.05000
9775.52500
9782.87500
9790.52500
9797.82500
9805.10000
9815.87500
9829.42500
9847.55000
9937.90000
9952.30000
9966.27500
9980.95000
9996.10000
10011.40000
10021.50000
10031.50000
10041.12500
10050.87500
10058.47500
10066.27500
10073.92500
10081.15000
10089.05000
10096.32500
10103.57500
10112.05000
10121.42500
10133.35000
10237.95000
10252.37500
10266.47500
10281.22500
10296.47500
10311.82500
10322.12500
10331.75000
10341.90000
10350.65000
10358.92500
10366.90000
10374.57500
10382.82500
10390.10000
10397.30000
10404.50000
10413.02500
10424.67500
10435.05000
10538.02500
10552.50000
10566.70000
10581.52500
10596.85000
10607.27500
10619.05000
10628.55000
10637.60000
10647.07500
10656.92500
10664.25000
10671.92500
10679.17500
10687.50000
10694.75000
10701.95000
10709.15000
10717.47500
10729.67500
10747.57500
10838.12500
10852.67500
10866.90000
10881.80000
10897.25000
10907.50000
10917.50000
10927.97500
10937.42500
10945.55000
10953.25000
10960.70000
10968.70000
10976.57500
10983.80000
10990.95000
10998.10000
11005.30000
11015.90000
11029.47500
11047.42500
11138.27500
11152.82500
11167.12500
11182.07500
11197.35000
11207.42500
11217.25000
11228.27500
11237.92500
11246.05000
11253.72500
11261.17500
11269.02500
11276.22500
11284.52500
11291.75000
11298.92500
11306.10000
11316.07500
11329.50000
11347.42500
11438.42500
11453.00000
11467.35000
11482.37500
11497.72500
11507.55000
11520.47500
11529.82500
11538.50000
11546.67500
11554.27500
11562.80000
11570.10000
11578.50000
11585.77500
11592.97500
11600.15000
11607.35000
11616.55000
11629.55000
11647.47500
11738.55000
11753.17500
11767.57500
11782.67500
11797.95000
11807.60000
11816.90000
11824.95000
11833.70000
11843.32500
11851.42500
11860.42500
11867.77500
11876.45000
11883.82500
11892.82500
11900.17500
11907.50000
11916.67500
11929.60000
11947.60000
12032.67500
12053.02500
12067.77500
12082.87500
12098.20000
12107.70000
12115.77500
12123.90000
12132.30000
12140.20000
12148.42500
12155.92500
12163.02500
12170.07500
12177.12500
12184.17500
12191.25000
12198.37500
12205.50000
12215.95000
12229.57500
12247.37500
12332.50000
12353.17500
12367.97500
12383.12500
12398.42500
12408.00000
12415.90000
12424.17500
12432.62500
12440.65000
12448.82500
12456.55000
12463.70000
12470.95000
12478.07500
12485.52500
12492.72500
12499.90000
12507.07500
12516.42500
12529.57500
12547.45000
12632.47500
12653.32500
12668.17500
12683.42500
12693.52500
12704.62500
12715.40000
12724.52500
12732.67500
12742.92500
12751.05000
12759.67500
12766.87500
12773.95000
12781.12500
12788.25000
12795.37500
12802.52500
12809.72500
12820.80000
12833.30000
12932.50000
12953.52500
12968.40000
12983.75000
12993.62500
13003.37500
13014.07500
13023.62500
13031.60000
13039.85000
13046.92500
13053.97500
13061.35000
13068.42500
13075.47500
13082.52500
13089.60000
13096.70000
13103.85000
13112.20000
13121.45000
13133.45000
13232.47500
13245.37500
13256.05000
13268.92500
13283.62500
13293.52500
13302.42500
13313.15000
13320.87500
13329.50000
13336.92500
13343.97500
13351.57500
13358.65000
13365.65000
13372.67500
13379.70000
13386.75000
13393.82500
13400.92500
13408.07500
13416.82500
13429.62500
13447.45000
13532.45000
13545.25000
13555.87500
13569.05000
13583.87500
13593.67500
13602.70000
13614.32500
13621.97500
13630.12500
13637.57500
13645.62500
13652.75000
13660.72500
13667.80000
13674.85000
13681.95000
13689.07500
13696.20000
13703.35000
13711.77500
13721.25000
13733.42500
13832.17500
13845.22500
13855.80000
13869.20000
13884.22500
13893.82500
13902.77500
13911.35000
13919.50000
13928.00000
13935.97500
13945.07500
13952.77500
13961.85000
13969.02500
13977.42500
13984.70000
13991.85000
13999.00000
14006.15000
14016.12500
14029.65000
14047.45000
14131.85000
14145.30000
14155.72500
14169.42500
14180.15000
14190.77500
14200.50000
14209.40000
14216.85000
14225.30000
14232.42500
14240.47500
14247.82500
14254.87500
14262.62500
14269.70000
14276.72500
14283.77500
14290.85000
14297.95000
14305.07500
14315.92500
14326.20000
14337.82500
14431.47500
14445.40000
14455.77500
14468.82500
14478.80000
14487.35000
14495.30000
14503.60000
14511.12500
14519.37500
14526.77500
14534.67500
14542.17500
14549.17500
14556.15000
14563.10000
14570.07500
14577.05000
14584.07500
14591.12500
14598.22500
14605.35000
14615.95000
14626.10000
14637.80000
14731.37500
14745.52500
14755.82500
14769.65000
14785.15000
14794.22500
14803.45000
14811.52500
14819.60000
14827.70000
14835.90000
14844.32500
14851.45000
14858.45000
14865.45000
14872.50000
14879.55000
14886.60000
14893.67500
14900.80000
14907.95000
14916.80000
14929.70000
14947.45000

