$ Stimulation Interval(ms): 300
$ Delay(ms): 32.660291
$ Number of data : 739
$ TSTOP : 15000
$ PN stimulation current max : 49000
$ LN stimulation current max : 18000
38.55000
48.35000
57.05000
65.20000
73.02500
80.62500
88.15000
95.60000
103.05000
110.47500
117.90000
125.37500
132.85000
140.37500
147.92500
155.52500
163.15000
170.85000
178.57500
186.35000
194.20000
202.10000
215.05000
232.07500
485.17500
501.07500
774.00000
790.42500
806.90000
1073.07500
1089.62500
1104.75000
1123.47500
1350.42500
1366.17500
1378.00000
1392.87500
1408.12500
1435.82500
1661.12500
1676.05000
1692.20000
1707.42500
1735.35000
1946.37500
1962.27500
1977.02500
1992.17500
2000.97500
2011.57500
2035.37500
2238.40000
2252.82500
2264.37500
2278.60000
2294.62500
2310.62500
2323.42500
2337.50000
2506.72500
2532.80000
2547.32500
2561.02500
2571.22500
2580.47500
2593.40000
2601.85000
2622.05000
2636.05000
2807.40000
2832.45000
2849.00000
2864.55000
2880.95000
2895.92500
2905.20000
2922.65000
2936.60000
3108.37500
3132.65000
3148.50000
3163.52500
3173.90000
3183.10000
3194.25000
3202.92500
3222.10000
3236.12500
3394.02500
3418.80000
3434.00000
3448.80000
3465.00000
3481.55000
3494.87500
3503.37500
3522.27500
3536.27500
3694.70000
3718.42500
3733.70000
3748.27500
3759.52500
3768.37500
3780.85000
3789.17500
3799.07500
3807.47500
3822.42500
3836.27500
3995.32500
4018.35000
4032.32500
4042.15000
4051.20000
4064.20000
4072.50000
4082.62500
4090.92500
4099.37500
4107.65000
4122.32500
4136.17500
4304.65000
4320.10000
4335.10000
4351.02500
4367.57500
4376.57500
4385.75000
4394.52500
4402.82500
4422.10000
4436.02500
4594.92500
4607.55000
4620.65000
4635.67500
4650.75000
4659.17500
4669.82500
4681.82500
4690.20000
4700.12500
4708.55000
4722.52500
4736.32500
4904.50000
4920.42500
4935.30000
4951.05000
4959.35000
4969.02500
4977.35000
4986.07500
4994.32500
5002.97500
5018.35000
5035.55000
5204.55000
5221.15000
5235.55000
5245.82500
5254.75000
5265.62500
5273.87500
5283.50000
5291.82500
5299.95000
5308.07500
5322.37500
5336.22500
5506.95000
5522.57500
5536.12500
5546.95000
5556.00000
5564.67500
5573.32500
5581.57500
5590.00000
5598.25000
5606.40000
5622.20000
5636.17500
5797.15000
5807.37500
5820.72500
5836.35000
5844.70000
5854.20000
5862.45000
5870.90000
5879.12500
5887.82500
5896.12500
5904.32500
5918.22500
5935.60000
6061.30000
6075.52500
6089.30000
6099.82500
6107.25000
6116.52500
6123.80000
6133.02500
6140.27500
6149.37500
6156.55000
6165.92500
6173.12500
6180.17500
6187.20000
6194.22500
6201.27500
6208.37500
6217.02500
6229.12500
6245.75000
6367.52500
6382.35000
6397.37500
6412.62500
6428.52500
6442.65000
6458.15000
6471.37500
6482.22500
6490.55000
6499.00000
6507.15000
6520.77500
6533.22500
6668.10000
6683.00000
6698.17500
6713.47500
6729.32500
6743.32500
6753.42500
6766.92500
6775.97500
6784.55000
6796.92500
6807.65000
6820.92500
6833.20000
6968.40000
6983.17500
6998.30000
7013.97500
7027.42500
7043.32500
7053.85000
7067.72500
7076.55000
7084.40000
7092.92500
7100.92500
7117.37500
7133.07500
7268.67500
7283.50000
7298.70000
7314.60000
7328.10000
7340.15000
7352.75000
7361.62500
7370.05000
7382.27500
7392.72500
7400.90000
7411.07500
7421.25000
7433.22500
7568.87500
7583.77500
7599.15000
7614.60000
7628.25000
7640.42500
7653.72500
7662.37500
7671.65000
7682.52500
7691.17500
7699.97500
7707.50000
7720.65000
7733.12500
7869.17500
7884.10000
7899.60000
7915.15000
7929.02500
7941.60000
7953.77500
7963.07500
7971.37500
7984.92500
7993.65000
8002.62500
8011.45000
8022.22500
8033.82500
8169.47500
8184.45000
8200.07500
8215.70000
8229.00000
8241.35000
8254.27500
8262.57500
8270.90000
8278.95000
8287.25000
8295.52500
8303.72500
8312.47500
8322.15000
8333.57500
8469.67500
8484.75000
8500.57500
8514.07500
8526.45000
8539.10000
8548.00000
8556.55000
8568.32500
8576.70000
8585.27500
8593.57500
8601.82500
8609.25000
8620.85000
8633.17500
8769.92500
8785.02500
8800.90000
8814.40000
8826.12500
8838.92500
8848.17500
8856.65000
8868.17500
8875.65000
8884.80000
8892.22500
8900.80000
8908.20000
8920.62500
8933.10000
9057.00000
9071.45000
9085.60000
9101.45000
9114.90000
9126.62500
9139.32500
9148.62500
9157.42500
9164.75000
9173.52500
9180.87500
9188.60000
9195.95000
9203.82500
9212.42500
9221.67500
9233.35000
9357.02500
9371.57500
9385.95000
9401.02500
9415.07500
9426.82500
9440.17500
9449.47500
9457.52500
9465.27500
9473.25000
9481.22500
9489.27500
9496.70000
9505.00000
9516.50000
9529.55000
9547.05000
9657.07500
9671.80000
9686.32500
9701.47500
9713.60000
9726.85000
9741.07500
9750.12500
9758.25000
9766.77500
9774.95000
9782.67500
9790.77500
9798.60000
9805.92500
9816.57500
9829.55000
9847.00000
9957.22500
9971.97500
9986.62500
10001.05000
10012.45000
10025.47500
10039.32500
10048.12500
10056.60000
10064.75000
10072.60000
10080.65000
10089.00000
10096.35000
10104.10000
10113.25000
10122.30000
10133.62500
10257.40000
10272.22500
10287.02500
10300.82500
10312.57500
10326.20000
10335.50000
10343.75000
10354.97500
10362.42500
10371.42500
10378.77500
10388.00000
10395.37500
10404.60000
10416.42500
10429.57500
10447.20000
10557.55000
10572.35000
10587.25000
10601.17500
10612.65000
10625.77500
10634.67500
10642.85000
10650.47500
10658.65000
10665.92500
10674.52500
10681.82500
10689.45000
10696.77500
10704.85000
10716.45000
10729.57500
10747.25000
10857.72500
10872.57500
10887.60000
10901.55000
10913.10000
10926.77500
10935.65000
10944.47500
10952.45000
10960.20000
10968.57500
10976.57500
10983.80000
10990.90000
10998.07500
11005.22500
11016.42500
11029.60000
11047.22500
11157.90000
11172.77500
11187.02500
11198.77500
11212.90000
11221.57500
11229.92500
11240.70000
11248.10000
11258.00000
11265.30000
11273.65000
11280.97500
11289.67500
11297.07500
11305.27500
11316.47500
11329.60000
11347.35000
11458.07500
11472.97500
11487.30000
11499.25000
11513.37500
11527.55000
11539.95000
11547.67500
11558.07500
11565.50000
11574.25000
11581.67500
11589.15000
11596.45000
11604.20000
11613.07500
11622.05000
11633.55000
11758.25000
11773.22500
11786.95000
11798.97500
11813.40000
11826.00000
11834.97500
11845.25000
11853.05000
11862.02500
11869.32500
11877.82500
11885.17500
11893.07500
11900.40000
11907.65000
11917.12500
11929.70000
11947.52500
12058.42500
12073.47500
12087.20000
12099.27500
12112.25000
12125.55000
12134.20000
12142.80000
12150.87500
12159.02500
12166.77500
12175.40000
12183.27500
12191.07500
12198.37500
12206.77500
12216.87500
12229.70000
12247.60000
12358.60000
12373.70000
12387.50000
12399.20000
12412.42500
12421.47500
12429.75000
12441.87500
12450.82500
12459.42500
12467.25000
12475.35000
12483.60000
12490.85000
12498.00000
12505.12500
12516.45000
12529.70000
12547.55000
12658.77500
12673.97500
12687.80000
12699.50000
12713.25000
12721.35000
12729.52500
12737.12500
12745.00000
12753.05000
12761.07500
12768.32500
12776.97500
12784.22500
12791.37500
12798.47500
12805.60000
12816.50000
12829.70000
12847.52500
12958.95000
12974.25000
12988.10000
12999.57500
13012.60000
13020.40000
13028.25000
13035.85000
13043.70000
13050.85000
13058.92500
13066.07500
13074.57500
13081.80000
13089.47500
13096.62500
13103.75000
13112.07500
13121.37500
13133.35000
13148.82500
13259.12500
13273.35000
13284.95000
13299.10000
13313.00000
13320.75000
13329.50000
13336.97500
13344.50000
13352.12500
13360.15000
13367.40000
13376.07500
13383.40000
13391.32500
13398.55000
13405.70000
13416.55000
13429.72500
13447.70000
13559.30000
13573.57500
13585.10000
13599.42500
13607.75000
13615.80000
13628.45000
13636.25000
13645.32500
13652.57500
13661.50000
13668.80000
13678.05000
13685.42500
13692.62500
13699.77500
13706.90000
13716.85000
13729.72500
13747.75000
13859.45000
13873.85000
13885.32500
13899.82500
13913.00000
13921.32500
13930.37500
13938.25000
13946.55000
13954.52500
13962.55000
13969.67500
13976.72500
13983.87500
13990.95000
13998.02500
14005.10000
14016.45000
14025.27500
14034.70000
14159.62500
14173.77500
14185.50000
14198.55000
14207.77500
14215.80000
14227.72500
14236.77500
14244.80000
14251.95000
14260.32500
14267.47500
14274.80000
14281.87500
14288.92500
14295.97500
14303.05000
14310.47500
14320.92500
14333.30000
14348.67500
14459.77500
14474.70000
14485.10000
14499.12500
14511.95000
14520.52500
14529.27500
14537.27500
14545.47500
14553.10000
14561.55000
14569.40000
14576.55000
14583.60000
14590.65000
14597.72500
14604.80000
14616.45000
14625.25000
14634.67500
14759.95000
14774.60000
14786.27500
14800.52500
14812.62500
14821.40000
14829.80000
14838.02500
14845.90000
14853.05000
14861.32500
14868.47500
14876.90000
14884.07500
14891.15000
14898.22500
14905.32500
14916.50000
14925.37500
14934.77500

