$ Stimulation Interval(ms): 300
$ Delay(ms): 204.892214
$ Number of data : 756
$ TSTOP : 15000
$ PN stimulation current max : 49000
$ LN stimulation current max : 18000
209.60000
222.42500
235.20000
248.07500
261.15000
274.35000
287.70000
301.22500
314.90000
328.75000
342.77500
357.00000
371.37500
385.97500
400.85000
416.05000
431.45000
447.37500
463.72500
512.32500
525.17500
538.05000
551.02500
564.20000
577.52500
591.00000
604.62500
618.42500
632.40000
646.55000
660.90000
675.42500
690.25000
705.42500
720.85000
736.77500
753.15000
812.40000
825.27500
838.17500
851.17500
864.40000
877.80000
891.32500
905.02500
918.92500
932.97500
947.25000
961.67500
976.32500
991.27500
1006.55000
1022.10000
1038.25000
1055.42500
1112.40000
1125.25000
1138.15000
1151.20000
1164.47500
1177.90000
1191.50000
1205.27500
1219.22500
1233.37500
1247.70000
1262.22500
1277.00000
1292.10000
1307.67500
1323.55000
1340.00000
1412.45000
1425.37500
1438.32500
1451.40000
1464.72500
1478.20000
1491.82500
1505.65000
1519.65000
1533.85000
1548.25000
1562.85000
1577.70000
1592.92500
1608.40000
1624.42500
1641.07500
1712.42500
1725.35000
1738.32500
1751.45000
1764.80000
1778.32500
1792.02500
1805.90000
1819.95000
1834.22500
1848.67500
1863.35000
1878.32500
1893.70000
1909.35000
1925.70000
2012.42500
2025.37500
2038.37500
2051.55000
2064.95000
2078.50000
2092.25000
2106.15000
2120.27500
2134.60000
2149.12500
2163.87500
2178.95000
2194.47500
2210.30000
2227.32500
2312.50000
2325.47500
2338.50000
2351.70000
2365.12500
2378.70000
2392.47500
2406.45000
2420.62500
2435.00000
2449.60000
2464.40000
2479.57500
2495.05000
2511.10000
2528.35000
2612.52500
2625.52500
2638.57500
2651.80000
2665.25000
2678.90000
2692.70000
2706.72500
2720.92500
2735.37500
2750.02500
2764.92500
2780.17500
2795.72500
2812.07500
2912.55000
2925.57500
2938.65000
2951.90000
2965.40000
2979.05000
2992.90000
3006.95000
3021.22500
3035.72500
3050.42500
3065.40000
3080.75000
3096.80000
3114.42500
3212.52500
3225.55000
3238.67500
3251.95000
3265.47500
3279.17500
3293.07500
3307.15000
3321.47500
3336.02500
3350.77500
3365.85000
3381.32500
3397.25000
3512.57500
3525.62500
3538.77500
3552.07500
3565.62500
3579.35000
3593.27500
3607.40000
3621.75000
3636.35000
3651.17500
3666.32500
3681.92500
3698.05000
3812.57500
3825.65000
3838.82500
3852.12500
3865.70000
3879.47500
3893.42500
3907.60000
3922.00000
3936.65000
3951.50000
3966.70000
3982.45000
3998.82500
4112.55000
4125.65000
4138.82500
4152.17500
4165.77500
4179.57500
4193.57500
4207.77500
4222.22500
4236.92500
4251.85000
4267.15000
4283.10000
4300.25000
4412.57500
4425.67500
4438.87500
4452.25000
4465.87500
4479.70000
4493.75000
4508.00000
4522.47500
4537.25000
4552.22500
4567.60000
4583.37500
4712.60000
4725.72500
4738.95000
4752.32500
4766.00000
4779.85000
4793.90000
4808.17500
4822.72500
4837.52500
4852.57500
4868.02500
4883.95000
5012.60000
5025.75000
5039.00000
5052.40000
5066.07500
5079.97500
5094.05000
5108.37500
5122.95000
5137.82500
5152.90000
5168.47500
5184.55000
5312.60000
5325.77500
5339.05000
5352.47500
5366.17500
5380.07500
5394.20000
5408.57500
5423.17500
5438.10000
5453.27500
5468.95000
5485.30000
5502.30000
5612.62500
5625.82500
5639.10000
5652.55000
5666.27500
5680.22500
5694.37500
5708.77500
5723.42500
5738.40000
5753.65000
5769.52500
5786.77500
5912.65000
5925.85000
5939.15000
5952.62500
5966.37500
5980.35000
5994.52500
6008.95000
6023.67500
6038.70000
6054.02500
6070.10000
6211.70000
6224.12500
6236.60000
6249.17500
6261.97500
6274.92500
6288.02500
6301.30000
6314.75000
6328.40000
6342.22500
6356.27500
6370.55000
6385.10000
6399.92500
6415.02500
6430.65000
6446.80000
6511.95000
6524.40000
6536.90000
6549.50000
6562.32500
6575.30000
6588.42500
6601.75000
6615.22500
6628.90000
6642.77500
6656.87500
6671.20000
6685.80000
6700.65000
6715.87500
6731.67500
6748.17500
6811.95000
6824.40000
6836.92500
6849.55000
6862.40000
6875.40000
6888.55000
6901.90000
6915.40000
6929.12500
6943.02500
6957.17500
6971.55000
6986.20000
7001.12500
7016.45000
7032.12500
7049.27500
7112.00000
7124.47500
7137.02500
7149.67500
7162.52500
7175.55000
7188.75000
7202.10000
7215.65000
7229.37500
7243.32500
7257.50000
7271.95000
7286.65000
7301.62500
7317.05000
7332.92500
7411.97500
7424.47500
7437.02500
7449.67500
7462.57500
7475.60000
7488.82500
7502.20000
7515.77500
7529.55000
7543.55000
7557.77500
7572.25000
7587.02500
7602.05000
7617.55000
7633.57500
7711.97500
7724.50000
7737.05000
7749.75000
7762.65000
7775.72500
7788.95000
7802.37500
7815.97500
7829.77500
7843.80000
7858.05000
7872.57500
7887.42500
7902.52500
7918.20000
7934.50000
8012.00000
8024.55000
8037.12500
8049.82500
8062.75000
8075.85000
8089.10000
8102.55000
8116.17500
8130.00000
8144.05000
8158.35000
8172.92500
8187.85000
8203.02500
8218.87500
8235.77500
8312.00000
8324.55000
8337.15000
8349.87500
8362.82500
8375.92500
8389.20000
8402.67500
8416.32500
8430.20000
8444.30000
8458.62500
8473.25000
8488.20000
8503.50000
8519.20000
8612.00000
8624.57500
8637.17500
8649.92500
8662.87500
8676.00000
8689.30000
8702.80000
8716.47500
8730.37500
8744.50000
8758.90000
8773.57500
8788.57500
8803.97500
8819.80000
8912.02500
8924.60000
8937.20000
8949.97500
8962.95000
8976.10000
8989.42500
9002.92500
9016.65000
9030.57500
9044.72500
9059.15000
9073.87500
9088.92500
9104.45000
9120.40000
9212.02500
9224.60000
9237.25000
9250.02500
9263.02500
9276.17500
9289.52500
9303.07500
9316.82500
9330.77500
9344.95000
9359.42500
9374.20000
9389.22500
9404.77500
9420.95000
9512.05000
9524.62500
9537.27500
9550.07500
9563.07500
9576.27500
9589.65000
9603.20000
9616.97500
9630.95000
9645.17500
9659.67500
9674.52500
9689.62500
9705.32500
9721.87500
9812.05000
9824.65000
9837.32500
9850.12500
9863.15000
9876.37500
9889.75000
9903.35000
9917.12500
9931.15000
9945.40000
9959.95000
9974.85000
9990.02500
10005.92500
10112.07500
10124.70000
10137.37500
10150.17500
10163.25000
10176.47500
10189.87500
10203.47500
10217.30000
10231.32500
10245.62500
10260.20000
10275.15000
10290.42500
10306.10000
10412.07500
10424.70000
10437.40000
10450.22500
10463.30000
10476.52500
10489.97500
10503.60000
10517.42500
10531.50000
10545.82500
10560.45000
10575.45000
10590.80000
10606.57500
10712.07500
10724.72500
10737.42500
10750.27500
10763.35000
10776.62500
10790.07500
10803.72500
10817.57500
10831.67500
10846.05000
10860.70000
10875.77500
10891.20000
10907.15000
11012.10000
11024.75000
11037.45000
11050.32500
11063.42500
11076.70000
11090.17500
11103.85000
11117.72500
11131.85000
11146.25000
11160.95000
11176.07500
11191.67500
11207.85000
11312.10000
11324.75000
11337.50000
11350.37500
11363.47500
11376.77500
11390.27500
11403.97500
11417.87500
11432.02500
11446.45000
11461.22500
11476.37500
11492.02500
11508.70000
11612.10000
11624.77500
11637.52500
11650.42500
11663.55000
11676.87500
11690.37500
11704.10000
11718.02500
11732.20000
11746.67500
11761.47500
11776.52500
11792.02500
11808.10000
11824.75000
11912.12500
11924.80000
11937.55000
11950.47500
11963.62500
11976.95000
11990.47500
12004.22500
12018.17500
12032.40000
12046.87500
12061.72500
12076.85000
12092.80000
12212.12500
12224.82500
12237.60000
12250.50000
12263.67500
12277.02500
12290.57500
12304.32500
12318.32500
12332.55000
12347.07500
12361.97500
12377.17500
12392.77500
12512.12500
12524.85000
12537.62500
12550.55000
12563.72500
12577.10000
12590.67500
12604.45000
12618.45000
12632.72500
12647.27500
12662.22500
12677.47500
12693.17500
12709.47500
12812.15000
12824.87500
12837.65000
12850.60000
12863.80000
12877.17500
12890.77500
12904.55000
12918.60000
12932.87500
12947.47500
12962.47500
12977.82500
12993.67500
13112.15000
13124.87500
13137.67500
13150.65000
13163.85000
13177.25000
13190.85000
13204.67500
13218.72500
13233.05000
13247.67500
13262.72500
13277.92500
13293.87500
13412.15000
13424.90000
13437.72500
13450.67500
13463.90000
13477.32500
13490.95000
13504.77500
13518.85000
13533.20000
13547.87500
13562.97500
13578.22500
13594.35000
13712.17500
13724.92500
13737.75000
13750.72500
13763.97500
13777.40000
13791.02500
13804.90000
13819.00000
13833.37500
13848.07500
13863.22500
13878.55000
13894.95000
14012.17500
14024.95000
14037.77500
14050.77500
14064.02500
14077.47500
14091.12500
14105.00000
14119.12500
14133.52500
14148.25000
14163.45000
14178.85000
14312.17500
14324.95000
14337.80000
14350.80000
14364.07500
14377.52500
14391.20000
14405.10000
14419.25000
14433.67500
14448.45000
14463.67500
14479.40000
14495.42500
14612.20000
14624.97500
14637.82500
14650.85000
14664.12500
14677.60000
14691.30000
14705.20000
14719.37500
14733.82500
14748.65000
14763.72500
14779.62500
14795.75000
14912.20000
14925.00000
14937.85000
14950.87500
14964.17500
14977.67500
14991.37500

