$ Stimulation Interval(ms): 300
$ Delay(ms): 17.581766
$ Number of data : 474
$ TSTOP : 15000
$ PN stimulation current max : 49000
$ LN stimulation current max : 18000
23.55000
33.40000
42.12500
50.27500
58.10000
65.72500
73.22500
80.70000
88.15000
95.57500
103.00000
110.47500
117.95000
125.47500
133.02500
140.62500
148.25000
155.95000
163.67500
171.47500
179.30000
187.20000
195.15000
203.17500
213.90000
227.72500
1407.70000
1702.00000
1733.42500
1997.72500
2014.27500
2278.72500
2294.75000
2313.97500
2331.20000
2566.62500
2583.47500
2597.15000
2616.07500
2631.85000
2880.92500
2896.57500
2916.82500
2933.00000
3170.40000
3183.10000
3197.00000
3205.95000
3217.80000
3233.95000
3456.60000
3468.57500
3482.37500
3494.27500
3503.30000
3516.97500
3532.65000
3766.77500
3782.97500
3797.50000
3806.15000
3817.60000
3833.12500
4052.77500
4069.00000
4083.35000
4095.90000
4104.55000
4116.67500
4131.27500
4351.15000
4367.42500
4377.77500
4386.80000
4396.12500
4404.72500
4416.75000
4431.27500
4637.20000
4653.42500
4668.92500
4680.60000
4689.15000
4699.00000
4707.50000
4717.85000
4732.20000
4936.52500
4952.67500
4968.20000
4976.85000
4986.22500
4994.70000
5003.62500
5015.62500
5030.97500
5245.12500
5256.37500
5267.47500
5280.37500
5289.27500
5297.80000
5306.20000
5317.25000
5331.42500
5554.70000
5571.00000
5579.87500
5589.70000
5599.40000
5608.07500
5618.65000
5633.47500
5822.50000
5838.47500
5853.17500
5861.77500
5870.45000
5878.80000
5887.52500
5895.92500
5904.22500
5916.30000
5931.05000
6076.05000
6105.45000
6121.32500
6131.02500
6139.77500
6148.75000
6156.62500
6165.67500
6173.00000
6180.17500
6187.35000
6194.52500
6201.70000
6211.10000
6227.02500
6244.45000
6475.42500
6490.40000
6506.37500
6519.65000
6530.65000
6769.07500
6784.50000
6799.85000
6817.62500
6829.17500
7053.80000
7070.47500
7084.07500
7098.22500
7107.37500
7118.85000
7129.47500
7354.00000
7369.70000
7384.45000
7394.72500
7404.92500
7416.45000
7428.70000
7661.87500
7674.80000
7685.80000
7700.42500
7710.95000
7727.90000
7961.75000
7975.67500
7986.80000
7995.47500
8004.27500
8027.85000
8247.67500
8263.35000
8278.45000
8288.27500
8296.65000
8305.12500
8327.75000
8345.35000
8540.50000
8557.32500
8570.90000
8579.82500
8588.05000
8596.07500
8604.05000
8613.02500
8627.90000
8645.17500
8842.02500
8856.55000
8871.77500
8879.70000
8887.85000
8895.77500
8903.70000
8912.80000
8927.67500
8945.05000
9141.65000
9157.35000
9172.67500
9181.47500
9190.00000
9203.42500
9212.82500
9227.92500
9245.22500
9434.55000
9449.02500
9459.10000
9472.92500
9482.37500
9491.17500
9504.85000
9515.00000
9528.20000
9545.27500
9745.35000
9758.35000
9773.17500
9782.90000
9791.35000
9799.95000
9807.67500
9816.52500
9828.47500
9845.32500
10034.10000
10049.95000
10058.97500
10071.57500
10080.57500
10089.90000
10097.55000
10105.27500
10114.72500
10128.02500
10145.12500
10320.70000
10342.65000
10358.00000
10366.40000
10374.45000
10382.70000
10390.47500
10397.90000
10405.95000
10415.42500
10428.17500
10445.15000
10621.22500
10635.77500
10648.90000
10659.45000
10672.70000
10680.42500
10689.35000
10696.90000
10704.77500
10713.37500
10727.72500
10745.07500
10920.45000
10936.55000
10950.70000
10960.27500
10968.67500
10976.95000
10984.92500
10992.45000
10999.80000
11007.10000
11015.97500
11028.22500
11045.15000
11221.20000
11236.62500
11247.32500
11259.55000
11267.92500
11275.40000
11283.82500
11291.27500
11298.70000
11306.00000
11315.25000
11328.10000
11345.15000
11530.85000
11546.87500
11557.00000
11565.80000
11574.97500
11582.67500
11590.15000
11597.80000
11605.52500
11615.02500
11628.10000
11645.17500
11817.62500
11833.57500
11846.70000
11859.25000
11867.12500
11876.85000
11884.50000
11893.47500
11901.10000
11909.87500
11918.87500
11929.10000
11945.37500
12113.47500
12128.25000
12141.65000
12150.70000
12159.22500
12167.25000
12175.82500
12183.77500
12191.40000
12198.77500
12207.25000
12216.17500
12228.32500
12245.22500
12413.65000
12428.52500
12441.80000
12451.37500
12460.90000
12468.90000
12476.55000
12484.65000
12492.07500
12499.37500
12506.65000
12515.67500
12528.20000
12545.20000
12700.47500
12721.95000
12734.67500
12745.70000
12754.15000
12762.72500
12770.32500
12778.62500
12786.15000
12793.92500
12801.30000
12810.00000
12819.00000
12829.12500
12845.37500
13000.65000
13016.92500
13028.70000
13037.52500
13046.15000
13054.32500
13062.57500
13073.45000
13081.02500
13088.32500
13095.57500
13102.80000
13112.12500
13127.27500
13145.00000
13299.70000
13314.90000
13328.95000
13337.90000
13345.70000
13354.32500
13362.00000
13370.45000
13377.92500
13385.30000
13392.95000
13400.27500
13407.55000
13416.27500
13428.32500
13445.22500
13600.02500
13615.20000
13630.02500
13638.70000
13647.55000
13658.65000
13666.27500
13675.75000
13683.35000
13690.67500
13697.95000
13705.20000
13713.57500
13727.65000
13745.07500
13900.90000
13915.20000
13929.65000
13938.15000
13947.17500
13955.40000
13963.70000
13971.05000
13979.60000
13986.92500
13994.17500
14001.40000
14009.95000
14018.45000
14029.00000
14045.35000
14206.80000
14217.80000
14229.40000
14240.00000
14249.12500
14256.75000
14264.50000
14271.80000
14278.97500
14286.12500
14293.30000
14300.47500
14307.70000
14316.32500
14328.32500
14345.22500
14484.85000
14501.17500
14513.30000
14527.92500
14537.00000
14545.60000
14553.62500
14561.95000
14569.85000
14577.10000
14584.27500
14591.45000
14598.62500
14605.80000
14614.72500
14627.92500
14645.12500
14792.82500
14807.55000
14818.10000
14829.77500
14838.55000
14846.97500
14854.45000
14862.90000
14870.25000
14878.02500
14885.27500
14892.47500
14899.67500
14906.87500
14915.77500
14928.22500
14945.20000

