$ Stimulation Interval(ms): 300
$ Delay(ms): 31.724716
$ Number of data : 469
$ TSTOP : 15000
$ PN stimulation current max : 49000
$ LN stimulation current max : 18000
37.62500
47.42500
56.12500
64.27500
72.10000
79.70000
87.22500
94.67500
102.12500
109.55000
116.97500
124.45000
131.92500
139.45000
147.00000
154.57500
162.22500
169.90000
177.65000
185.42500
193.27500
201.17500
209.12500
222.20000
2001.97500
2295.20000
2309.95000
2603.87500
2625.22500
2881.45000
2897.10000
2910.62500
3182.02500
3197.07500
3211.15000
3226.00000
3450.65000
3466.52500
3482.77500
3494.67500
3503.65000
3517.55000
3767.17500
3784.30000
3798.35000
3808.27500
3821.47500
4067.82500
4081.62500
4090.25000
4099.35000
4107.87500
4118.35000
4351.72500
4367.40000
4377.37500
4386.37500
4395.42500
4403.95000
4412.30000
4425.52500
4637.40000
4652.82500
4669.57500
4681.42500
4690.10000
4699.60000
4708.07500
4718.52500
4952.42500
4969.37500
4982.45000
4991.22500
5001.35000
5009.75000
5025.32500
5238.10000
5254.47500
5266.30000
5274.95000
5285.15000
5293.60000
5301.85000
5310.07500
5325.30000
5530.57500
5544.52500
5555.55000
5564.77500
5573.85000
5586.80000
5595.25000
5603.50000
5611.70000
5625.37500
5838.20000
5853.67500
5867.00000
5875.42500
5885.25000
5893.55000
5901.75000
5909.90000
5925.40000
6090.32500
6105.62500
6120.67500
6131.57500
6139.52500
6149.57500
6157.25000
6166.72500
6174.12500
6181.30000
6188.42500
6195.52500
6202.65000
6209.77500
6218.65000
6229.87500
6467.62500
6484.65000
6497.95000
6516.50000
6530.37500
6769.00000
6784.67500
6798.77500
6808.62500
6819.85000
6831.97500
7073.02500
7084.10000
7099.32500
7116.85000
7130.35000
7338.57500
7368.85000
7384.02500
7399.40000
7409.60000
7419.75000
7431.75000
7639.05000
7653.85000
7669.32500
7683.17500
7693.52500
7701.72500
7709.67500
7719.82500
7731.72500
7939.60000
7961.77500
7971.35000
7985.30000
7994.35000
8003.15000
8010.85000
8023.85000
8037.40000
8224.47500
8248.32500
8262.25000
8276.22500
8286.75000
8295.25000
8303.75000
8311.37500
8323.77500
8337.25000
8539.87500
8556.00000
8569.95000
8580.42500
8588.92500
8599.72500
8607.52500
8619.27500
8631.17500
8825.12500
8840.35000
8856.00000
8870.87500
8881.40000
8889.50000
8900.90000
8908.65000
8917.32500
8930.05000
9125.57500
9141.20000
9156.37500
9165.25000
9174.27500
9186.52500
9194.77500
9203.92500
9211.52500
9223.65000
9237.20000
9426.00000
9442.22500
9457.40000
9471.80000
9481.40000
9490.05000
9497.67500
9506.05000
9516.02500
9529.95000
9725.77500
9741.72500
9757.05000
9773.10000
9782.62500
9791.05000
9799.82500
9807.45000
9816.52500
9829.90000
10011.27500
10026.77500
10041.80000
10056.57500
10066.02500
10074.42500
10083.00000
10091.27500
10099.45000
10106.92500
10116.22500
10129.92500
10145.87500
10312.15000
10326.85000
10342.52500
10357.35000
10367.20000
10375.30000
10386.40000
10393.95000
10403.67500
10411.07500
10419.92500
10431.00000
10611.97500
10627.17500
10642.00000
10651.10000
10659.80000
10671.55000
10679.15000
10688.72500
10696.20000
10704.12500
10711.45000
10720.12500
10731.22500
10912.35000
10927.07500
10941.90000
10957.72500
10968.75000
10977.02500
10986.07500
10993.52500
11000.80000
11008.02500
11016.62500
11029.87500
11045.72500
11212.87500
11227.60000
11242.32500
11252.75000
11261.12500
11271.82500
11279.30000
11288.70000
11296.15000
11303.42500
11310.67500
11319.62500
11330.62500
11512.42500
11528.45000
11543.40000
11555.57500
11564.37500
11572.67500
11580.12500
11587.77500
11595.02500
11603.15000
11610.42500
11619.50000
11630.52500
11646.17500
11813.40000
11828.02500
11842.67500
11852.80000
11861.62500
11870.07500
11878.27500
11885.70000
11893.95000
11901.35000
11908.62500
11917.02500
11929.95000
11945.75000
12112.95000
12128.40000
12141.97500
12151.70000
12159.82500
12167.77500
12176.07500
12183.92500
12191.45000
12198.75000
12207.15000
12216.30000
12225.20000
12237.45000
12398.82500
12413.87500
12428.85000
12443.15000
12451.95000
12460.95000
12468.50000
12476.02500
12483.30000
12490.55000
12497.72500
12504.90000
12512.07500
12520.70000
12531.65000
12699.20000
12723.60000
12735.47500
12745.07500
12754.35000
12762.45000
12770.65000
12778.60000
12786.00000
12793.22500
12800.42500
12807.62500
12816.42500
12825.25000
12837.45000
12998.82500
13013.90000
13027.50000
13036.00000
13044.90000
13052.62500
13061.07500
13068.42500
13076.00000
13083.25000
13090.40000
13097.52500
13104.67500
13111.82500
13120.27500
13130.97500
13146.02500
13299.02500
13314.42500
13329.10000
13337.95000
13345.75000
13354.25000
13361.97500
13369.35000
13377.17500
13384.52500
13392.22500
13399.45000
13406.65000
13416.02500
13424.90000
13437.40000
13599.35000
13615.20000
13629.20000
13638.70000
13647.07500
13658.52500
13666.02500
13675.70000
13683.20000
13690.42500
13697.60000
13704.75000
13711.92500
13720.42500
13731.15000
13898.95000
13914.37500
13929.77500
13939.30000
13947.85000
13956.55000
13964.47500
13971.95000
13980.15000
13987.45000
13994.65000
14001.80000
14008.97500
14017.17500
14030.00000
14045.75000
14199.20000
14214.52500
14229.07500
14238.77500
14247.05000
14255.20000
14263.27500
14271.50000
14278.70000
14285.82500
14292.92500
14300.05000
14307.17500
14316.20000
14324.95000
14337.42500
14499.22500
14512.87500
14528.25000
14537.42500
14546.02500
14554.07500
14562.25000
14570.02500
14577.22500
14584.35000
14591.45000
14598.55000
14605.65000
14614.32500
14624.20000
14637.37500
14800.30000
14815.12500
14829.57500
14839.30000
14847.47500
14855.85000
14863.72500
14871.02500
14878.57500
14885.75000
14892.87500
14899.97500
14907.12500
14916.20000
14924.95000
14937.45000

