$ Stimulation Interval(ms): 300
$ Delay(ms): 204.926443
$ Number of data : 615
$ TSTOP : 15000
$ PN stimulation current max : 49000
$ LN stimulation current max : 18000
209.60000
222.40000
235.12500
248.02500
261.12500
274.37500
287.80000
301.45000
315.32500
329.47500
343.90000
358.65000
373.85000
389.80000
406.25000
422.15000
438.27500
455.22500
512.37500
525.27500
538.15000
551.17500
564.42500
577.87500
591.55000
605.45000
619.55000
633.92500
648.60000
663.80000
679.90000
695.65000
711.42500
727.40000
744.05000
812.50000
825.32500
838.17500
851.22500
864.50000
877.97500
891.62500
905.50000
919.62500
934.05000
948.85000
964.35000
1112.40000
1125.22500
1138.07500
1151.12500
1164.45000
1177.92500
1191.62500
1205.60000
1219.82500
1234.40000
1249.40000
1264.95000
1412.40000
1425.25000
1438.12500
1451.22500
1464.55000
1478.07500
1491.82500
1505.82500
1520.10000
1534.72500
1549.75000
1565.57500
1712.37500
1725.27500
1738.17500
1751.30000
1764.67500
1778.22500
1792.02500
1806.07500
1820.42500
1835.10000
1850.20000
1866.27500
2012.42500
2025.32500
2038.25000
2051.40000
2064.80000
2078.40000
2092.22500
2106.32500
2120.72500
2135.47500
2150.67500
2312.40000
2325.25000
2338.20000
2351.37500
2364.80000
2378.42500
2392.30000
2406.42500
2420.85000
2435.65000
2450.92500
2612.42500
2625.30000
2638.27500
2651.47500
2664.92500
2678.57500
2692.47500
2706.65000
2721.15000
2736.00000
2751.37500
2912.45000
2925.35000
2938.32500
2951.55000
2965.05000
2978.75000
2992.67500
3006.90000
3021.42500
3036.35000
3051.85000
3212.47500
3225.40000
3238.40000
3251.65000
3265.17500
3278.90000
3292.87500
3307.15000
3321.75000
3336.72500
3352.40000
3512.50000
3525.45000
3538.45000
3551.72500
3565.27500
3579.02500
3593.05000
3607.35000
3622.00000
3637.07500
3652.92500
3812.50000
3825.47500
3838.50000
3851.80000
3865.37500
3879.17500
3893.22500
3907.57500
3922.27500
3937.40000
3953.47500
4112.47500
4125.45000
4138.50000
4151.82500
4165.42500
4179.22500
4193.30000
4207.70000
4222.45000
4237.65000
4253.95000
4412.50000
4425.47500
4438.55000
4451.87500
4465.52500
4479.35000
4493.47500
4507.90000
4522.72500
4538.02500
4712.50000
4725.52500
4738.60000
4751.95000
4765.62500
4779.50000
4793.65000
4808.12500
4822.97500
4838.32500
5012.52500
5025.52500
5038.62500
5052.02500
5065.70000
5079.60000
5093.77500
5108.30000
5123.20000
5138.65000
5312.52500
5325.55000
5338.67500
5352.07500
5365.77500
5379.72500
5393.92500
5408.50000
5423.45000
5439.00000
5612.55000
5625.57500
5638.72500
5652.15000
5665.87500
5679.82500
5694.07500
5708.67500
5723.70000
5739.35000
5912.55000
5925.62500
5938.75000
5952.20000
5965.95000
5979.95000
5994.22500
6008.87500
6023.95000
6039.70000
6211.65000
6223.95000
6236.30000
6248.77500
6261.50000
6274.35000
6287.37500
6300.57500
6313.92500
6327.47500
6341.25000
6355.25000
6369.57500
6384.25000
6399.45000
6415.82500
6511.92500
6524.25000
6536.62500
6549.15000
6561.87500
6574.77500
6587.82500
6601.05000
6614.45000
6628.02500
6641.85000
6655.92500
6670.35000
6685.15000
6700.62500
6811.92500
6824.25000
6836.65000
6849.17500
6861.92500
6874.85000
6887.92500
6901.15000
6914.60000
6928.22500
6942.07500
6956.20000
6970.67500
6985.57500
7001.25000
7112.00000
7124.35000
7136.77500
7149.30000
7162.10000
7175.02500
7188.12500
7201.40000
7214.85000
7228.52500
7242.42500
7256.62500
7271.17500
7286.25000
7302.40000
7411.97500
7424.35000
7436.77500
7449.32500
7462.12500
7475.07500
7488.20000
7501.50000
7514.97500
7528.67500
7542.62500
7556.87500
7571.47500
7586.65000
7711.95000
7724.35000
7736.77500
7749.35000
7762.17500
7775.15000
7788.27500
7801.60000
7815.12500
7828.85000
7842.82500
7857.10000
7871.77500
7887.05000
8011.95000
8024.35000
8036.80000
8049.40000
8062.22500
8075.22500
8088.37500
8101.72500
8115.27500
8129.02500
8143.05000
8157.37500
8172.12500
8187.55000
8311.95000
8324.35000
8336.80000
8349.42500
8362.27500
8375.27500
8388.47500
8401.82500
8415.40000
8429.17500
8443.22500
8457.62500
8472.42500
8488.07500
8611.97500
8624.37500
8636.85000
8649.47500
8662.35000
8675.37500
8688.57500
8701.97500
8715.57500
8729.37500
8743.47500
8757.90000
8772.80000
8788.70000
8911.97500
8924.40000
8936.90000
8949.52500
8962.42500
8975.47500
8988.70000
9002.10000
9015.72500
9029.57500
9043.70000
9058.20000
9073.20000
9089.85000
9211.97500
9224.40000
9236.90000
9249.55000
9262.45000
9275.52500
9288.77500
9302.20000
9315.85000
9329.72500
9343.90000
9358.45000
9373.52500
9511.97500
9524.42500
9536.92500
9549.60000
9562.52500
9575.60000
9588.87500
9602.32500
9616.00000
9629.90000
9644.12500
9658.72500
9673.92500
9812.00000
9824.45000
9836.97500
9849.65000
9862.57500
9875.67500
9888.97500
9902.45000
9916.15000
9930.10000
9944.35000
9959.00000
9974.32500
10112.00000
10124.45000
10137.00000
10149.70000
10162.65000
10175.75000
10189.05000
10202.57500
10216.27500
10230.25000
10244.55000
10259.25000
10274.72500
10412.00000
10424.47500
10437.02500
10449.72500
10462.70000
10475.82500
10489.15000
10502.67500
10516.42500
10530.42500
10544.75000
10559.50000
10575.15000
10712.00000
10724.50000
10737.05000
10749.77500
10762.75000
10775.90000
10789.25000
10802.80000
10816.57500
10830.60000
10844.97500
10859.77500
10875.65000
11012.02500
11024.52500
11037.07500
11049.82500
11062.82500
11075.97500
11089.35000
11102.90000
11116.70000
11130.77500
11145.17500
11160.07500
11176.55000
11312.02500
11324.52500
11337.12500
11349.87500
11362.87500
11376.05000
11389.45000
11403.02500
11416.85000
11430.95000
11445.40000
11460.35000
11612.02500
11624.55000
11637.15000
11649.90000
11662.92500
11676.12500
11689.52500
11703.12500
11716.97500
11731.10000
11745.60000
11760.62500
11912.05000
11924.57500
11937.17500
11949.95000
11962.97500
11976.20000
11989.60000
12003.22500
12017.10000
12031.27500
12045.80000
12060.92500
12212.05000
12224.60000
12237.20000
12250.00000
12263.05000
12276.27500
12289.70000
12303.35000
12317.25000
12331.45000
12346.02500
12361.27500
12512.05000
12524.60000
12537.22500
12550.02500
12563.07500
12576.32500
12589.77500
12603.45000
12617.37500
12631.60000
12646.22500
12661.57500
12812.05000
12824.62500
12837.25000
12850.05000
12863.12500
12876.40000
12889.87500
12903.55000
12917.50000
12931.75000
12946.45000
12961.95000
13112.07500
13124.65000
13137.27500
13150.10000
13163.20000
13176.47500
13189.95000
13203.65000
13217.62500
13231.92500
13246.65000
13262.35000
13412.07500
13424.65000
13437.30000
13450.12500
13463.25000
13476.52500
13490.02500
13503.75000
13517.75000
13532.07500
13546.87500
13562.87500
13712.07500
13724.67500
13737.32500
13750.17500
13763.30000
13776.60000
13790.10000
13803.85000
13817.87500
13832.22500
13847.07500
13864.10000
14012.10000
14024.70000
14037.35000
14050.20000
14063.35000
14076.65000
14090.20000
14103.97500
14118.00000
14132.40000
14147.30000
14312.10000
14324.70000
14337.37500
14350.25000
14363.40000
14376.72500
14390.27500
14404.05000
14418.12500
14432.55000
14447.52500
14612.10000
14624.72500
14637.40000
14650.27500
14663.42500
14676.77500
14690.35000
14704.15000
14718.22500
14732.70000
14747.72500
14912.10000
14924.72500
14937.42500
14950.30000
14963.47500
14976.82500
14990.42500

