$ Stimulation Interval(ms): 300
$ Delay(ms): 46.472475
$ Number of data : 595
$ TSTOP : 15000
$ PN stimulation current max : 49000
$ LN stimulation current max : 18000
52.30000
62.10000
70.77500
78.90000
86.72500
94.35000
101.85000
109.32500
116.75000
124.17500
131.60000
139.07500
146.55000
154.05000
161.62500
169.20000
176.85000
184.52500
192.27500
200.05000
209.57500
500.45000
789.72500
806.12500
1073.17500
1089.57500
1104.10000
1376.27500
1391.47500
1408.07500
1660.65000
1676.60000
1692.35000
1704.02500
1947.55000
1962.70000
1977.42500
1992.32500
2002.00000
2247.25000
2263.85000
2279.05000
2294.95000
2305.82500
2548.27500
2561.65000
2577.52500
2587.40000
2596.70000
2607.40000
2832.57500
2848.67500
2863.57500
2879.05000
2895.62500
2907.17500
3132.62500
3147.92500
3162.57500
3174.67500
3183.22500
3193.00000
3201.37500
3210.82500
3433.27500
3448.27500
3463.77500
3475.40000
3484.07500
3495.07500
3503.45000
3518.37500
3718.60000
3734.30000
3748.40000
3763.55000
3773.30000
3782.52500
3793.05000
3801.30000
3818.05000
4019.52500
4033.55000
4049.05000
4062.92500
4071.27500
4080.07500
4088.25000
4097.10000
4105.32500
4118.10000
4319.55000
4334.80000
4350.15000
4360.32500
4368.97500
4377.72500
4386.22500
4394.77500
4402.97500
4413.20000
4619.52500
4635.20000
4649.85000
4661.57500
4670.17500
4681.25000
4689.50000
4698.97500
4707.22500
4719.67500
4905.00000
4921.22500
4935.47500
4950.90000
4960.47500
4969.55000
4978.37500
4986.67500
4994.80000
5003.25000
5018.00000
5204.85000
5221.05000
5234.55000
5246.40000
5254.72500
5264.30000
5272.47500
5281.57500
5289.80000
5297.85000
5305.87500
5318.17500
5507.12500
5520.65000
5534.00000
5544.82500
5553.25000
5562.80000
5570.95000
5578.92500
5586.85000
5594.77500
5602.70000
5611.45000
5805.70000
5821.20000
5836.72500
5846.80000
5855.92500
5867.00000
5875.22500
5884.62500
5892.77500
5900.80000
5908.82500
6075.05000
6088.55000
6103.30000
6117.85000
6126.35000
6135.40000
6142.67500
6150.12500
6157.15000
6165.40000
6172.50000
6179.47500
6186.42500
6193.40000
6200.37500
6207.40000
6216.55000
6229.50000
6393.37500
6422.42500
6437.55000
6451.72500
6463.97500
6475.22500
6484.25000
6493.42500
6503.82500
6516.40000
6529.95000
6693.67500
6722.22500
6737.45000
6752.47500
6765.50000
6775.85000
6784.80000
6795.50000
6807.17500
6817.12500
6830.10000
6993.87500
7022.32500
7038.10000
7053.17500
7066.72500
7081.67500
7092.67500
7100.75000
7116.62500
7133.22500
7294.25000
7322.80000
7337.65000
7351.55000
7366.45000
7376.60000
7384.92500
7393.97500
7401.60000
7411.55000
7429.65000
7594.52500
7609.40000
7623.95000
7638.30000
7651.57500
7667.02500
7682.15000
7691.07500
7699.50000
7707.00000
7717.27500
7730.15000
7894.80000
7909.80000
7924.52500
7938.95000
7951.95000
7962.90000
7971.50000
7982.52500
7992.32500
8000.67500
8008.02500
8018.52500
8030.62500
8195.10000
8210.12500
8224.02500
8239.40000
8252.50000
8262.15000
8270.82500
8279.37500
8287.82500
8295.50000
8303.92500
8312.27500
8329.60000
8495.30000
8510.35000
8524.62500
8537.95000
8553.22500
8567.65000
8576.57500
8585.45000
8595.80000
8603.22500
8617.02500
8630.10000
8795.62500
8810.25000
8824.47500
8838.22500
8854.00000
8868.42500
8875.90000
8885.57500
8894.02500
8901.70000
8909.00000
8920.22500
8933.20000
9095.97500
9110.67500
9124.95000
9137.72500
9151.80000
9161.87500
9169.90000
9177.85000
9185.40000
9192.55000
9200.27500
9207.42500
9216.87500
9229.95000
9395.45000
9410.85000
9425.35000
9438.50000
9452.25000
9463.42500
9470.97500
9479.42500
9487.02500
9494.20000
9501.92500
9509.10000
9517.62500
9530.10000
9695.75000
9710.80000
9725.80000
9738.37500
9752.72500
9760.97500
9769.67500
9780.80000
9788.10000
9797.40000
9804.62500
9816.30000
9829.90000
9996.07500
10010.82500
10024.20000
10038.55000
10054.27500
10064.45000
10072.40000
10081.77500
10089.35000
10099.22500
10106.55000
10117.47500
10130.22500
10296.40000
10311.32500
10324.72500
10340.37500
10350.50000
10358.22500
10366.82500
10374.32500
10383.10000
10390.57500
10397.80000
10405.57500
10416.45000
10429.97500
10596.72500
10611.30000
10625.07500
10639.57500
10648.10000
10656.92500
10664.42500
10673.25000
10680.57500
10689.70000
10697.07500
10705.02500
10716.37500
10730.00000
10884.30000
10898.40000
10911.95000
10925.05000
10939.37500
10948.07500
10956.10000
10964.82500
10972.12500
10979.80000
10987.20000
10994.32500
11001.40000
11008.47500
11017.20000
11030.07500
11184.22500
11197.80000
11212.20000
11225.57500
11239.77500
11247.37500
11256.20000
11263.52500
11272.32500
11279.57500
11288.77500
11296.07500
11304.27500
11312.75000
11329.72500
11483.45000
11497.87500
11512.57500
11525.95000
11540.00000
11547.65000
11556.07500
11563.55000
11571.72500
11579.22500
11586.72500
11594.80000
11601.95000
11609.05000
11617.55000
11630.15000
11783.70000
11797.97500
11812.30000
11825.15000
11834.65000
11842.97500
11852.47500
11860.72500
11868.85000
11875.95000
11883.00000
11890.45000
11897.52500
11904.57500
11916.42500
11929.95000
12083.80000
12098.22500
12111.25000
12125.35000
12140.75000
12149.67500
12158.12500
12166.02500
12173.80000
12181.95000
12189.50000
12196.62500
12203.72500
12211.97500
12221.95000
12234.05000
12383.90000
12398.22500
12411.50000
12425.82500
12435.80000
12443.77500
12451.97500
12459.47500
12467.22500
12474.92500
12483.45000
12490.65000
12497.75000
12504.85000
12516.35000
12530.00000
12684.12500
12698.55000
12712.17500
12725.10000
12734.37500
12742.35000
12752.22500
12759.67500
12766.70000
12774.32500
12781.40000
12788.37500
12795.37500
12802.37500
12809.40000
12817.82500
12830.22500
12984.32500
12998.27500
13012.05000
13026.10000
13034.57500
13043.22500
13050.82500
13059.15000
13066.30000
13074.10000
13081.20000
13088.95000
13096.02500
13103.07500
13110.50000
13121.17500
13133.25000
13283.72500
13298.42500
13312.12500
13326.22500
13334.60000
13343.20000
13351.32500
13359.42500
13366.62500
13374.60000
13381.72500
13388.77500
13395.77500
13402.80000
13409.87500
13418.77500
13430.50000
13583.97500
13598.67500
13612.15000
13626.57500
13635.05000
13643.20000
13650.62500
13659.07500
13666.20000
13675.15000
13682.30000
13689.32500
13696.35000
13703.35000
13711.50000
13721.47500
13733.57500
13884.20000
13899.12500
13911.85000
13920.95000
13929.27500
13938.45000
13945.65000
13954.80000
13961.95000
13968.95000
13975.95000
13982.92500
13989.87500
13996.87500
14003.87500
14012.02500
14021.87500
14033.87500
14184.32500
14197.60000
14211.70000
14227.10000
14235.72500
14244.40000
14251.60000
14259.52500
14266.62500
14274.22500
14281.32500
14288.32500
14295.32500
14302.35000
14309.37500
14317.80000
14330.27500
14484.82500
14499.42500
14512.62500
14527.47500
14536.27500
14544.87500
14552.65000
14560.57500
14568.60000
14575.65000
14582.65000
14589.62500
14596.60000
14603.60000
14611.82500
14621.70000
14633.75000
14785.10000
14798.92500
14812.55000
14821.42500
14829.82500
14839.02500
14846.67500
14854.10000
14861.50000
14868.57500
14876.87500
14883.97500
14891.00000
14898.00000
14905.02500
14916.37500
14930.07500

