$ Stimulation Interval(ms): 300
$ Delay(ms): 215.330667
$ Number of data : 671
$ TSTOP : 15000
$ PN stimulation current max : 49000
$ LN stimulation current max : 18000
220.10000
232.90000
245.75000
258.75000
271.87500
285.15000
298.60000
312.25000
326.07500
340.10000
354.35000
368.87500
383.67500
398.80000
414.15000
429.82500
445.82500
462.07500
479.40000
522.95000
535.75000
548.67500
561.77500
575.00000
588.42500
602.02500
615.82500
629.85000
644.15000
658.70000
673.50000
688.55000
703.75000
719.20000
735.00000
751.02500
767.85000
822.90000
835.70000
848.67500
861.82500
875.15000
888.62500
902.32500
916.20000
930.30000
944.62500
959.20000
974.05000
989.17500
1004.62500
1020.45000
1037.17500
1122.90000
1135.70000
1148.72500
1161.90000
1175.25000
1188.80000
1202.52500
1216.45000
1230.60000
1245.02500
1259.72500
1274.77500
1290.20000
1305.92500
1321.97500
1338.30000
1355.47500
1422.92500
1435.77500
1448.82500
1462.05000
1475.45000
1489.02500
1502.82500
1516.82500
1531.05000
1545.57500
1560.40000
1575.60000
1591.15000
1606.90000
1623.22500
1639.95000
1722.95000
1735.82500
1748.90000
1762.17500
1775.60000
1789.25000
1803.10000
1817.15000
1831.47500
1846.10000
1861.05000
1876.42500
1892.15000
1908.00000
1924.50000
1943.25000
2022.97500
2035.87500
2049.00000
2062.30000
2075.77500
2089.47500
2103.37500
2117.50000
2131.90000
2146.62500
2161.72500
2177.25000
2193.02500
2209.00000
2225.92500
2322.97500
2335.90000
2349.02500
2362.37500
2375.90000
2389.62500
2403.57500
2417.75000
2432.22500
2447.02500
2462.22500
2477.90000
2493.62500
2509.62500
2526.05000
2542.75000
2623.00000
2635.95000
2649.12500
2662.50000
2676.07500
2689.85000
2703.85000
2718.10000
2732.62500
2747.52500
2762.87500
2778.70000
2794.50000
2810.67500
2923.00000
2935.97500
2949.17500
2962.57500
2976.17500
2990.00000
3004.05000
3018.35000
3032.97500
3047.95000
3063.42500
3079.42500
3095.50000
3111.92500
3223.02500
3236.02500
3249.25000
3262.67500
3276.30000
3290.17500
3304.25000
3318.62500
3333.30000
3348.40000
3364.05000
3380.20000
3396.02500
3412.90000
3523.05000
3536.07500
3549.32500
3562.77500
3576.45000
3590.32500
3604.47500
3618.90000
3633.65000
3648.85000
3664.65000
3680.95000
3696.87500
3823.05000
3836.10000
3849.37500
3862.85000
3876.55000
3890.47500
3904.67500
3919.15000
3933.97500
3949.27500
3965.30000
3981.70000
3997.77500
4015.02500
4123.07500
4136.12500
4149.45000
4162.95000
4176.67500
4190.65000
4204.87500
4219.42500
4234.32500
4249.75000
4266.00000
4282.42500
4298.70000
4423.10000
4436.17500
4449.50000
4463.02500
4476.80000
4490.80000
4505.07500
4519.67500
4534.65000
4550.20000
4566.50000
4582.37500
4598.97500
4723.10000
4736.20000
4749.55000
4763.10000
4776.90000
4790.95000
4805.27500
4819.92500
4835.00000
4850.70000
4867.17500
4883.10000
5023.12500
5036.22500
5049.60000
5063.17500
5077.00000
5091.10000
5105.45000
5120.17500
5135.32500
5151.20000
5167.85000
5183.82500
5323.12500
5336.27500
5349.67500
5363.25000
5377.12500
5391.22500
5405.62500
5420.40000
5435.65000
5451.77500
5468.47500
5484.55000
5500.95000
5623.15000
5636.30000
5649.72500
5663.35000
5677.22500
5691.37500
5705.82500
5720.65000
5736.00000
5752.50000
5768.87500
5785.17500
5923.15000
5936.32500
5949.77500
5963.42500
5977.32500
5991.52500
6006.02500
6020.90000
6036.37500
6222.20000
6234.55000
6247.05000
6259.72500
6272.52500
6285.50000
6298.62500
6311.95000
6325.50000
6339.25000
6353.22500
6367.50000
6382.12500
6397.17500
6413.05000
6522.42500
6534.80000
6547.32500
6560.02500
6572.85000
6585.82500
6599.00000
6612.37500
6625.95000
6639.72500
6653.77500
6668.12500
6682.82500
6698.02500
6714.32500
6822.42500
6834.82500
6847.35000
6860.05000
6872.90000
6885.90000
6899.10000
6912.47500
6926.07500
6939.90000
6953.97500
6968.37500
6983.12500
6998.42500
7122.42500
7134.85000
7147.40000
7160.12500
7172.97500
7186.00000
7199.22500
7212.62500
7226.25000
7240.12500
7254.22500
7268.67500
7283.50000
7298.92500
7422.45000
7434.87500
7447.42500
7460.17500
7473.05000
7486.10000
7499.32500
7512.75000
7526.40000
7540.30000
7554.45000
7568.92500
7583.80000
7599.37500
7722.45000
7734.87500
7747.47500
7760.22500
7773.12500
7786.20000
7799.45000
7812.90000
7826.57500
7840.50000
7854.70000
7869.22500
7884.17500
7899.90000
8022.47500
8034.92500
8047.52500
8060.30000
8073.20000
8086.30000
8099.57500
8113.07500
8126.77500
8140.72500
8154.97500
8169.55000
8184.57500
8200.57500
8322.50000
8334.95000
8347.55000
8360.35000
8373.27500
8386.40000
8399.70000
8413.20000
8426.92500
8440.92500
8455.20000
8469.82500
8484.92500
8501.32500
8622.50000
8634.97500
8647.60000
8660.40000
8673.35000
8686.47500
8699.80000
8713.32500
8727.07500
8741.10000
8755.42500
8770.10000
8785.27500
8922.50000
8934.97500
8947.60000
8960.42500
8973.40000
8986.52500
8999.87500
9013.42500
9027.22500
9041.27500
9055.62500
9070.32500
9085.57500
9222.52500
9235.00000
9247.65000
9260.50000
9273.47500
9286.62500
9300.00000
9313.57500
9327.37500
9341.45000
9355.85000
9370.60000
9385.90000
9522.50000
9535.00000
9547.67500
9560.52500
9573.50000
9586.70000
9600.07500
9613.67500
9627.50000
9641.60000
9656.02500
9670.82500
9686.17500
9822.52500
9835.02500
9847.70000
9860.57500
9873.57500
9886.77500
9900.17500
9913.77500
9927.65000
9941.77500
9956.25000
9971.07500
9986.50000
10122.52500
10135.05000
10147.75000
10160.62500
10173.65000
10186.85000
10200.27500
10213.92500
10227.80000
10241.97500
10256.47500
10271.35000
10286.85000
10422.52500
10435.07500
10447.77500
10460.65000
10473.70000
10486.92500
10500.37500
10514.02500
10527.95000
10542.15000
10556.67500
10571.60000
10587.15000
10722.55000
10735.10000
10747.80000
10760.70000
10773.75000
10787.00000
10800.47500
10814.15000
10828.10000
10842.32500
10856.90000
10871.85000
10887.47500
11022.55000
11035.10000
11047.82500
11060.75000
11073.82500
11087.07500
11100.55000
11114.27500
11128.22500
11142.50000
11157.10000
11172.10000
11187.77500
11322.55000
11335.12500
11347.87500
11360.80000
11373.87500
11387.17500
11400.65000
11414.40000
11428.37500
11442.67500
11457.30000
11472.35000
11488.35000
11622.57500
11635.15000
11647.90000
11660.85000
11673.95000
11687.25000
11700.75000
11714.50000
11728.52500
11742.87500
11757.52500
11772.62500
11788.82500
11922.57500
11935.17500
11947.92500
11960.87500
11974.00000
11987.32500
12000.85000
12014.62500
12028.67500
12043.05000
12057.75000
12072.90000
12222.57500
12235.20000
12247.95000
12260.92500
12274.05000
12287.40000
12300.95000
12314.75000
12328.82500
12343.20000
12357.95000
12373.12500
12522.60000
12535.20000
12547.97500
12560.95000
12574.10000
12587.45000
12601.02500
12614.85000
12628.95000
12643.35000
12658.12500
12673.32500
12822.60000
12835.22500
12848.02500
12861.00000
12874.15000
12887.52500
12901.10000
12914.95000
12929.07500
12943.50000
12958.30000
12973.52500
13122.60000
13135.22500
13148.05000
13161.05000
13174.22500
13187.60000
13201.20000
13215.05000
13229.20000
13243.67500
13258.47500
13273.72500
13422.60000
13435.25000
13448.07500
13461.07500
13474.27500
13487.65000
13501.27500
13515.17500
13529.32500
13543.82500
13558.67500
13573.95000
13722.62500
13735.27500
13748.10000
13761.12500
13774.32500
13787.72500
13801.37500
13815.27500
13829.45000
13843.97500
13858.85000
13874.12500
14022.62500
14035.27500
14048.12500
14061.15000
14074.37500
14087.80000
14101.45000
14115.37500
14129.60000
14144.15000
14159.05000
14174.57500
14322.62500
14335.30000
14348.15000
14361.20000
14374.42500
14387.85000
14401.55000
14415.47500
14429.72500
14444.30000
14459.25000
14474.65000
14490.37500
14506.72500
14622.65000
14635.32500
14648.17500
14661.25000
14674.47500
14687.95000
14701.65000
14715.62500
14729.90000
14744.52500
14759.55000
14775.62500
14922.65000
14935.35000
14948.20000
14961.27500
14974.52500
14988.02500

