$ Stimulation Interval(ms): 300
$ Delay(ms): 31.724716
$ Number of data : 462
$ TSTOP : 15000
$ PN stimulation current max : 56000
$ LN stimulation current max : 19500
37.62500
47.42500
56.12500
64.27500
72.10000
79.70000
87.22500
94.67500
102.12500
109.55000
116.97500
124.45000
131.92500
139.45000
147.00000
154.57500
162.22500
169.90000
177.65000
185.42500
193.27500
201.17500
209.12500
222.20000
2001.97500
2295.20000
2309.95000
2603.87500
2625.22500
2881.45000
2897.10000
2910.62500
3182.02500
3197.07500
3211.15000
3226.00000
3450.65000
3466.52500
3482.77500
3494.67500
3503.65000
3517.55000
3767.17500
3784.30000
3798.35000
3808.27500
3821.47500
4067.82500
4081.62500
4090.25000
4099.35000
4107.87500
4118.35000
4351.72500
4367.40000
4377.37500
4386.37500
4395.42500
4403.95000
4412.30000
4425.52500
4637.40000
4652.82500
4669.57500
4681.42500
4690.10000
4699.60000
4708.07500
4718.52500
4952.42500
4969.37500
4982.45000
4991.22500
5001.35000
5009.75000
5025.32500
5238.10000
5254.47500
5266.30000
5274.95000
5285.15000
5293.60000
5301.85000
5310.07500
5325.30000
5530.57500
5544.52500
5555.55000
5564.77500
5573.85000
5586.80000
5595.25000
5603.50000
5611.70000
5625.37500
5838.20000
5853.67500
5867.00000
5875.42500
5885.25000
5893.55000
5901.75000
5909.90000
5925.40000
6074.15000
6089.82500
6104.75000
6116.10000
6125.55000
6136.40000
6144.60000
6153.22500
6164.00000
6171.10000
6177.92500
6184.72500
6191.47500
6198.25000
6205.05000
6212.17500
6221.90000
6231.15000
6243.77500
6458.57500
6496.62500
6511.72500
6529.10000
6759.27500
6782.72500
6806.15000
6823.42500
6844.40000
7044.65000
7060.05000
7075.50000
7090.62500
7105.52500
7123.75000
7144.62500
7345.52500
7376.02500
7392.32500
7405.97500
7416.97500
7430.10000
7445.40000
7675.97500
7691.57500
7704.47500
7716.42500
7729.55000
7744.42500
7902.20000
7946.15000
7976.72500
7991.92500
8000.72500
8009.62500
8019.95000
8031.37500
8045.10000
8202.52500
8231.60000
8261.82500
8277.07500
8292.05000
8307.72500
8319.05000
8330.90000
8344.97500
8502.87500
8532.07500
8547.45000
8562.30000
8577.65000
8592.85000
8608.12500
8618.97500
8630.50000
8644.55000
8788.95000
8818.02500
8847.35000
8862.75000
8878.30000
8891.00000
8902.12500
8910.00000
8925.10000
8937.05000
9089.30000
9132.90000
9163.02500
9178.45000
9192.17500
9201.37500
9209.77500
9219.37500
9230.05000
9244.35000
9389.40000
9418.77500
9448.35000
9463.90000
9478.85000
9493.52500
9503.72500
9512.15000
9524.32500
9536.40000
9689.70000
9718.55000
9748.65000
9764.07500
9779.00000
9792.70000
9801.00000
9809.87500
9819.75000
9830.30000
9844.40000
9989.92500
10018.90000
10034.72500
10049.75000
10064.55000
10078.70000
10089.35000
10097.55000
10108.30000
10116.92500
10129.17500
10144.17500
10290.17500
10319.25000
10334.55000
10350.27500
10364.37500
10378.65000
10387.57500
10396.27500
10404.10000
10411.72500
10420.12500
10430.35000
10444.30000
10590.42500
10619.60000
10635.27500
10650.50000
10665.22500
10680.70000
10695.65000
10704.00000
10715.57500
10724.57500
10736.45000
10890.70000
10920.00000
10935.35000
10950.45000
10965.17500
10981.05000
10995.12500
11002.55000
11011.72500
11020.40000
11030.80000
11044.45000
11190.95000
11220.37500
11235.82500
11251.55000
11265.62500
11280.30000
11289.05000
11297.87500
11306.50000
11316.32500
11329.17500
11344.20000
11491.20000
11506.20000
11521.22500
11536.32500
11551.67500
11566.35000
11574.55000
11583.00000
11590.87500
11598.92500
11606.15000
11616.12500
11624.97500
11636.52500
11777.52500
11805.87500
11821.45000
11836.12500
11851.62500
11865.20000
11875.87500
11884.37500
11894.70000
11902.62500
11910.35000
11919.05000
11929.50000
11944.22500
12077.52500
12106.17500
12121.80000
12136.95000
12151.42500
12166.82500
12176.87500
12185.30000
12196.85000
12204.20000
12215.60000
12224.35000
12236.42500
12377.75000
12406.47500
12422.07500
12436.85000
12451.67500
12466.32500
12474.77500
12483.65000
12491.37500
12499.20000
12507.35000
12516.35000
12529.32500
12544.20000
12677.90000
12706.75000
12722.32500
12737.65000
12752.60000
12767.47500
12776.45000
12784.77500
12792.95000
12800.40000
12807.50000
12816.27500
12824.82500
12836.50000
12978.07500
13007.05000
13022.37500
13037.25000
13051.87500
13060.77500
13068.17500
13076.95000
13084.30000
13091.40000
13098.80000
13105.87500
13115.30000
13124.05000
13133.05000
13145.05000
13278.22500
13307.32500
13322.72500
13338.00000
13353.10000
13361.70000
13369.65000
13377.25000
13385.25000
13392.50000
13400.75000
13408.00000
13416.30000
13424.67500
13436.50000
13578.42500
13607.65000
13623.17500
13638.55000
13652.47500
13660.00000
13669.00000
13676.37500
13684.62500
13691.75000
13700.60000
13707.75000
13716.10000
13724.42500
13736.50000
13878.62500
13907.92500
13922.80000
13938.32500
13952.02500
13961.02500
13969.82500
13978.00000
13985.20000
13992.25000
13999.82500
14006.85000
14015.62500
14024.17500
14033.20000
14045.10000
14178.80000
14193.65000
14208.72500
14223.25000
14238.12500
14247.72500
14260.45000
14269.75000
14278.22500
14286.10000
14293.20000
14301.37500
14308.42500
14316.45000
14324.75000
14336.50000
14478.97500
14493.80000
14508.95000
14524.10000
14538.27500
14548.40000
14556.27500
14568.27500
14575.95000
14584.27500
14591.85000
14598.87500
14605.87500
14615.30000
14624.02500
14632.87500
14644.90000
14779.15000
14794.02500
14809.30000
14824.67500
14838.80000
14848.52500
14856.75000
14868.70000
14875.95000
14884.72500
14891.90000
14899.57500
14906.57500
14915.50000
14924.12500
14933.02500
14945.00000

