$ Stimulation Interval(ms): 300
$ Delay(ms): 17.581766
$ Number of data : 441
$ TSTOP : 15000
$ PN stimulation current max : 56000
$ LN stimulation current max : 19500
23.55000
33.40000
42.12500
50.27500
58.10000
65.72500
73.22500
80.70000
88.15000
95.57500
103.00000
110.47500
117.95000
125.47500
133.02500
140.62500
148.25000
155.95000
163.67500
171.47500
179.30000
187.20000
195.15000
203.17500
213.90000
227.72500
1407.70000
1702.00000
1733.42500
1997.72500
2014.27500
2278.72500
2294.75000
2313.97500
2331.20000
2566.62500
2583.47500
2597.15000
2616.07500
2631.85000
2880.92500
2896.57500
2916.82500
2933.00000
3170.40000
3183.10000
3197.00000
3205.95000
3217.80000
3233.95000
3456.60000
3468.57500
3482.37500
3494.27500
3503.30000
3516.97500
3532.65000
3766.77500
3782.97500
3797.50000
3806.15000
3817.60000
3833.12500
4052.77500
4069.00000
4083.35000
4095.90000
4104.55000
4116.67500
4131.27500
4351.15000
4367.42500
4377.77500
4386.80000
4396.12500
4404.72500
4416.75000
4431.27500
4637.20000
4653.42500
4668.92500
4680.60000
4689.15000
4699.00000
4707.50000
4717.85000
4732.20000
4936.52500
4952.67500
4968.20000
4976.85000
4986.22500
4994.70000
5003.62500
5015.62500
5030.97500
5245.12500
5256.37500
5267.47500
5280.37500
5289.27500
5297.80000
5306.20000
5317.25000
5331.42500
5554.70000
5571.00000
5579.87500
5589.70000
5599.40000
5608.07500
5618.65000
5633.47500
5822.50000
5838.47500
5853.17500
5861.77500
5870.45000
5878.80000
5887.52500
5895.92500
5904.22500
5916.30000
5931.05000
6059.70000
6075.07500
6090.40000
6105.15000
6117.42500
6126.95000
6137.40000
6144.50000
6154.02500
6161.07500
6168.32500
6175.22500
6182.05000
6188.87500
6195.70000
6202.55000
6211.15000
6220.25000
6228.55000
6243.50000
6489.07500
6528.40000
6782.52500
6805.75000
6828.52500
7083.50000
7099.27500
7115.77500
7128.72500
7377.85000
7399.85000
7416.97500
7429.20000
7680.10000
7694.02500
7713.67500
7728.32500
7744.60000
7976.67500
7993.10000
8008.00000
8017.55000
8028.92500
8263.22500
8278.92500
8293.35000
8308.87500
8319.22500
8329.17500
8540.85000
8582.37500
8593.85000
8602.07500
8616.52500
8628.22500
8644.10000
8841.20000
8863.02500
8879.32500
8894.17500
8907.07500
8916.30000
8928.17500
8944.00000
9149.35000
9164.82500
9180.20000
9191.80000
9201.52500
9213.32500
9226.92500
9243.72500
9441.82500
9464.17500
9479.42500
9495.67500
9504.07500
9515.92500
9528.00000
9543.95000
9726.30000
9751.65000
9764.90000
9779.57500
9792.42500
9801.30000
9812.05000
9826.65000
9843.70000
10026.60000
10049.17500
10064.87500
10079.35000
10087.87500
10096.62500
10104.80000
10115.02500
10127.32500
10143.80000
10321.30000
10342.97500
10354.65000
10365.60000
10379.37500
10387.90000
10396.70000
10405.07500
10415.27500
10427.42500
10443.87500
10620.92500
10643.22500
10657.77500
10666.90000
10680.17500
10688.32500
10697.17500
10704.87500
10715.50000
10727.50000
10743.85000
10891.52500
10927.80000
10944.52500
10957.72500
10967.27500
10981.70000
10989.85000
10998.80000
11012.27500
11026.32500
11043.57500
11191.67500
11228.30000
11244.22500
11254.97500
11266.45000
11275.07500
11283.15000
11290.85000
11298.82500
11306.15000
11315.67500
11327.42500
11343.80000
11491.87500
11521.35000
11543.87500
11558.45000
11567.92500
11582.12500
11591.65000
11600.12500
11607.60000
11617.05000
11628.02500
11643.97500
11792.07500
11821.62500
11844.90000
11855.87500
11867.77500
11879.87500
11887.92500
11896.27500
11904.87500
11913.10000
11926.32500
11943.47500
12092.32500
12122.02500
12137.62500
12151.87500
12167.55000
12176.12500
12184.57500
12192.92500
12200.42500
12207.92500
12216.62500
12227.75000
12243.82500
12392.55000
12414.35000
12430.67500
12445.10000
12455.00000
12466.52500
12475.10000
12483.67500
12492.25000
12499.90000
12509.52500
12518.25000
12528.17500
12543.90000
12678.35000
12707.67500
12722.80000
12737.45000
12752.10000
12760.45000
12769.25000
12776.60000
12785.10000
12792.40000
12799.67500
12806.85000
12815.90000
12827.40000
12843.70000
12978.42500
13007.95000
13023.12500
13037.70000
13052.40000
13060.97500
13068.80000
13077.22500
13084.97500
13093.07500
13100.37500
13107.55000
13115.80000
13127.20000
13143.55000
13278.60000
13307.85000
13323.32500
13338.80000
13353.92500
13368.12500
13376.85000
13385.45000
13392.80000
13401.32500
13410.02500
13418.75000
13428.30000
13443.92500
13578.77500
13608.17500
13623.75000
13639.30000
13654.00000
13662.25000
13671.25000
13683.90000
13691.25000
13700.90000
13709.37500
13717.17500
13727.82500
13743.77500
13879.02500
13908.45000
13924.15000
13939.00000
13953.00000
13961.77500
13970.35000
13978.25000
13985.90000
13994.05000
14002.00000
14011.07500
14019.62500
14028.67500
14043.92500
14179.20000
14208.82500
14224.57500
14238.82500
14253.25000
14261.87500
14270.02500
14277.20000
14285.70000
14292.87500
14301.27500
14309.52500
14317.22500
14327.77500
14343.70000
14479.37500
14502.87500
14516.95000
14530.62500
14540.07500
14553.75000
14561.85000
14570.37500
14578.27500
14585.87500
14593.30000
14601.22500
14609.42500
14617.12500
14627.75000
14643.65000
14779.55000
14803.20000
14817.27500
14829.27500
14839.97500
14847.85000
14856.45000
14863.70000
14872.42500
14879.65000
14886.80000
14893.90000
14901.20000
14909.37500
14917.05000
14927.70000
14943.60000

