$ Stimulation Interval(ms): 300
$ Delay(ms): 204.926443
$ Number of data : 677
$ TSTOP : 15000
$ PN stimulation current max : 56000
$ LN stimulation current max : 19500
209.60000
222.40000
235.12500
248.02500
261.12500
274.37500
287.80000
301.45000
315.32500
329.47500
343.90000
358.65000
373.85000
389.80000
406.25000
422.15000
438.27500
455.22500
512.37500
525.27500
538.15000
551.17500
564.42500
577.87500
591.55000
605.45000
619.55000
633.92500
648.60000
663.80000
679.90000
695.65000
711.42500
727.40000
744.05000
812.50000
825.32500
838.17500
851.22500
864.50000
877.97500
891.62500
905.50000
919.62500
934.05000
948.85000
964.35000
1112.40000
1125.22500
1138.07500
1151.12500
1164.45000
1177.92500
1191.62500
1205.60000
1219.82500
1234.40000
1249.40000
1264.95000
1412.40000
1425.25000
1438.12500
1451.22500
1464.55000
1478.07500
1491.82500
1505.82500
1520.10000
1534.72500
1549.75000
1565.57500
1712.37500
1725.27500
1738.17500
1751.30000
1764.67500
1778.22500
1792.02500
1806.07500
1820.42500
1835.10000
1850.20000
1866.27500
2012.42500
2025.32500
2038.25000
2051.40000
2064.80000
2078.40000
2092.22500
2106.32500
2120.72500
2135.47500
2150.67500
2312.40000
2325.25000
2338.20000
2351.37500
2364.80000
2378.42500
2392.30000
2406.42500
2420.85000
2435.65000
2450.92500
2612.42500
2625.30000
2638.27500
2651.47500
2664.92500
2678.57500
2692.47500
2706.65000
2721.15000
2736.00000
2751.37500
2912.45000
2925.35000
2938.32500
2951.55000
2965.05000
2978.75000
2992.67500
3006.90000
3021.42500
3036.35000
3051.85000
3212.47500
3225.40000
3238.40000
3251.65000
3265.17500
3278.90000
3292.87500
3307.15000
3321.75000
3336.72500
3352.40000
3512.50000
3525.45000
3538.45000
3551.72500
3565.27500
3579.02500
3593.05000
3607.35000
3622.00000
3637.07500
3652.92500
3812.50000
3825.47500
3838.50000
3851.80000
3865.37500
3879.17500
3893.22500
3907.57500
3922.27500
3937.40000
3953.47500
4112.47500
4125.45000
4138.50000
4151.82500
4165.42500
4179.22500
4193.30000
4207.70000
4222.45000
4237.65000
4253.95000
4412.50000
4425.47500
4438.55000
4451.87500
4465.52500
4479.35000
4493.47500
4507.90000
4522.72500
4538.02500
4712.50000
4725.52500
4738.60000
4751.95000
4765.62500
4779.50000
4793.65000
4808.12500
4822.97500
4838.32500
5012.52500
5025.52500
5038.62500
5052.02500
5065.70000
5079.60000
5093.77500
5108.30000
5123.20000
5138.65000
5312.52500
5325.55000
5338.67500
5352.07500
5365.77500
5379.72500
5393.92500
5408.50000
5423.45000
5439.00000
5612.55000
5625.57500
5638.72500
5652.15000
5665.87500
5679.82500
5694.07500
5708.67500
5723.70000
5739.35000
5912.55000
5925.62500
5938.75000
5952.20000
5965.95000
5979.95000
5994.22500
6008.87500
6023.95000
6039.70000
6211.30000
6223.27500
6235.32500
6247.45000
6259.80000
6272.27500
6284.87500
6297.65000
6310.57500
6323.65000
6336.87500
6350.30000
6363.92500
6377.75000
6391.85000
6406.25000
6421.07500
6436.55000
6511.72500
6523.80000
6535.87500
6548.02500
6560.40000
6572.90000
6585.52500
6598.32500
6611.27500
6624.37500
6637.65000
6651.10000
6664.77500
6678.70000
6692.92500
6707.55000
6722.67500
6738.57500
6811.77500
6823.82500
6835.92500
6848.12500
6860.50000
6873.02500
6885.70000
6898.52500
6911.47500
6924.62500
6937.92500
6951.40000
6965.12500
6979.07500
6993.37500
7008.12500
7023.60000
7111.75000
7123.85000
7135.97500
7148.17500
7160.60000
7173.15000
7185.85000
7198.70000
7211.70000
7224.87500
7238.20000
7251.75000
7265.50000
7279.52500
7293.90000
7308.72500
7324.47500
7411.75000
7423.85000
7435.95000
7448.17500
7460.60000
7473.15000
7485.87500
7498.75000
7511.77500
7524.97500
7538.35000
7551.92500
7565.72500
7579.80000
7594.25000
7609.17500
7625.12500
7711.72500
7723.85000
7735.97500
7748.20000
7760.65000
7773.22500
7785.95000
7798.85000
7811.90000
7825.12500
7838.52500
7852.12500
7865.95000
7880.07500
7894.55000
7909.55000
7925.95000
8011.72500
8023.82500
8035.95000
8048.20000
8060.65000
8073.25000
8086.02500
8098.92500
8112.00000
8125.25000
8138.67500
8152.32500
8166.20000
8180.37500
8194.92500
8210.05000
8311.72500
8323.87500
8336.02500
8348.30000
8360.77500
8373.40000
8386.17500
8399.10000
8412.20000
8425.47500
8438.95000
8452.62500
8466.55000
8480.77500
8495.40000
8510.70000
8611.72500
8623.85000
8636.02500
8648.30000
8660.80000
8673.42500
8686.22500
8699.17500
8712.30000
8725.60000
8739.10000
8752.80000
8766.77500
8781.05000
8795.77500
8811.27500
8911.70000
8923.92500
8936.10000
8948.40000
8960.92500
8973.57500
8986.40000
8999.37500
9012.52500
9025.85000
9039.37500
9053.12500
9067.12500
9081.45000
9096.22500
9111.77500
9211.72500
9223.90000
9236.07500
9248.37500
9260.90000
9273.57500
9286.42500
9299.42500
9312.57500
9325.92500
9339.47500
9353.27500
9367.30000
9381.70000
9396.57500
9412.82500
9511.72500
9523.92500
9536.12500
9548.42500
9560.97500
9573.67500
9586.52500
9599.52500
9612.72500
9626.10000
9639.67500
9653.50000
9667.60000
9682.05000
9697.07500
9811.77500
9823.95000
9836.15000
9848.50000
9861.05000
9873.75000
9886.62500
9899.65000
9912.87500
9926.27500
9939.87500
9953.75000
9967.87500
9982.40000
9997.50000
10111.75000
10123.90000
10136.12500
10148.47500
10161.05000
10173.77500
10186.65000
10199.70000
10212.95000
10226.37500
10240.00000
10253.87500
10268.05000
10282.60000
10297.80000
10411.77500
10423.95000
10436.17500
10448.52500
10461.12500
10473.85000
10486.77500
10499.85000
10513.10000
10526.55000
10540.20000
10554.12500
10568.35000
10582.97500
10598.37500
10711.80000
10724.00000
10736.22500
10748.60000
10761.20000
10773.95000
10786.87500
10799.97500
10813.25000
10826.72500
10840.42500
10854.37500
10868.65000
10883.37500
10899.02500
11011.82500
11024.05000
11036.30000
11048.67500
11061.30000
11074.07500
11087.00000
11100.12500
11113.42500
11126.92500
11140.62500
11154.62500
11168.95000
11183.72500
11199.70000
11311.85000
11324.07500
11336.35000
11348.75000
11361.37500
11374.15000
11387.12500
11400.25000
11413.55000
11427.07500
11440.85000
11454.87500
11469.25000
11484.15000
11611.80000
11624.02500
11636.30000
11648.70000
11661.35000
11674.15000
11687.12500
11700.25000
11713.60000
11727.15000
11740.92500
11754.97500
11769.37500
11784.30000
11911.80000
11924.02500
11936.30000
11948.72500
11961.37500
11974.20000
11987.17500
12000.35000
12013.70000
12027.27500
12041.05000
12055.15000
12069.57500
12084.60000
12211.85000
12224.10000
12236.40000
12248.82500
12261.50000
12274.32500
12287.32500
12300.50000
12313.87500
12327.47500
12341.30000
12355.40000
12369.90000
12385.05000
12511.80000
12524.05000
12536.37500
12548.80000
12561.47500
12574.32500
12587.35000
12600.55000
12613.92500
12627.55000
12641.40000
12655.55000
12670.07500
12685.30000
12811.85000
12824.10000
12836.42500
12848.87500
12861.57500
12874.42500
12887.45000
12900.67500
12914.10000
12927.72500
12941.60000
12955.80000
12970.40000
12985.80000
13111.80000
13124.07500
13136.40000
13148.85000
13161.57500
13174.42500
13187.47500
13200.72500
13214.15000
13227.80000
13241.70000
13255.92500
13270.55000
13286.07500
13411.82500
13424.10000
13436.42500
13448.90000
13461.62500
13474.50000
13487.57500
13500.82500
13514.27500
13527.95000
13541.87500
13556.12500
13570.82500
13586.65000
13711.82500
13724.10000
13736.45000
13748.95000
13761.67500
13774.57500
13787.65000
13800.90000
13814.37500
13828.07500
13842.05000
13856.32500
13871.10000
13887.70000
14011.82500
14024.12500
14036.47500
14048.97500
14061.72500
14074.62500
14087.72500
14101.00000
14114.50000
14128.22500
14142.20000
14156.52500
14171.35000
14311.85000
14324.15000
14336.50000
14349.00000
14361.77500
14374.67500
14387.80000
14401.10000
14414.60000
14428.35000
14442.35000
14456.72500
14471.62500
14611.85000
14624.15000
14636.52500
14649.05000
14661.80000
14674.75000
14687.85000
14701.17500
14714.70000
14728.45000
14742.50000
14756.90000
14771.87500
14911.85000
14924.17500
14936.55000
14949.07500
14961.85000
14974.80000
14987.92500

