$ Stimulation Interval(ms): 300
$ Delay(ms): 46.472475
$ Number of data : 584
$ TSTOP : 15000
$ PN stimulation current max : 56000
$ LN stimulation current max : 19500
52.30000
62.10000
70.77500
78.90000
86.72500
94.35000
101.85000
109.32500
116.75000
124.17500
131.60000
139.07500
146.55000
154.05000
161.62500
169.20000
176.85000
184.52500
192.27500
200.05000
209.57500
500.45000
789.72500
806.12500
1073.17500
1089.57500
1104.10000
1376.27500
1391.47500
1408.07500
1660.65000
1676.60000
1692.35000
1704.02500
1947.55000
1962.70000
1977.42500
1992.32500
2002.00000
2247.25000
2263.85000
2279.05000
2294.95000
2305.82500
2548.27500
2561.65000
2577.52500
2587.40000
2596.70000
2607.40000
2832.57500
2848.67500
2863.57500
2879.05000
2895.62500
2907.17500
3132.62500
3147.92500
3162.57500
3174.67500
3183.22500
3193.00000
3201.37500
3210.82500
3433.27500
3448.27500
3463.77500
3475.40000
3484.07500
3495.07500
3503.45000
3518.37500
3718.60000
3734.30000
3748.40000
3763.55000
3773.30000
3782.52500
3793.05000
3801.30000
3818.05000
4019.52500
4033.55000
4049.05000
4062.92500
4071.27500
4080.07500
4088.25000
4097.10000
4105.32500
4118.10000
4319.55000
4334.80000
4350.15000
4360.32500
4368.97500
4377.72500
4386.22500
4394.77500
4402.97500
4413.20000
4619.52500
4635.20000
4649.85000
4661.57500
4670.17500
4681.25000
4689.50000
4698.97500
4707.22500
4719.67500
4905.00000
4921.22500
4935.47500
4950.90000
4960.47500
4969.55000
4978.37500
4986.67500
4994.80000
5003.25000
5018.00000
5204.85000
5221.05000
5234.55000
5246.40000
5254.72500
5264.30000
5272.47500
5281.57500
5289.80000
5297.85000
5305.87500
5318.17500
5507.12500
5520.65000
5534.00000
5544.82500
5553.25000
5562.80000
5570.95000
5578.92500
5586.85000
5594.77500
5602.70000
5611.45000
5805.70000
5821.20000
5836.72500
5846.80000
5855.92500
5867.00000
5875.22500
5884.62500
5892.77500
5900.80000
5908.82500
6073.82500
6087.50000
6102.30000
6110.15000
6118.77500
6127.05000
6135.12500
6141.92500
6149.17500
6155.90000
6164.37500
6171.15000
6177.82500
6184.47500
6191.12500
6197.80000
6204.47500
6215.20000
6228.17500
6385.72500
6399.87500
6414.07500
6428.62500
6443.65000
6458.55000
6473.52500
6486.65000
6500.90000
6517.02500
6532.70000
6686.35000
6700.60000
6714.87500
6729.52500
6744.60000
6759.20000
6774.65000
6790.20000
6803.35000
6816.42500
6829.87500
6986.72500
7001.02500
7015.35000
7030.07500
7044.67500
7059.40000
7074.85000
7086.62500
7099.25000
7107.47500
7120.92500
7131.80000
7287.07500
7301.42500
7315.85000
7330.67500
7345.37500
7359.77500
7375.22500
7388.15000
7403.00000
7420.42500
7431.87500
7587.35000
7601.77500
7616.25000
7631.27500
7645.95000
7660.57500
7674.05000
7688.60000
7699.92500
7708.42500
7720.70000
7732.67500
7887.57500
7902.05000
7916.57500
7931.57500
7946.10000
7961.62500
7974.00000
7989.47500
7998.57500
8006.47500
8017.07500
8029.32500
8187.82500
8202.35000
8216.95000
8231.52500
8246.62500
8260.97500
8274.35000
8288.85000
8299.90000
8307.60000
8328.75000
8474.95000
8488.82500
8502.80000
8517.40000
8532.00000
8546.77500
8561.02500
8574.67500
8589.55000
8598.85000
8606.92500
8617.50000
8629.32500
8775.05000
8789.07500
8803.15000
8817.80000
8832.50000
8846.72500
8860.17500
8875.45000
8885.62500
8893.52500
8906.25000
8928.75000
9075.35000
9089.42500
9103.55000
9118.30000
9133.05000
9147.60000
9160.97500
9175.42500
9183.87500
9192.50000
9200.42500
9208.95000
9217.50000
9229.37500
9375.45000
9389.62500
9403.82500
9418.67500
9433.50000
9446.80000
9461.45000
9475.95000
9487.20000
9494.57500
9503.72500
9511.97500
9528.85000
9675.67500
9689.90000
9704.15000
9718.57500
9733.52500
9747.05000
9761.60000
9776.07500
9784.62500
9793.35000
9801.55000
9810.45000
9820.67500
9831.60000
9975.90000
9990.20000
10004.50000
10018.97500
10034.02500
10047.65000
10061.95000
10076.82500
10086.02500
10094.57500
10104.85000
10115.82500
10129.17500
10276.10000
10290.40000
10304.80000
10319.35000
10333.00000
10347.25000
10361.37500
10370.25000
10378.72500
10386.95000
10395.07500
10403.65000
10412.22500
10429.07500
10576.32500
10590.67500
10605.15000
10619.75000
10633.85000
10648.30000
10660.02500
10668.35000
10678.32500
10686.15000
10694.50000
10701.55000
10711.00000
10720.72500
10730.60000
10876.50000
10890.90000
10905.45000
10920.12500
10933.42500
10948.15000
10962.65000
10971.57500
10980.25000
10987.37500
10995.50000
11002.60000
11011.92500
11021.45000
11032.42500
11176.72500
11191.17500
11205.80000
11220.55000
11233.87500
11248.80000
11256.70000
11265.02500
11273.85000
11281.32500
11289.82500
11297.27500
11304.37500
11316.02500
11329.05000
11476.92500
11491.42500
11505.67500
11520.42500
11534.62500
11548.42500
11563.10000
11572.42500
11580.37500
11589.15000
11596.47500
11603.35000
11611.85000
11621.05000
11630.65000
11777.12500
11791.65000
11805.95000
11820.75000
11834.95000
11849.12500
11856.95000
11865.27500
11873.65000
11881.27500
11888.20000
11896.00000
11903.00000
11912.17500
11921.52500
11931.92500
12077.32500
12091.90000
12106.25000
12121.15000
12134.80000
12148.72500
12157.30000
12165.95000
12173.02500
12180.87500
12187.82500
12196.40000
12203.42500
12215.90000
12229.00000
12377.52500
12392.17500
12406.57500
12421.17500
12434.50000
12448.82500
12457.82500
12466.20000
12474.50000
12482.57500
12491.42500
12498.72500
12506.02500
12516.02500
12529.00000
12677.72500
12692.40000
12706.87500
12720.75000
12735.45000
12749.50000
12758.20000
12766.67500
12773.67500
12781.30000
12788.20000
12796.42500
12803.37500
12815.90000
12829.02500
12977.92500
12992.67500
13007.20000
13020.52500
13035.42500
13043.10000
13051.20000
13058.70000
13066.80000
13074.55000
13082.42500
13089.40000
13097.30000
13104.27500
13115.85000
13128.97500
13278.12500
13292.92500
13307.15000
13320.85000
13334.85000
13344.07500
13351.60000
13359.85000
13366.92500
13374.35000
13381.52500
13388.30000
13395.90000
13402.72500
13409.47500
13417.37500
13429.15000
13578.30000
13593.15000
13607.47500
13621.50000
13632.65000
13640.57500
13649.45000
13656.85000
13664.92500
13672.25000
13679.92500
13686.72500
13693.45000
13700.10000
13706.90000
13716.12500
13728.97500
13878.50000
13893.45000
13907.50000
13921.65000
13935.95000
13943.65000
13951.95000
13959.50000
13967.70000
13974.65000
13983.07500
13990.05000
13998.62500
14005.55000
14015.82500
14028.97500
14178.70000
14193.25000
14207.97500
14221.92500
14235.40000
14244.17500
14252.65000
14262.92500
14270.42500
14278.22500
14285.45000
14292.37500
14300.10000
14307.02500
14316.22500
14329.05000
14478.87500
14493.45000
14508.20000
14522.17500
14535.67500
14544.45000
14552.87500
14560.60000
14568.45000
14576.35000
14583.85000
14590.72500
14598.12500
14604.95000
14615.82500
14629.00000
14779.07500
14793.67500
14808.55000
14822.52500
14836.35000
14844.92500
14853.40000
14860.35000
14868.12500
14875.00000
14883.62500
14890.57500
14898.30000
14905.15000
14915.80000
14929.00000

