$ Stimulation Interval(ms): 300
$ Delay(ms): 32.660291
$ Number of data : 757
$ TSTOP : 15000
$ PN stimulation current max : 56000
$ LN stimulation current max : 19500
38.55000
48.35000
57.05000
65.20000
73.02500
80.62500
88.15000
95.60000
103.05000
110.47500
117.90000
125.37500
132.85000
140.37500
147.92500
155.52500
163.15000
170.85000
178.57500
186.35000
194.20000
202.10000
215.05000
232.07500
485.17500
501.07500
774.00000
790.42500
806.90000
1073.07500
1089.62500
1104.75000
1123.47500
1350.42500
1366.17500
1378.00000
1392.87500
1408.12500
1435.82500
1661.12500
1676.05000
1692.20000
1707.42500
1735.35000
1946.37500
1962.27500
1977.02500
1992.17500
2000.97500
2011.57500
2035.37500
2238.40000
2252.82500
2264.37500
2278.60000
2294.62500
2310.62500
2323.42500
2337.50000
2506.72500
2532.80000
2547.32500
2561.02500
2571.22500
2580.47500
2593.40000
2601.85000
2622.05000
2636.05000
2807.40000
2832.45000
2849.00000
2864.55000
2880.95000
2895.92500
2905.20000
2922.65000
2936.60000
3108.37500
3132.65000
3148.50000
3163.52500
3173.90000
3183.10000
3194.25000
3202.92500
3222.10000
3236.12500
3394.02500
3418.80000
3434.00000
3448.80000
3465.00000
3481.55000
3494.87500
3503.37500
3522.27500
3536.27500
3694.70000
3718.42500
3733.70000
3748.27500
3759.52500
3768.37500
3780.85000
3789.17500
3799.07500
3807.47500
3822.42500
3836.27500
3995.32500
4018.35000
4032.32500
4042.15000
4051.20000
4064.20000
4072.50000
4082.62500
4090.92500
4099.37500
4107.65000
4122.32500
4136.17500
4304.65000
4320.10000
4335.10000
4351.02500
4367.57500
4376.57500
4385.75000
4394.52500
4402.82500
4422.10000
4436.02500
4594.92500
4607.55000
4620.65000
4635.67500
4650.75000
4659.17500
4669.82500
4681.82500
4690.20000
4700.12500
4708.55000
4722.52500
4736.32500
4904.50000
4920.42500
4935.30000
4951.05000
4959.35000
4969.02500
4977.35000
4986.07500
4994.32500
5002.97500
5018.35000
5035.55000
5204.55000
5221.15000
5235.55000
5245.82500
5254.75000
5265.62500
5273.87500
5283.50000
5291.82500
5299.95000
5308.07500
5322.37500
5336.22500
5506.95000
5522.57500
5536.12500
5546.95000
5556.00000
5564.67500
5573.32500
5581.57500
5590.00000
5598.25000
5606.40000
5622.20000
5636.17500
5797.15000
5807.37500
5820.72500
5836.35000
5844.70000
5854.20000
5862.45000
5870.90000
5879.12500
5887.82500
5896.12500
5904.32500
5918.22500
5935.60000
6050.65000
6064.10000
6075.15000
6087.92500
6096.52500
6104.65000
6112.65000
6120.32500
6127.50000
6135.35000
6142.15000
6149.97500
6156.85000
6165.60000
6172.47500
6179.20000
6185.92500
6192.62500
6199.37500
6206.15000
6215.55000
6223.65000
6232.55000
6244.62500
6348.75000
6362.07500
6375.20000
6388.80000
6403.17500
6418.20000
6433.77500
6449.30000
6464.75000
6479.30000
6488.77500
6502.45000
6521.20000
6533.17500
6545.50000
6649.20000
6662.65000
6675.85000
6689.55000
6703.97500
6719.15000
6735.12500
6750.37500
6764.75000
6780.35000
6790.77500
6803.72500
6821.05000
6832.62500
6845.32500
6949.42500
6962.85000
6976.17500
6989.95000
7004.17500
7016.50000
7030.47500
7044.95000
7059.92500
7075.52500
7084.60000
7095.97500
7105.30000
7121.60000
7132.60000
7145.42500
7249.72500
7263.35000
7276.60000
7290.45000
7305.22500
7320.57500
7336.40000
7347.62500
7360.75000
7376.20000
7391.40000
7402.05000
7423.37500
7434.50000
7446.32500
7549.90000
7563.62500
7576.90000
7590.87500
7605.67500
7620.82500
7634.10000
7647.20000
7661.32500
7675.55000
7683.90000
7692.17500
7704.47500
7723.50000
7734.52500
7746.15000
7850.00000
7863.77500
7877.15000
7891.25000
7906.15000
7918.92500
7932.35000
7946.70000
7961.85000
7975.20000
7984.15000
7992.65000
8000.70000
8008.85000
8023.52500
8033.20000
8045.67500
8150.12500
8164.00000
8177.45000
8191.75000
8206.55000
8219.17500
8232.12500
8247.25000
8261.95000
8276.07500
8284.65000
8293.00000
8301.22500
8309.37500
8323.62500
8333.27500
8345.85000
8450.37500
8464.35000
8477.90000
8492.32500
8504.92500
8517.97500
8532.37500
8547.45000
8562.70000
8576.50000
8585.50000
8593.87500
8602.52500
8611.82500
8621.27500
8632.42500
8645.32500
8750.47500
8764.47500
8778.07500
8792.60000
8804.20000
8818.07500
8832.80000
8847.60000
8861.30000
8869.92500
8878.60000
8890.50000
8899.10000
8907.85000
8924.00000
8933.40000
8945.62500
9050.70000
9064.80000
9078.47500
9093.02500
9105.25000
9118.82500
9133.45000
9148.45000
9161.85000
9169.97500
9178.85000
9187.10000
9194.55000
9202.02500
9209.75000
9221.35000
9232.42500
9245.30000
9350.75000
9364.82500
9378.57500
9393.25000
9405.00000
9419.00000
9433.82500
9447.67500
9456.50000
9464.60000
9472.30000
9480.27500
9488.15000
9496.25000
9504.05000
9516.02500
9528.97500
9544.97500
9650.95000
9665.10000
9678.92500
9692.47500
9704.67500
9718.80000
9734.00000
9748.70000
9756.87500
9764.82500
9776.50000
9784.67500
9793.30000
9801.30000
9809.72500
9820.30000
9832.10000
9845.32500
9951.10000
9965.32500
9979.30000
9991.35000
10004.65000
10019.15000
10034.52500
10048.47500
10056.82500
10065.00000
10077.07500
10086.07500
10094.55000
10102.82500
10111.65000
10120.80000
10132.27500
10145.35000
10251.22500
10265.47500
10279.50000
10291.02500
10304.87500
10319.52500
10334.30000
10343.17500
10352.55000
10363.22500
10372.07500
10379.70000
10387.52500
10395.30000
10403.82500
10412.07500
10421.02500
10432.32500
10445.37500
10551.37500
10565.72500
10579.80000
10591.12500
10605.17500
10619.90000
10634.90000
10643.27500
10651.40000
10664.17500
10673.10000
10681.25000
10689.65000
10697.67500
10704.87500
10716.37500
10728.77500
10745.00000
10851.55000
10865.95000
10880.15000
10891.45000
10905.55000
10920.35000
10935.05000
10943.50000
10951.32500
10959.02500
10966.65000
10974.82500
10982.67500
10994.82500
11002.10000
11015.95000
11024.50000
11033.55000
11045.65000
11151.70000
11166.22500
11180.47500
11191.70000
11205.90000
11220.80000
11235.55000
11243.67500
11252.02500
11263.72500
11271.72500
11280.10000
11287.97500
11296.27500
11303.42500
11316.12500
11324.65000
11333.62500
11345.67500
11451.85000
11466.45000
11480.75000
11492.02500
11505.85000
11520.75000
11535.97500
11544.05000
11551.87500
11559.92500
11567.55000
11575.07500
11583.05000
11590.90000
11598.42500
11605.50000
11616.37500
11628.77500
11645.05000
11752.00000
11766.65000
11781.00000
11792.20000
11806.10000
11821.07500
11836.47500
11850.50000
11858.72500
11867.20000
11875.55000
11883.92500
11891.02500
11898.02500
11905.05000
11916.00000
11924.35000
11933.40000
11945.62500
12052.15000
12066.85000
12081.25000
12092.50000
12106.42500
12121.50000
12136.65000
12144.72500
12152.35000
12160.37500
12168.22500
12176.02500
12183.92500
12191.97500
12199.37500
12206.52500
12217.10000
12228.95000
12245.15000
12352.32500
12367.17500
12381.55000
12392.80000
12406.77500
12421.80000
12430.40000
12438.05000
12449.55000
12458.02500
12466.40000
12474.47500
12482.65000
12491.37500
12498.70000
12505.67500
12515.97500
12524.27500
12533.32500
12545.62500
12652.42500
12667.32500
12679.82500
12692.50000
12707.02500
12721.95000
12730.32500
12738.40000
12750.60000
12758.90000
12767.82500
12774.92500
12783.55000
12790.65000
12798.60000
12805.70000
12816.62500
12828.82500
12845.15000
12952.60000
12967.60000
12979.30000
12992.67500
13007.35000
13022.10000
13030.20000
13038.45000
13049.85000
13057.77500
13066.22500
13074.15000
13082.05000
13089.05000
13097.35000
13104.40000
13115.95000
13124.30000
13133.35000
13145.65000
13252.72500
13267.77500
13279.15000
13292.85000
13307.35000
13316.27500
13326.00000
13337.70000
13346.12500
13354.32500
13361.32500
13368.70000
13376.00000
13384.02500
13391.07500
13399.57500
13406.70000
13416.25000
13424.45000
13433.47500
13445.70000
13552.87500
13567.97500
13579.17500
13593.12500
13607.72500
13616.52500
13626.15000
13638.72500
13646.77500
13654.65000
13661.72500
13670.12500
13677.15000
13684.37500
13691.35000
13699.67500
13706.70000
13716.22500
13724.42500
13733.42500
13745.70000
13853.02500
13868.17500
13879.42500
13893.45000
13907.85000
13916.32500
13925.30000
13937.55000
13945.67500
13953.25000
13960.55000
13968.72500
13975.72500
13983.62500
13990.60000
13999.35000
14006.40000
14016.12500
14024.32500
14033.37500
14045.70000
14153.15000
14168.40000
14179.57500
14193.35000
14208.32500
14216.90000
14225.55000
14236.52500
14244.72500
14253.90000
14262.72500
14270.00000
14276.95000
14284.67500
14291.65000
14299.70000
14306.67500
14316.20000
14324.37500
14333.42500
14345.72500
14453.30000
14468.57500
14479.75000
14493.50000
14508.52500
14516.85000
14525.25000
14536.45000
14544.75000
14553.02500
14560.72500
14568.85000
14576.75000
14584.22500
14591.15000
14598.52500
14605.45000
14615.90000
14624.20000
14633.30000
14645.70000
14753.45000
14768.77500
14779.92500
14793.75000
14808.90000
14817.05000
14825.65000
14837.15000
14845.45000
14854.60000
14861.60000
14869.57500
14876.70000
14885.17500
14892.30000
14900.25000
14907.27500
14916.42500
14924.60000
14933.60000
14945.82500

