$ Stimulation Interval(ms): 300
$ Delay(ms): 204.892214
$ Number of data : 826
$ TSTOP : 15000
$ PN stimulation current max : 56000
$ LN stimulation current max : 19500
209.60000
222.42500
235.20000
248.07500
261.15000
274.35000
287.70000
301.22500
314.90000
328.75000
342.77500
357.00000
371.37500
385.97500
400.85000
416.05000
431.45000
447.37500
463.72500
512.32500
525.17500
538.05000
551.02500
564.20000
577.52500
591.00000
604.62500
618.42500
632.40000
646.55000
660.90000
675.42500
690.25000
705.42500
720.85000
736.77500
753.15000
812.40000
825.27500
838.17500
851.17500
864.40000
877.80000
891.32500
905.02500
918.92500
932.97500
947.25000
961.67500
976.32500
991.27500
1006.55000
1022.10000
1038.25000
1055.42500
1112.40000
1125.25000
1138.15000
1151.20000
1164.47500
1177.90000
1191.50000
1205.27500
1219.22500
1233.37500
1247.70000
1262.22500
1277.00000
1292.10000
1307.67500
1323.55000
1340.00000
1412.45000
1425.37500
1438.32500
1451.40000
1464.72500
1478.20000
1491.82500
1505.65000
1519.65000
1533.85000
1548.25000
1562.85000
1577.70000
1592.92500
1608.40000
1624.42500
1641.07500
1712.42500
1725.35000
1738.32500
1751.45000
1764.80000
1778.32500
1792.02500
1805.90000
1819.95000
1834.22500
1848.67500
1863.35000
1878.32500
1893.70000
1909.35000
1925.70000
2012.42500
2025.37500
2038.37500
2051.55000
2064.95000
2078.50000
2092.25000
2106.15000
2120.27500
2134.60000
2149.12500
2163.87500
2178.95000
2194.47500
2210.30000
2227.32500
2312.50000
2325.47500
2338.50000
2351.70000
2365.12500
2378.70000
2392.47500
2406.45000
2420.62500
2435.00000
2449.60000
2464.40000
2479.57500
2495.05000
2511.10000
2528.35000
2612.52500
2625.52500
2638.57500
2651.80000
2665.25000
2678.90000
2692.70000
2706.72500
2720.92500
2735.37500
2750.02500
2764.92500
2780.17500
2795.72500
2812.07500
2912.55000
2925.57500
2938.65000
2951.90000
2965.40000
2979.05000
2992.90000
3006.95000
3021.22500
3035.72500
3050.42500
3065.40000
3080.75000
3096.80000
3114.42500
3212.52500
3225.55000
3238.67500
3251.95000
3265.47500
3279.17500
3293.07500
3307.15000
3321.47500
3336.02500
3350.77500
3365.85000
3381.32500
3397.25000
3512.57500
3525.62500
3538.77500
3552.07500
3565.62500
3579.35000
3593.27500
3607.40000
3621.75000
3636.35000
3651.17500
3666.32500
3681.92500
3698.05000
3812.57500
3825.65000
3838.82500
3852.12500
3865.70000
3879.47500
3893.42500
3907.60000
3922.00000
3936.65000
3951.50000
3966.70000
3982.45000
3998.82500
4112.55000
4125.65000
4138.82500
4152.17500
4165.77500
4179.57500
4193.57500
4207.77500
4222.22500
4236.92500
4251.85000
4267.15000
4283.10000
4300.25000
4412.57500
4425.67500
4438.87500
4452.25000
4465.87500
4479.70000
4493.75000
4508.00000
4522.47500
4537.25000
4552.22500
4567.60000
4583.37500
4712.60000
4725.72500
4738.95000
4752.32500
4766.00000
4779.85000
4793.90000
4808.17500
4822.72500
4837.52500
4852.57500
4868.02500
4883.95000
5012.60000
5025.75000
5039.00000
5052.40000
5066.07500
5079.97500
5094.05000
5108.37500
5122.95000
5137.82500
5152.90000
5168.47500
5184.55000
5312.60000
5325.77500
5339.05000
5352.47500
5366.17500
5380.07500
5394.20000
5408.57500
5423.17500
5438.10000
5453.27500
5468.95000
5485.30000
5502.30000
5612.62500
5625.82500
5639.10000
5652.55000
5666.27500
5680.22500
5694.37500
5708.77500
5723.42500
5738.40000
5753.65000
5769.52500
5786.77500
5912.65000
5925.85000
5939.15000
5952.62500
5966.37500
5980.35000
5994.52500
6008.95000
6023.67500
6038.70000
6054.02500
6070.10000
6211.32500
6223.42500
6235.57500
6247.80000
6260.20000
6272.75000
6285.45000
6298.27500
6311.27500
6324.45000
6337.77500
6351.27500
6365.00000
6378.90000
6393.02500
6407.40000
6422.07500
6437.02500
6452.30000
6468.32500
6511.72500
6523.90000
6536.10000
6548.35000
6560.80000
6573.35000
6586.07500
6598.92500
6611.95000
6625.15000
6638.50000
6652.05000
6665.80000
6679.75000
6693.95000
6708.40000
6723.10000
6738.10000
6753.57500
6769.50000
6787.27500
6811.80000
6824.00000
6836.20000
6848.47500
6860.92500
6873.52500
6886.25000
6899.15000
6912.20000
6925.40000
6938.80000
6952.37500
6966.17500
6980.17500
6994.42500
7008.92500
7023.70000
7038.77500
7054.35000
7070.47500
7111.72500
7123.90000
7136.12500
7148.42500
7160.90000
7173.52500
7186.30000
7199.22500
7212.30000
7225.57500
7239.00000
7252.62500
7266.47500
7280.52500
7294.80000
7309.37500
7324.25000
7339.45000
7355.27500
7372.12500
7411.70000
7423.92500
7436.17500
7448.50000
7461.00000
7473.65000
7486.45000
7499.40000
7512.50000
7525.80000
7539.27500
7552.95000
7566.80000
7580.90000
7595.25000
7609.85000
7624.75000
7640.02500
7655.65000
7672.05000
7711.72500
7723.97500
7736.25000
7748.57500
7761.10000
7773.77500
7786.57500
7799.55000
7812.70000
7826.02500
7839.52500
7853.22500
7867.12500
7881.27500
7895.67500
7910.35000
7925.25000
7940.60000
7956.45000
8011.75000
8024.02500
8036.30000
8048.65000
8061.20000
8073.87500
8086.70000
8099.70000
8112.87500
8126.22500
8139.75000
8153.47500
8167.42500
8181.60000
8196.05000
8210.80000
8225.80000
8241.32500
8257.50000
8311.77500
8324.02500
8336.30000
8348.67500
8361.22500
8373.92500
8386.80000
8399.82500
8413.00000
8426.37500
8439.95000
8453.70000
8467.67500
8481.90000
8496.40000
8511.22500
8526.35000
8542.10000
8558.80000
8611.77500
8624.05000
8636.32500
8648.70000
8661.27500
8674.00000
8686.90000
8699.92500
8713.15000
8726.55000
8740.15000
8753.95000
8767.97500
8782.22500
8796.77500
8811.65000
8826.82500
8842.75000
8911.75000
8924.02500
8936.32500
8948.72500
8961.32500
8974.07500
8986.97500
9000.05000
9013.30000
9026.72500
9040.35000
9054.17500
9068.25000
9082.55000
9097.17500
9112.07500
9127.37500
9143.07500
9211.77500
9224.05000
9236.37500
9248.80000
9261.40000
9274.15000
9287.07500
9300.17500
9313.45000
9326.90000
9340.55000
9354.42500
9368.52500
9382.87500
9397.52500
9412.50000
9427.90000
9443.77500
9511.80000
9524.12500
9536.45000
9548.87500
9561.50000
9574.27500
9587.22500
9600.32500
9613.62500
9627.10000
9640.77500
9654.67500
9668.82500
9683.22500
9697.92500
9712.85000
9728.30000
9744.30000
9811.80000
9824.12500
9836.47500
9848.92500
9861.55000
9874.35000
9887.32500
9900.45000
9913.77500
9927.27500
9941.00000
9954.92500
9969.10000
9983.52500
9998.30000
10013.30000
10028.90000
10045.27500
10111.80000
10124.12500
10136.47500
10148.95000
10161.60000
10174.42500
10187.40000
10200.55000
10213.90000
10227.42500
10241.17500
10255.12500
10269.32500
10283.82500
10298.65000
10313.72500
10329.47500
10346.40000
10411.82500
10424.15000
10436.52500
10449.00000
10461.67500
10474.52500
10487.52500
10500.70000
10514.05000
10527.62500
10541.37500
10555.37500
10569.62500
10584.15000
10599.02500
10614.20000
10629.75000
10645.97500
10663.62500
10711.85000
10724.20000
10736.57500
10749.05000
10761.75000
10774.60000
10787.62500
10800.82500
10814.22500
10827.80000
10841.60000
10855.62500
10869.90000
10884.47500
10899.42500
10914.70000
10930.40000
11011.85000
11024.20000
11036.57500
11049.07500
11061.80000
11074.67500
11087.70000
11100.92500
11114.35000
11127.95000
11141.77500
11155.82500
11170.15000
11184.77500
11199.75000
11215.15000
11231.05000
11247.90000
11311.85000
11324.20000
11336.62500
11349.12500
11361.87500
11374.75000
11387.82500
11401.05000
11414.47500
11428.12500
11441.97500
11456.05000
11470.42500
11485.10000
11500.10000
11515.57500
11531.67500
11611.87500
11624.22500
11636.65000
11649.17500
11661.92500
11674.82500
11687.92500
11701.17500
11714.62500
11728.27500
11742.15000
11756.27500
11770.67500
11785.40000
11800.37500
11815.90000
11832.42500
11911.87500
11924.25000
11936.67500
11949.22500
11961.97500
11974.90000
11988.00000
12001.27500
12014.75000
12028.42500
12042.35000
12056.50000
12070.92500
12085.70000
12100.72500
12116.42500
12132.30000
12211.90000
12224.27500
12236.72500
12249.27500
12262.05000
12275.00000
12288.10000
12301.40000
12314.90000
12328.60000
12342.55000
12356.72500
12371.20000
12386.02500
12401.10000
12417.02500
12511.87500
12524.27500
12536.72500
12549.30000
12562.07500
12575.05000
12588.17500
12601.50000
12615.00000
12628.72500
12642.70000
12656.90000
12671.42500
12686.30000
12701.47500
12717.10000
12733.57500
12811.92500
12824.32500
12836.77500
12849.37500
12862.17500
12875.15000
12888.30000
12901.62500
12915.17500
12928.92500
12942.90000
12957.15000
12971.67500
12986.62500
13001.87500
13017.62500
13034.15000
13111.90000
13124.30000
13136.77500
13149.37500
13162.20000
13175.20000
13188.35000
13201.72500
13215.27500
13229.05000
13243.05000
13257.32500
13271.92500
13286.90000
13302.25000
13318.17500
13411.90000
13424.32500
13436.80000
13449.40000
13462.25000
13475.25000
13488.42500
13501.80000
13515.37500
13529.17500
13543.22500
13557.52500
13572.15000
13587.20000
13602.72500
13618.90000
13635.67500
13711.90000
13724.32500
13736.82500
13749.45000
13762.30000
13775.32500
13788.52500
13801.92500
13815.52500
13829.35000
13843.40000
13857.75000
13872.40000
13887.52500
13902.82500
13919.32500
14011.90000
14024.35000
14036.85000
14049.50000
14062.35000
14075.40000
14088.60000
14102.02500
14115.65000
14129.47500
14143.57500
14157.95000
14172.65000
14187.80000
14203.57500
14220.15000
14311.92500
14324.37500
14336.90000
14349.52500
14362.42500
14375.45000
14388.70000
14402.12500
14415.77500
14429.62500
14443.75000
14458.15000
14472.90000
14487.92500
14503.70000
14519.70000
14611.92500
14624.37500
14636.92500
14649.57500
14662.47500
14675.52500
14688.77500
14702.22500
14715.87500
14729.77500
14743.90000
14758.35000
14773.15000
14788.22500
14804.27500
14820.60000
14911.92500
14924.40000
14936.95000
14949.62500
14962.52500
14975.60000
14988.85000

