$ Stimulation Interval(ms): 300
$ Delay(ms): 18.462124
$ Number of data : 856
$ TSTOP : 15000
$ PN stimulation current max : 56000
$ LN stimulation current max : 19500
24.42500
34.27500
43.00000
51.15000
58.97500
66.57500
74.10000
81.57500
89.00000
96.42500
103.87500
111.32500
118.82500
126.32500
133.90000
141.47500
149.12500
156.80000
164.55000
172.32500
180.17500
188.07500
196.02500
204.02500
214.90000
484.90000
502.27500
773.65000
788.90000
805.62500
1044.62500
1075.97500
1092.85000
1108.92500
1360.40000
1374.55000
1388.90000
1399.30000
1408.92500
1605.55000
1631.27500
1662.60000
1677.30000
1693.17500
1703.17500
1735.95000
1915.75000
1946.70000
1962.37500
1975.30000
1986.87500
1996.70000
2007.32500
2035.62500
2216.70000
2238.27500
2253.22500
2264.82500
2277.52500
2286.90000
2296.45000
2305.10000
2317.80000
2491.92500
2517.47500
2533.82500
2549.07500
2560.72500
2570.47500
2582.05000
2590.62500
2600.52500
2617.45000
2792.57500
2818.30000
2832.70000
2848.70000
2861.65000
2870.97500
2880.37500
2888.77500
2897.70000
2906.12500
2935.52500
3087.45000
3104.02500
3119.80000
3134.47500
3148.92500
3164.82500
3173.72500
3183.52500
3192.22500
3200.87500
3209.30000
3235.45000
3387.95000
3404.02500
3418.90000
3434.10000
3444.50000
3454.57500
3465.02500
3473.27500
3482.42500
3490.62500
3499.77500
3508.07500
3526.35000
3688.42500
3704.65000
3719.52500
3734.57500
3745.62500
3755.65000
3766.60000
3775.00000
3784.37500
3792.75000
3801.37500
3809.72500
3835.37500
3974.52500
3989.87500
4004.87500
4019.87500
4030.17500
4041.85000
4052.67500
4063.30000
4072.27500
4082.17500
4090.47500
4098.65000
4106.85000
4117.97500
4274.85000
4290.42500
4305.65000
4319.85000
4331.35000
4341.07500
4350.82500
4359.07500
4367.80000
4375.92500
4384.60000
4392.77500
4400.92500
4409.07500
4426.82500
4575.17500
4590.42500
4605.05000
4619.97500
4631.87500
4641.60000
4651.75000
4659.90000
4669.05000
4677.15000
4685.20000
4693.25000
4701.35000
4709.47500
4735.35000
4875.47500
4898.60000
4919.90000
4931.72500
4941.55000
4952.02500
4960.27500
4969.37500
4977.60000
4986.25000
4994.47500
5003.27500
5017.47500
5037.17500
5175.85000
5197.67500
5212.55000
5222.72500
5235.70000
5244.52500
5253.65000
5262.40000
5270.55000
5279.20000
5287.35000
5295.47500
5303.62500
5317.40000
5336.80000
5476.20000
5492.05000
5508.40000
5522.80000
5536.22500
5545.12500
5554.07500
5562.70000
5571.55000
5579.85000
5588.52500
5596.87500
5605.12500
5617.55000
5637.50000
5776.67500
5798.87500
5808.90000
5821.37500
5836.92500
5845.15000
5854.17500
5862.30000
5870.32500
5878.32500
5886.32500
5894.37500
5902.47500
5910.92500
5935.35000
6030.65000
6044.60000
6059.07500
6074.42500
6083.85000
6091.72500
6100.37500
6107.45000
6116.27500
6123.15000
6130.67500
6138.05000
6144.85000
6152.97500
6159.82500
6166.75000
6173.52500
6180.30000
6187.05000
6193.85000
6200.65000
6207.50000
6215.67500
6227.90000
6244.72500
6329.97500
6343.45000
6356.47500
6369.55000
6383.45000
6398.15000
6413.37500
6428.07500
6443.07500
6458.42500
6474.30000
6484.37500
6495.22500
6505.02500
6515.42500
6528.95000
6547.02500
6630.50000
6644.12500
6657.30000
6670.62500
6684.87500
6699.75000
6714.22500
6728.92500
6743.95000
6759.27500
6775.07500
6789.85000
6798.45000
6806.82500
6821.30000
6836.20000
6930.87500
6944.55000
6957.77500
6971.27500
6985.87500
7000.32500
7014.77500
7029.55000
7044.62500
7060.05000
7075.92500
7084.30000
7092.80000
7100.45000
7109.07500
7123.80000
7137.17500
7230.95000
7244.75000
7258.07500
7271.60000
7286.05000
7300.77500
7315.35000
7330.17500
7345.35000
7354.77500
7366.90000
7377.32500
7386.35000
7398.45000
7407.87500
7417.22500
7429.02500
7445.90000
7530.92500
7544.80000
7558.10000
7571.62500
7585.72500
7600.17500
7615.55000
7630.65000
7646.02500
7655.97500
7667.70000
7678.10000
7688.22500
7697.67500
7707.25000
7716.80000
7728.85000
7745.47500
7830.92500
7844.87500
7858.25000
7871.80000
7886.27500
7901.27500
7916.00000
7930.95000
7946.27500
7956.40000
7968.30000
7977.50000
7986.17500
7994.15000
8001.92500
8009.67500
8028.40000
8045.50000
8131.05000
8145.02500
8158.42500
8172.02500
8187.05000
8201.75000
8216.47500
8231.50000
8246.87500
8257.00000
8269.05000
8277.57500
8286.52500
8294.17500
8301.72500
8309.62500
8324.20000
8333.92500
8349.87500
8431.17500
8445.22500
8458.67500
8472.15000
8486.97500
8502.12500
8516.92500
8532.02500
8547.52500
8557.62500
8569.67500
8579.22500
8588.32500
8595.90000
8603.62500
8612.22500
8624.75000
8636.10000
8731.30000
8745.45000
8758.95000
8772.70000
8787.75000
8802.45000
8817.32500
8832.52500
8842.92500
8854.40000
8863.05000
8872.07500
8879.85000
8888.25000
8896.27500
8904.75000
8915.25000
8928.52500
8945.50000
9031.52500
9045.67500
9059.17500
9072.95000
9088.10000
9102.85000
9117.77500
9133.10000
9143.22500
9154.20000
9163.32500
9172.90000
9180.65000
9189.22500
9196.60000
9203.62500
9211.75000
9220.70000
9232.15000
9245.95000
9331.55000
9345.80000
9359.40000
9373.35000
9388.42500
9403.15000
9418.12500
9433.57500
9443.60000
9455.72500
9464.27500
9472.92500
9480.67500
9488.80000
9496.62500
9504.27500
9515.30000
9525.12500
9536.25000
9631.65000
9645.97500
9659.60000
9673.70000
9688.75000
9703.47500
9718.45000
9733.77500
9743.72500
9752.47500
9763.00000
9771.50000
9779.85000
9788.22500
9795.42500
9802.80000
9810.92500
9820.40000
9829.82500
9845.62500
9931.80000
9946.17500
9959.82500
9974.15000
9989.05000
10003.82500
10018.85000
10034.35000
10044.27500
10052.30000
10063.55000
10072.00000
10079.62500
10087.97500
10095.52500
10102.67500
10111.60000
10120.65000
10132.07500
10145.95000
10231.92500
10246.32500
10260.02500
10274.47500
10289.32500
10304.15000
10319.25000
10329.65000
10341.17500
10350.77500
10359.32500
10366.70000
10375.15000
10382.17500
10389.10000
10396.47500
10404.10000
10414.37500
10424.47500
10433.62500
10447.15000
10527.95000
10540.50000
10551.05000
10562.07500
10575.30000
10589.67500
10604.47500
10619.65000
10629.62500
10637.70000
10649.90000
10658.27500
10667.05000
10675.62500
10683.17500
10690.90000
10698.22500
10705.30000
10715.70000
10725.55000
10736.50000
10827.90000
10840.10000
10851.00000
10862.12500
10875.52500
10889.95000
10904.82500
10920.10000
10929.75000
10937.92500
10949.02500
10957.45000
10965.52500
10973.77500
10981.80000
10989.90000
10998.17500
11005.45000
11015.42500
11025.02500
11035.45000
11127.82500
11139.25000
11150.80000
11162.12500
11175.72500
11190.22500
11205.15000
11220.57500
11230.30000
11238.67500
11251.20000
11260.30000
11267.70000
11276.45000
11283.52500
11290.60000
11298.00000
11305.07500
11315.32500
11324.87500
11334.17500
11347.92500
11427.92500
11439.35000
11450.95000
11462.30000
11475.97500
11490.50000
11505.47500
11515.52500
11526.90000
11537.12500
11545.80000
11553.40000
11561.80000
11569.35000
11576.35000
11583.55000
11590.92500
11598.72500
11605.80000
11616.12500
11628.70000
11645.62500
11727.97500
11739.32500
11751.05000
11762.47500
11776.20000
11790.80000
11805.72500
11815.57500
11823.60000
11832.55000
11843.95000
11852.32500
11860.95000
11868.77500
11876.60000
11884.32500
11891.30000
11898.20000
11905.02500
11915.30000
11924.80000
11933.90000
11946.80000
12027.95000
12039.15000
12051.07500
12062.60000
12076.40000
12091.05000
12106.05000
12116.07500
12124.22500
12137.35000
12146.02500
12153.42500
12161.72500
12169.10000
12176.62500
12184.42500
12192.42500
12199.42500
12206.35000
12215.62500
12224.95000
12234.27500
12247.70000
12327.95000
12339.17500
12351.22500
12362.80000
12376.62500
12391.30000
12406.40000
12416.35000
12424.40000
12433.60000
12442.35000
12451.40000
12458.75000
12466.50000
12473.97500
12481.95000
12488.92500
12496.92500
12503.92500
12512.22500
12521.02500
12532.35000
12546.07500
12627.95000
12639.12500
12651.32500
12662.92500
12676.85000
12691.57500
12706.72500
12716.15000
12724.05000
12733.05000
12741.35000
12752.20000
12760.42500
12768.32500
12775.35000
12783.60000
12790.60000
12797.50000
12804.37500
12812.17500
12820.85000
12830.27500
12845.80000
12927.97500
12939.17500
12951.45000
12963.10000
12977.05000
12991.85000
13007.07500
13016.37500
13024.40000
13032.62500
13040.15000
13048.12500
13055.10000
13063.05000
13069.97500
13077.00000
13083.85000
13090.67500
13097.52500
13104.37500
13112.12500
13120.82500
13130.02500
13145.77500
13227.97500
13239.15000
13251.55000
13263.25000
13277.25000
13292.07500
13301.97500
13309.77500
13322.90000
13331.92500
13339.95000
13348.37500
13356.10000
13363.10000
13370.05000
13376.97500
13384.50000
13391.47500
13399.52500
13406.57500
13415.72500
13425.05000
13434.37500
13447.17500
13527.97500
13539.22500
13551.65000
13563.42500
13577.50000
13592.37500
13602.32500
13610.15000
13619.00000
13627.55000
13639.32500
13647.15000
13654.90000
13661.87500
13670.25000
13677.22500
13684.82500
13691.80000
13700.22500
13707.27500
13716.05000
13725.27500
13736.07500
13828.02500
13839.35000
13851.72500
13863.57500
13877.72500
13892.67500
13901.90000
13909.87500
13918.77500
13927.05000
13937.57500
13945.60000
13953.05000
13960.32500
13968.12500
13974.97500
13981.77500
13988.57500
13995.40000
14002.22500
14009.07500
14016.92500
14028.77500
14045.72500
14128.02500
14139.37500
14151.10000
14163.60000
14177.92500
14192.92500
14202.57500
14210.47500
14218.72500
14226.77500
14234.45000
14241.45000
14249.37500
14256.52500
14264.92500
14271.87500
14278.77500
14285.95000
14292.90000
14300.72500
14307.70000
14316.17500
14325.30000
14336.10000
14428.02500
14439.47500
14450.70000
14463.67500
14478.12500
14493.07500
14502.62500
14510.55000
14518.52500
14526.37500
14534.35000
14541.35000
14549.60000
14556.45000
14564.15000
14571.37500
14578.62500
14585.92500
14592.85000
14600.72500
14607.70000
14616.17500
14625.30000
14635.55000
14728.02500
14739.55000
14750.65000
14763.82500
14778.32500
14793.35000
14803.00000
14811.05000
14819.00000
14827.05000
14834.97500
14841.95000
14850.05000
14857.30000
14864.82500
14872.45000
14880.12500
14887.05000
14893.92500
14900.77500
14907.65000
14916.12500
14925.17500
14934.47500
14947.00000

