$ Stimulation Interval(ms): 300
$ Delay(ms): 215.330667
$ Number of data : 736
$ TSTOP : 15000
$ PN stimulation current max : 56000
$ LN stimulation current max : 19500
220.10000
232.90000
245.75000
258.75000
271.87500
285.15000
298.60000
312.25000
326.07500
340.10000
354.35000
368.87500
383.67500
398.80000
414.15000
429.82500
445.82500
462.07500
479.40000
522.95000
535.75000
548.67500
561.77500
575.00000
588.42500
602.02500
615.82500
629.85000
644.15000
658.70000
673.50000
688.55000
703.75000
719.20000
735.00000
751.02500
767.85000
822.90000
835.70000
848.67500
861.82500
875.15000
888.62500
902.32500
916.20000
930.30000
944.62500
959.20000
974.05000
989.17500
1004.62500
1020.45000
1037.17500
1122.90000
1135.70000
1148.72500
1161.90000
1175.25000
1188.80000
1202.52500
1216.45000
1230.60000
1245.02500
1259.72500
1274.77500
1290.20000
1305.92500
1321.97500
1338.30000
1355.47500
1422.92500
1435.77500
1448.82500
1462.05000
1475.45000
1489.02500
1502.82500
1516.82500
1531.05000
1545.57500
1560.40000
1575.60000
1591.15000
1606.90000
1623.22500
1639.95000
1722.95000
1735.82500
1748.90000
1762.17500
1775.60000
1789.25000
1803.10000
1817.15000
1831.47500
1846.10000
1861.05000
1876.42500
1892.15000
1908.00000
1924.50000
1943.25000
2022.97500
2035.87500
2049.00000
2062.30000
2075.77500
2089.47500
2103.37500
2117.50000
2131.90000
2146.62500
2161.72500
2177.25000
2193.02500
2209.00000
2225.92500
2322.97500
2335.90000
2349.02500
2362.37500
2375.90000
2389.62500
2403.57500
2417.75000
2432.22500
2447.02500
2462.22500
2477.90000
2493.62500
2509.62500
2526.05000
2542.75000
2623.00000
2635.95000
2649.12500
2662.50000
2676.07500
2689.85000
2703.85000
2718.10000
2732.62500
2747.52500
2762.87500
2778.70000
2794.50000
2810.67500
2923.00000
2935.97500
2949.17500
2962.57500
2976.17500
2990.00000
3004.05000
3018.35000
3032.97500
3047.95000
3063.42500
3079.42500
3095.50000
3111.92500
3223.02500
3236.02500
3249.25000
3262.67500
3276.30000
3290.17500
3304.25000
3318.62500
3333.30000
3348.40000
3364.05000
3380.20000
3396.02500
3412.90000
3523.05000
3536.07500
3549.32500
3562.77500
3576.45000
3590.32500
3604.47500
3618.90000
3633.65000
3648.85000
3664.65000
3680.95000
3696.87500
3823.05000
3836.10000
3849.37500
3862.85000
3876.55000
3890.47500
3904.67500
3919.15000
3933.97500
3949.27500
3965.30000
3981.70000
3997.77500
4015.02500
4123.07500
4136.12500
4149.45000
4162.95000
4176.67500
4190.65000
4204.87500
4219.42500
4234.32500
4249.75000
4266.00000
4282.42500
4298.70000
4423.10000
4436.17500
4449.50000
4463.02500
4476.80000
4490.80000
4505.07500
4519.67500
4534.65000
4550.20000
4566.50000
4582.37500
4598.97500
4723.10000
4736.20000
4749.55000
4763.10000
4776.90000
4790.95000
4805.27500
4819.92500
4835.00000
4850.70000
4867.17500
4883.10000
5023.12500
5036.22500
5049.60000
5063.17500
5077.00000
5091.10000
5105.45000
5120.17500
5135.32500
5151.20000
5167.85000
5183.82500
5323.12500
5336.27500
5349.67500
5363.25000
5377.12500
5391.22500
5405.62500
5420.40000
5435.65000
5451.77500
5468.47500
5484.55000
5500.95000
5623.15000
5636.30000
5649.72500
5663.35000
5677.22500
5691.37500
5705.82500
5720.65000
5736.00000
5752.50000
5768.87500
5785.17500
5923.15000
5936.32500
5949.77500
5963.42500
5977.32500
5991.52500
6006.02500
6020.90000
6036.37500
6221.82500
6233.87500
6246.02500
6258.32500
6270.72500
6283.25000
6295.95000
6308.80000
6321.82500
6335.02500
6348.42500
6362.02500
6375.85000
6389.92500
6404.30000
6419.02500
6434.27500
6450.82500
6522.17500
6534.30000
6546.47500
6558.82500
6571.25000
6583.80000
6596.52500
6609.42500
6622.47500
6635.72500
6649.17500
6662.80000
6676.70000
6690.82500
6705.27500
6720.12500
6735.62500
6822.20000
6834.32500
6846.50000
6858.85000
6871.30000
6883.87500
6896.62500
6909.52500
6922.60000
6935.87500
6949.32500
6963.00000
6976.92500
6991.07500
7005.50000
7020.30000
7035.65000
7122.20000
7134.32500
7146.55000
7158.90000
7171.37500
7183.97500
7196.75000
7209.67500
7222.80000
7236.10000
7249.62500
7263.35000
7277.30000
7291.50000
7306.00000
7320.87500
7336.32500
7422.22500
7434.32500
7446.55000
7458.92500
7471.37500
7484.00000
7496.77500
7509.70000
7522.82500
7536.17500
7549.70000
7563.47500
7577.50000
7591.77500
7606.37500
7621.37500
7637.07500
7722.22500
7734.37500
7746.60000
7759.00000
7771.47500
7784.12500
7796.95000
7809.92500
7823.07500
7836.45000
7850.02500
7863.82500
7877.90000
7892.25000
7906.95000
7922.17500
8022.22500
8034.37500
8046.60000
8059.02500
8071.52500
8084.20000
8097.02500
8110.02500
8123.22500
8136.62500
8150.22500
8164.05000
8178.17500
8192.57500
8207.35000
8222.75000
8322.25000
8334.40000
8346.65000
8359.07500
8371.60000
8384.30000
8397.15000
8410.17500
8423.37500
8436.80000
8450.45000
8464.32500
8478.47500
8492.95000
8507.80000
8523.40000
8622.22500
8634.37500
8646.65000
8659.10000
8671.62500
8684.32500
8697.20000
8710.25000
8723.47500
8736.92500
8750.57500
8764.50000
8778.67500
8793.20000
8808.10000
8823.77500
8922.25000
8934.42500
8946.72500
8959.17500
8971.72500
8984.45000
8997.32500
9010.40000
9023.65000
9037.12500
9050.82500
9064.77500
9079.00000
9093.57500
9108.57500
9124.42500
9222.25000
9234.42500
9246.72500
9259.17500
9271.75000
9284.50000
9297.40000
9310.47500
9323.75000
9337.25000
9350.97500
9364.95000
9379.22500
9393.85000
9408.90000
9424.95000
9522.25000
9534.42500
9546.75000
9559.22500
9571.82500
9584.57500
9597.50000
9610.60000
9623.90000
9637.42500
9651.17500
9665.20000
9679.52500
9694.17500
9709.30000
9822.25000
9834.45000
9846.77500
9859.27500
9871.87500
9884.65000
9897.57500
9910.72500
9924.02500
9937.57500
9951.35000
9965.40000
9979.75000
9994.47500
10009.67500
10122.25000
10134.47500
10146.80000
10159.30000
10171.92500
10184.72500
10197.67500
10210.82500
10224.17500
10237.75000
10251.55000
10265.62500
10280.02500
10294.77500
10310.05000
10422.27500
10434.47500
10446.82500
10459.35000
10472.00000
10484.80000
10497.77500
10510.95000
10524.30000
10537.90000
10551.75000
10565.87500
10580.30000
10595.10000
10610.45000
10722.27500
10734.50000
10746.87500
10759.40000
10772.05000
10784.87500
10797.87500
10811.05000
10824.45000
10838.05000
10851.92500
10866.07500
10880.55000
10895.40000
10910.82500
11022.27500
11034.52500
11046.90000
11059.45000
11072.10000
11084.95000
11097.95000
11111.15000
11124.57500
11138.22500
11152.12500
11166.30000
11180.82500
11195.70000
11211.20000
11322.30000
11334.55000
11346.92500
11359.47500
11372.17500
11385.02500
11398.05000
11411.27500
11424.70000
11438.37500
11452.30000
11466.52500
11481.07500
11496.00000
11511.75000
11622.30000
11634.55000
11646.95000
11659.52500
11672.22500
11685.07500
11698.12500
11711.37500
11724.85000
11738.52500
11752.50000
11766.75000
11781.32500
11796.32500
11812.32500
11922.30000
11934.57500
11946.97500
11959.57500
11972.27500
11985.15000
11998.22500
12011.47500
12024.95000
12038.67500
12052.67500
12066.95000
12081.57500
12096.62500
12113.00000
12222.30000
12234.60000
12247.02500
12259.62500
12272.35000
12285.22500
12298.32500
12311.60000
12325.10000
12338.85000
12352.87500
12367.20000
12381.85000
12396.97500
12522.32500
12534.60000
12547.05000
12559.65000
12572.37500
12585.30000
12598.40000
12611.70000
12625.22500
12638.97500
12653.02500
12667.37500
12682.07500
12697.20000
12822.32500
12834.62500
12847.07500
12859.70000
12872.45000
12885.37500
12898.47500
12911.80000
12925.35000
12939.12500
12953.20000
12967.60000
12982.32500
12997.52500
13122.32500
13134.65000
13147.10000
13159.72500
13172.47500
13185.42500
13198.55000
13211.90000
13225.45000
13239.27500
13253.37500
13267.80000
13282.55000
13297.77500
13422.35000
13434.67500
13447.12500
13459.77500
13472.55000
13485.50000
13498.62500
13512.00000
13525.57500
13539.42500
13553.55000
13567.97500
13582.77500
13598.02500
13722.35000
13734.67500
13747.15000
13759.80000
13772.60000
13785.55000
13798.72500
13812.10000
13825.70000
13839.55000
13853.72500
13868.20000
13883.02500
13898.30000
14022.35000
14034.70000
14047.17500
14059.85000
14072.65000
14085.62500
14098.80000
14112.20000
14125.82500
14139.70000
14153.90000
14168.40000
14183.25000
14198.72500
14322.35000
14334.70000
14347.20000
14359.87500
14372.70000
14385.67500
14398.87500
14412.27500
14425.92500
14439.85000
14454.07500
14468.60000
14483.50000
14499.10000
14622.37500
14634.72500
14647.22500
14659.92500
14672.75000
14685.75000
14698.95000
14712.37500
14726.05000
14740.00000
14754.25000
14768.80000
14783.75000
14799.42500
14922.37500
14934.75000
14947.25000
14959.95000
14972.80000
14985.82500
14999.05000

