$ Stimulation Interval(ms): 300
$ Delay(ms): 5.756977
$ Number of data : 571
$ TSTOP : 15000
$ PN stimulation current max : 0
$ LN stimulation current max : 15000
11.85000
21.72500
30.45000
38.62500
46.45000
54.07500
61.60000
69.05000
76.50000
83.92500
91.37500
98.82500
106.32500
113.82500
121.40000
129.00000
136.62500
144.32500
152.05000
159.85000
167.70000
175.57500
183.55000
191.55000
199.62500
210.70000
1407.55000
1693.97500
1709.50000
1992.37500
2007.72500
2279.47500
2294.50000
2308.60000
2564.90000
2581.12500
2594.60000
2606.80000
2621.35000
2864.92500
2880.57500
2894.52500
2906.67500
2921.07500
3165.02500
3179.70000
3192.02500
3201.37500
3219.02500
3450.60000
3466.65000
3480.12500
3491.82500
3501.07500
3519.40000
3750.97500
3766.05000
3779.77500
3792.42500
3801.50000
3818.40000
4036.40000
4052.05000
4065.95000
4078.35000
4087.55000
4098.40000
4107.15000
4120.27500
4336.25000
4352.12500
4365.72500
4377.42500
4386.52500
4395.72500
4404.55000
4419.25000
4636.32500
4651.22500
4665.05000
4677.30000
4686.45000
4695.00000
4703.90000
4716.30000
4922.15000
4938.05000
4952.25000
4965.77500
4978.75000
4987.60000
4996.15000
5004.60000
5018.97500
5221.82500
5237.80000
5251.72500
5263.25000
5272.30000
5282.22500
5290.92500
5299.37500
5307.77500
5320.32500
5521.82500
5538.17500
5551.47500
5563.17500
5572.17500
5581.37500
5590.07500
5598.50000
5606.87500
5619.87500
5822.10000
5837.10000
5850.47500
5863.10000
5872.20000
5880.60000
5889.17500
5897.55000
5905.87500
5919.47500
6107.82500
6123.37500
6138.87500
6151.42500
6164.87500
6173.45000
6182.25000
6190.55000
6198.85000
6207.12500
6219.92500
6408.37500
6423.87500
6438.22500
6451.00000
6459.85000
6470.35000
6478.82500
6487.15000
6495.42500
6503.70000
6515.07500
6707.90000
6723.92500
6737.15000
6749.05000
6757.92500
6767.12500
6775.70000
6784.02500
6792.30000
6800.55000
6809.00000
6820.97500
7007.40000
7023.45000
7036.47500
7048.35000
7057.37500
7065.80000
7074.57500
7082.87500
7091.10000
7099.35000
7107.60000
7120.10000
7307.50000
7322.10000
7334.70000
7343.67500
7353.50000
7361.92500
7370.32500
7378.52500
7386.70000
7394.90000
7403.12500
7414.47500
7608.27500
7622.42500
7635.27500
7644.02500
7653.72500
7662.12500
7670.65000
7678.87500
7687.07500
7695.27500
7703.50000
7714.80000
7894.60000
7909.70000
7923.40000
7935.25000
7943.97500
7954.45000
7962.87500
7971.10000
7979.25000
7987.42500
7995.60000
8003.82500
8015.05000
8194.02500
8209.52500
8222.67500
8235.52500
8244.25000
8254.42500
8262.77500
8270.97500
8279.12500
8287.27500
8295.45000
8303.65000
8314.87500
8493.47500
8509.45000
8522.35000
8534.67500
8543.40000
8552.87500
8561.27500
8569.47500
8577.60000
8585.72500
8593.90000
8602.10000
8613.27500
8793.47500
8809.12500
8821.90000
8833.50000
8842.35000
8850.50000
8859.15000
8867.25000
8875.35000
8883.45000
8891.57500
8899.72500
8907.95000
8920.22500
9093.25000
9107.52500
9119.30000
9128.07500
9137.00000
9145.42500
9153.57500
9161.65000
9169.70000
9177.77500
9185.87500
9194.00000
9202.17500
9213.35000
9379.92500
9394.95000
9408.17500
9419.90000
9428.62500
9438.00000
9446.40000
9454.55000
9462.60000
9470.65000
9478.72500
9486.82500
9494.95000
9503.12500
9514.37500
9690.40000
9704.65000
9716.05000
9725.77500
9736.67500
9744.97500
9753.05000
9761.07500
9769.07500
9777.12500
9785.20000
9793.30000
9801.47500
9810.40000
9822.22500
9979.52500
9995.05000
10010.35000
10021.75000
10030.25000
10040.12500
10048.35000
10056.55000
10064.60000
10072.62500
10080.67500
10088.77500
10096.90000
10105.10000
10118.55000
10279.82500
10295.57500
10309.70000
10321.00000
10329.72500
10339.30000
10347.55000
10355.62500
10363.65000
10371.67500
10379.72500
10387.82500
10395.95000
10404.12500
10415.27500
10579.65000
10595.52500
10608.50000
10620.47500
10629.22500
10638.05000
10646.35000
10654.42500
10662.42500
10670.45000
10678.50000
10686.57500
10694.67500
10702.85000
10714.12500
10879.90000
10895.37500
10907.62500
10920.40000
10929.12500
10937.52500
10945.62500
10953.62500
10961.60000
10969.57500
10977.60000
10985.67500
10993.77500
11001.92500
11011.72500
11179.60000
11195.35000
11207.47500
11219.72500
11228.57500
11236.67500
11244.65000
11252.60000
11260.55000
11268.52500
11276.52500
11284.57500
11292.67500
11300.80000
11309.15000
11320.92500
11479.55000
11494.37500
11505.27500
11513.95000
11522.97500
11531.27500
11539.32500
11547.27500
11555.22500
11563.17500
11571.15000
11579.17500
11587.22500
11595.32500
11603.47500
11614.65000
11779.17500
11792.82500
11804.20000
11813.02500
11822.50000
11830.80000
11838.82500
11846.77500
11854.70000
11862.65000
11870.62500
11878.65000
11886.70000
11894.77500
11902.92500
11914.15000
12079.32500
12093.72500
12105.67500
12114.27500
12124.00000
12132.17500
12140.15000
12148.07500
12156.02500
12163.95000
12171.92500
12179.95000
12188.00000
12196.10000
12204.27500
12215.42500
12376.37500
12391.10000
12400.25000
12410.67500
12419.22500
12428.00000
12436.07500
12444.07500
12452.02500
12459.95000
12467.90000
12475.90000
12483.92500
12492.00000
12500.12500
12508.32500
12520.40000
12666.52500
12681.17500
12696.10000
12706.97500
12715.37500
12724.97500
12733.10000
12741.05000
12748.95000
12756.85000
12764.80000
12772.75000
12780.77500
12788.82500
12796.92500
12805.07500
12817.75000
12967.07500
12981.62500
12995.67500
13007.12500
13015.60000
13024.47500
13032.65000
13040.62500
13048.55000
13056.47500
13064.42500
13072.40000
13080.40000
13088.45000
13096.57500
13104.72500
13116.15000
13266.65000
13281.47500
13294.62500
13306.42500
13315.10000
13323.70000
13331.77500
13339.67500
13347.57500
13355.47500
13363.37500
13371.35000
13379.32500
13387.37500
13395.47500
13403.62500
13414.75000
13566.42500
13581.35000
13594.82500
13606.87500
13615.20000
13624.07500
13632.05000
13639.92500
13647.77500
13655.67500
13663.57500
13671.52500
13679.52500
13687.55000
13695.65000
13703.80000
13714.90000
13866.67500
13881.32500
13893.40000
13906.45000
13914.90000
13923.00000
13930.92500
13938.77500
13946.62500
13954.47500
13962.40000
13970.32500
13978.30000
13986.35000
13994.42500
14002.55000
14013.77500
14166.10000
14181.15000
14192.87500
14205.92500
14214.35000
14222.25000
14230.10000
14237.92500
14245.75000
14253.60000
14261.50000
14269.42500
14277.40000
14285.40000
14293.47500
14301.60000
14310.52500
14322.10000
14466.00000
14481.00000
14492.00000
14500.57500
14509.25000
14517.35000
14525.27500
14533.10000
14540.95000
14548.80000
14556.67500
14564.57500
14572.52500
14580.50000
14588.55000
14596.62500
14604.77500
14616.17500
14766.10000
14780.97500
14792.17500
14800.62500
14810.22500
14818.32500
14826.22500
14834.07500
14841.90000
14849.75000
14857.62500
14865.52500
14873.47500
14881.47500
14889.52500
14897.62500
14905.77500
14919.25000

