$ Stimulation Interval(ms): 300
$ Delay(ms): 13.234397
$ Number of data : 605
$ TSTOP : 15000
$ PN stimulation current max : 0
$ LN stimulation current max : 15000
19.25000
29.10000
37.82500
45.97500
53.80000
61.42500
68.95000
76.42500
83.85000
91.27500
98.72500
106.17500
113.67500
121.17500
128.75000
136.32500
143.97500
151.67500
159.40000
167.20000
175.02500
182.92500
190.87500
198.90000
207.77500
1107.27500
1401.42500
1690.50000
1706.60000
1978.35000
1993.65000
2006.15000
2273.72500
2287.92500
2302.82500
2320.05000
2563.12500
2579.92500
2592.02500
2604.75000
2621.27500
2850.60000
2872.25000
2888.47500
2897.87500
2907.82500
3149.40000
3166.32500
3178.77500
3190.65000
3199.75000
3209.30000
3436.35000
3459.32500
3474.02500
3483.20000
3493.05000
3501.85000
3519.87500
3735.65000
3752.62500
3765.15000
3776.20000
3785.22500
3794.40000
3803.12500
3819.70000
4034.97500
4051.57500
4063.45000
4075.92500
4084.97500
4094.30000
4102.92500
4119.77500
4329.80000
4346.22500
4359.90000
4369.27500
4378.87500
4387.55000
4396.35000
4404.82500
4419.77500
4630.25000
4646.45000
4660.15000
4669.12500
4678.77500
4687.45000
4695.85000
4704.40000
4719.62500
4921.07500
4937.52500
4949.92500
4961.60000
4970.47500
4979.95000
4988.45000
4996.90000
5005.22500
5019.75000
5221.02500
5237.45000
5248.77500
5261.65000
5270.70000
5279.77500
5288.27500
5296.57500
5304.85000
5319.62500
5515.35000
5531.70000
5545.77500
5554.82500
5564.40000
5573.00000
5581.65000
5590.05000
5598.32500
5606.60000
5620.35000
5815.80000
5832.15000
5845.80000
5854.72500
5864.55000
5873.12500
5881.37500
5889.60000
5897.80000
5906.02500
5919.97500
6106.95000
6122.72500
6134.57500
6146.72500
6155.67500
6165.67500
6174.07500
6182.72500
6190.95000
6199.15000
6207.37500
6220.85000
6407.07500
6423.32500
6434.60000
6447.15000
6456.07500
6465.50000
6473.87500
6482.07500
6490.25000
6498.42500
6506.62500
6520.22500
6702.20000
6717.77500
6731.60000
6741.15000
6750.45000
6758.87500
6767.40000
6775.65000
6783.82500
6791.95000
6800.12500
6808.32500
7001.40000
7017.55000
7031.30000
7040.25000
7049.75000
7058.27500
7066.52500
7074.85000
7083.02500
7091.15000
7099.32500
7107.50000
7120.82500
7301.40000
7317.87500
7331.17500
7340.20000
7349.75000
7358.12500
7366.25000
7374.30000
7382.37500
7390.47500
7398.60000
7406.75000
7420.22500
7601.80000
7618.02500
7631.42500
7640.35000
7650.45000
7658.70000
7667.02500
7675.12500
7683.20000
7691.27500
7699.40000
7707.57500
7720.80000
7892.70000
7908.67500
7920.80000
7932.85000
7941.65000
7950.90000
7959.22500
7967.32500
7975.37500
7983.45000
7991.52500
7999.65000
8007.80000
8021.02500
8192.42500
8208.82500
8219.95000
8232.32500
8241.02500
8249.40000
8257.77500
8265.82500
8273.85000
8281.87500
8289.95000
8298.05000
8306.20000
8319.92500
8489.20000
8503.80000
8516.77500
8526.35000
8535.87500
8544.15000
8552.57500
8560.67500
8568.70000
8576.72500
8584.75000
8592.82500
8600.92500
8609.15000
8788.37500
8803.65000
8816.87500
8825.80000
8835.10000
8843.47500
8851.55000
8859.80000
8867.82500
8875.85000
8883.87500
8891.92500
8900.02500
8908.17500
8921.50000
9087.87500
9103.82500
9116.67500
9125.47500
9135.02500
9143.50000
9151.55000
9159.60000
9167.55000
9175.55000
9183.55000
9191.60000
9199.70000
9207.85000
9220.92500
9379.40000
9394.40000
9405.92500
9417.77500
9426.55000
9435.92500
9444.17500
9452.17500
9460.15000
9468.10000
9476.07500
9484.07500
9492.12500
9500.20000
9508.35000
9521.72500
9677.67500
9692.82500
9704.82500
9715.67500
9724.92500
9733.95000
9742.20000
9750.20000
9758.12500
9766.05000
9774.00000
9782.00000
9790.02500
9798.07500
9806.20000
9819.90000
9978.92500
9994.27500
10005.97500
10015.95000
10025.17500
10033.45000
10041.85000
10049.87500
10057.90000
10065.85000
10073.80000
10081.80000
10089.82500
10097.90000
10106.02500
10119.85000
10279.30000
10295.02500
10306.45000
10318.30000
10327.07500
10335.20000
10343.42500
10351.37500
10359.30000
10367.22500
10375.17500
10383.17500
10391.20000
10399.27500
10407.40000
10420.55000
10578.55000
10594.57500
10605.42500
10614.15000
10622.97500
10631.12500
10639.30000
10647.27500
10655.20000
10663.10000
10671.05000
10679.00000
10687.00000
10695.05000
10703.12500
10714.55000
10874.47500
10889.90000
10902.17500
10911.77500
10921.65000
10929.82500
10938.32500
10946.30000
10954.20000
10962.07500
10970.00000
10977.95000
10985.92500
10993.97500
11002.05000
11011.22500
11174.85000
11189.87500
11202.32500
11211.42500
11220.92500
11229.17500
11237.10000
11245.07500
11252.92500
11260.80000
11268.70000
11276.65000
11284.62500
11292.65000
11300.72500
11308.87500
11475.00000
11489.72500
11502.42500
11511.45000
11521.07500
11529.30000
11537.22500
11545.07500
11552.92500
11560.80000
11568.70000
11576.62500
11584.60000
11592.62500
11600.70000
11608.85000
11774.07500
11789.82500
11802.52500
11811.30000
11820.72500
11828.90000
11836.77500
11844.60000
11852.45000
11860.30000
11868.17500
11876.10000
11884.07500
11892.10000
11900.15000
11908.27500
11921.32500
12074.35000
12089.57500
12102.95000
12111.72500
12120.80000
12128.92500
12136.80000
12144.70000
12152.52500
12160.40000
12168.27500
12176.20000
12184.17500
12192.17500
12200.25000
12208.37500
12221.50000
12373.80000
12388.00000
12397.97500
12407.95000
12416.05000
12424.97500
12432.95000
12440.90000
12448.75000
12456.57500
12464.45000
12472.35000
12480.30000
12488.27500
12496.32500
12504.42500
12519.37500
12666.87500
12680.97500
12692.67500
12701.70000
12710.97500
12719.00000
12727.27500
12735.15000
12742.97500
12750.80000
12758.65000
12766.52500
12774.42500
12782.37500
12790.37500
12798.42500
12806.52500
12820.02500
12965.15000
12980.75000
12992.42500
13003.90000
13012.62500
13020.57500
13028.85000
13036.70000
13044.50000
13052.32500
13060.15000
13068.02500
13075.92500
13083.90000
13091.90000
13099.95000
13108.07500
13121.02500
13265.65000
13280.65000
13292.10000
13302.42500
13311.07500
13319.00000
13326.90000
13334.70000
13342.47500
13350.27500
13358.10000
13365.95000
13373.85000
13381.80000
13389.77500
13397.82500
13405.92500
13419.80000
13564.67500
13580.37500
13591.55000
13600.12500
13608.95000
13616.97500
13625.27500
13633.12500
13640.92500
13648.72500
13656.55000
13664.40000
13672.27500
13680.22500
13688.20000
13696.22500
13704.30000
13719.32500
13865.32500
13880.25000
13890.90000
13899.42500
13908.40000
13916.42500
13924.70000
13932.52500
13940.32500
13948.10000
13955.92500
13963.75000
13971.65000
13979.57500
13987.55000
13995.55000
14003.65000
14015.47500
14165.22500
14179.40000
14190.07500
14198.60000
14207.50000
14215.47500
14223.27500
14231.05000
14238.80000
14246.57500
14254.37500
14262.20000
14270.05000
14277.97500
14285.92500
14293.95000
14302.00000
14310.82500
14465.00000
14478.12500
14489.47500
14498.00000
14507.27500
14515.25000
14523.05000
14530.82500
14538.57500
14546.35000
14554.15000
14561.97500
14569.82500
14577.75000
14585.70000
14593.70000
14601.77500
14610.27500
14763.05000
14777.70000
14789.35000
14797.97500
14807.27500
14815.20000
14823.00000
14830.72500
14838.47500
14846.22500
14854.00000
14861.82500
14869.70000
14877.60000
14885.55000
14893.55000
14901.62500
14909.97500

