$ Stimulation Interval(ms): 300
$ Delay(ms): 47.554246
$ Number of data : 648
$ TSTOP : 15000
$ PN stimulation current max : 0
$ LN stimulation current max : 15000
53.37500
63.17500
71.85000
80.00000
87.80000
95.42500
102.92500
110.40000
117.82500
125.25000
132.67500
140.15000
147.62500
155.12500
162.70000
170.27500
177.92500
185.60000
193.35000
201.12500
211.82500
797.62500
1082.95000
1100.32500
1368.62500
1386.55000
1400.67500
1660.87500
1676.55000
1690.25000
1702.30000
1954.35000
1971.02500
1985.92500
2000.80000
2021.07500
2246.55000
2262.12500
2275.57500
2287.32500
2302.00000
2314.80000
2543.67500
2557.75000
2572.20000
2586.45000
2595.42500
2605.40000
2620.32500
2840.85000
2856.90000
2871.67500
2881.97500
2892.07500
2904.42500
2917.65000
3133.35000
3148.25000
3160.50000
3173.02500
3181.87500
3191.65000
3200.10000
3209.07500
3433.05000
3448.75000
3460.55000
3473.20000
3482.02500
3491.77500
3500.30000
3509.17500
3718.85000
3734.20000
3749.47500
3760.85000
3773.52500
3782.42500
3792.30000
3800.72500
3809.12500
4019.07500
4034.50000
4046.37500
4058.97500
4067.80000
4077.40000
4085.75000
4094.72500
4103.00000
4114.60000
4319.77500
4334.92500
4346.17500
4358.87500
4367.62500
4377.40000
4385.82500
4394.65000
4402.92500
4414.50000
4618.52500
4630.95000
4645.10000
4658.40000
4667.42500
4677.22500
4685.60000
4693.67500
4702.00000
4713.07500
4906.47500
4920.70000
4934.57500
4946.12500
4955.80000
4965.82500
4975.82500
4984.35000
4992.42500
5000.57500
5008.57500
5021.67500
5205.35000
5220.70000
5232.32500
5245.05000
5253.85000
5263.25000
5271.52500
5280.20000
5288.37500
5296.40000
5304.37500
5315.30000
5505.17500
5520.50000
5531.92500
5544.27500
5553.07500
5562.87500
5571.20000
5579.80000
5588.00000
5595.97500
5603.95000
5614.97500
5804.80000
5817.00000
5831.22500
5844.15000
5853.02500
5863.07500
5871.32500
5879.27500
5887.30000
5895.20000
5903.12500
5914.37500
6104.17500
6116.57500
6130.80000
6140.57500
6149.90000
6158.05000
6166.87500
6174.92500
6183.17500
6191.10000
6199.02500
6206.95000
6220.20000
6401.22500
6415.90000
6428.95000
6438.30000
6448.65000
6456.85000
6466.15000
6474.25000
6482.17500
6490.07500
6497.97500
6505.87500
6517.77500
6693.80000
6707.77500
6719.02500
6731.00000
6739.65000
6749.10000
6757.30000
6766.05000
6774.15000
6782.05000
6789.92500
6797.80000
6805.70000
6817.07500
6991.70000
7006.60000
7017.75000
7030.00000
7038.85000
7048.67500
7056.97500
7065.02500
7073.27500
7081.15000
7089.00000
7096.87500
7104.77500
7115.50000
7291.70000
7306.72500
7318.15000
7330.00000
7338.87500
7348.77500
7357.02500
7364.90000
7372.70000
7380.50000
7388.32500
7396.15000
7404.02500
7414.95000
7592.12500
7607.30000
7618.32500
7630.22500
7639.12500
7649.47500
7657.42500
7665.22500
7673.12500
7680.92500
7688.75000
7696.60000
7704.47500
7715.25000
7891.92500
7905.85000
7917.65000
7926.37500
7935.55000
7943.62500
7952.37500
7960.35000
7968.20000
7975.97500
7983.77500
7991.60000
7999.45000
8007.32500
8020.30000
8192.02500
8204.25000
8216.75000
8225.70000
8235.35000
8243.42500
8252.42500
8260.35000
8268.15000
8275.95000
8283.72500
8291.52500
8299.37500
8307.25000
8320.27500
8488.12500
8502.37500
8514.77500
8524.10000
8534.30000
8542.45000
8550.62500
8558.72500
8566.50000
8574.25000
8582.02500
8589.82500
8597.65000
8605.52500
8616.37500
8787.17500
8802.37500
8815.22500
8824.17500
8833.82500
8842.05000
8849.85000
8857.87500
8865.62500
8873.37500
8881.12500
8888.90000
8896.72500
8904.57500
8915.30000
9086.72500
9102.67500
9115.35000
9124.30000
9133.75000
9141.97500
9149.75000
9157.45000
9165.15000
9172.85000
9180.57500
9188.35000
9196.15000
9204.00000
9214.90000
9387.12500
9402.37500
9412.20000
9421.32500
9429.45000
9437.72500
9445.60000
9453.35000
9461.02500
9468.72500
9476.45000
9484.20000
9491.97500
9499.80000
9507.67500
9520.45000
9686.80000
9702.00000
9711.70000
9720.90000
9728.85000
9737.65000
9745.47500
9753.20000
9760.87500
9768.57500
9776.27500
9784.02500
9791.80000
9799.62500
9807.47500
9820.35000
9978.80000
9993.47500
10004.27500
10013.10000
10022.25000
10030.22500
10038.90000
10046.72500
10054.42500
10062.10000
10069.80000
10077.52500
10085.25000
10093.02500
10100.85000
10108.72500
10121.10000
10279.50000
10294.12500
10305.32500
10314.05000
10323.37500
10331.35000
10339.80000
10347.62500
10355.32500
10363.00000
10370.70000
10378.40000
10386.15000
10393.92500
10401.75000
10409.82500
10579.32500
10593.75000
10604.92500
10613.40000
10622.22500
10630.17500
10638.37500
10646.22500
10653.95000
10661.62500
10669.32500
10677.02500
10684.77500
10692.55000
10700.35000
10708.22500
10720.70000
10879.07500
10893.00000
10903.80000
10912.47500
10921.67500
10929.67500
10937.47500
10945.30000
10952.97500
10960.62500
10968.30000
10976.00000
10983.72500
10991.47500
10999.30000
11007.15000
11020.20000
11178.82500
11190.75000
11202.05000
11210.92500
11220.75000
11228.77500
11236.50000
11244.15000
11251.77500
11259.42500
11267.07500
11274.75000
11282.45000
11290.20000
11298.00000
11305.85000
11316.92500
11478.85000
11490.85000
11502.17500
11510.85000
11520.47500
11528.50000
11536.17500
11543.80000
11551.42500
11559.05000
11566.70000
11574.35000
11582.07500
11589.82500
11597.60000
11605.45000
11616.12500
11777.77500
11790.17500
11801.90000
11810.65000
11819.77500
11827.77500
11835.45000
11843.07500
11850.67500
11858.27500
11865.92500
11873.57500
11881.27500
11889.02500
11896.80000
11904.65000
11915.32500
12074.72500
12088.95000
12098.20000
12107.32500
12115.30000
12123.80000
12131.57500
12139.22500
12146.82500
12154.42500
12162.05000
12169.70000
12177.37500
12185.10000
12192.87500
12200.67500
12208.52500
12220.90000
12374.45000
12387.72500
12397.45000
12407.10000
12415.10000
12423.82500
12431.60000
12439.25000
12446.87500
12454.47500
12462.10000
12469.75000
12477.42500
12485.15000
12492.90000
12500.72500
12508.57500
12520.92500
12674.52500
12687.87500
12697.52500
12706.77500
12714.82500
12723.40000
12731.15000
12738.80000
12746.40000
12754.00000
12761.60000
12769.25000
12776.92500
12784.62500
12792.40000
12800.20000
12808.05000
12820.60000
12974.87500
12987.35000
12996.57500
13006.50000
13014.62500
13022.82500
13030.85000
13038.50000
13046.12500
13053.72500
13061.35000
13068.97500
13076.65000
13084.37500
13092.12500
13099.92500
13107.77500
13120.50000
13274.55000
13287.30000
13296.40000
13306.25000
13314.42500
13322.47500
13330.35000
13337.97500
13345.55000
13353.12500
13360.75000
13368.37500
13376.02500
13383.75000
13391.50000
13399.27500
13407.12500
13420.20000
13574.12500
13584.87500
13595.47500
13605.90000
13614.02500
13621.82500
13629.45000
13637.02500
13644.60000
13652.17500
13659.77500
13667.40000
13675.05000
13682.75000
13690.47500
13698.27500
13706.10000
13717.47500
13873.62500
13884.42500
13894.82500
13905.40000
13913.42500
13921.10000
13928.67500
13936.22500
13943.77500
13951.35000
13958.92500
13966.52500
13974.17500
13981.87500
13989.60000
13997.40000
14005.22500
14015.80000
14172.82500
14183.30000
14193.20000
14204.60000
14212.62500
14220.30000
14227.87500
14235.42500
14242.97500
14250.52500
14258.10000
14265.70000
14273.35000
14281.02500
14288.77500
14296.55000
14304.37500
14315.12500
14467.60000
14480.72500
14491.22500
14499.42500
14508.00000
14515.82500
14523.47500
14531.05000
14538.60000
14546.15000
14553.72500
14561.32500
14568.95000
14576.60000
14584.30000
14592.05000
14599.85000
14607.67500
14620.45000
14768.17500
14780.65000
14791.07500
14799.30000
14808.27500
14816.07500
14823.70000
14831.27500
14838.82500
14846.37500
14853.92500
14861.52500
14869.12500
14876.80000
14884.50000
14892.25000
14900.02500
14907.87500
14920.55000

