$ Stimulation Interval(ms): 300
$ Delay(ms): 40.783616
$ Number of data : 558
$ TSTOP : 15000
$ PN stimulation current max : 0
$ LN stimulation current max : 15000
46.62500
56.42500
65.12500
73.25000
81.07500
88.70000
96.20000
103.67500
111.10000
118.52500
125.97500
133.42500
140.90000
148.42500
155.97500
163.57500
171.20000
178.87500
186.62500
194.40000
202.25000
217.92500
1399.72500
1692.22500
1707.35000
1986.12500
2002.17500
2272.25000
2287.60000
2302.90000
2565.80000
2587.15000
2596.85000
2608.02500
2857.77500
2873.25000
2888.57500
2898.10000
2908.65000
3157.97500
3173.40000
3183.60000
3195.80000
3206.45000
3450.70000
3466.05000
3479.17500
3490.72500
3499.85000
3508.57500
3743.52500
3759.60000
3774.55000
3783.87500
3793.92500
3802.65000
4043.57500
4059.57500
4069.65000
4081.72500
4091.60000
4100.75000
4109.32500
4336.95000
4352.80000
4365.40000
4376.67500
4385.62500
4394.35000
4402.97500
4630.02500
4645.85000
4659.85000
4669.20000
4678.75000
4687.45000
4695.72500
4704.27500
4722.00000
4929.82500
4945.65000
4960.67500
4969.97500
4979.70000
4988.07500
4996.27500
5004.40000
5021.67500
5223.00000
5238.27500
5250.90000
5262.15000
5271.20000
5280.07500
5288.57500
5296.77500
5304.87500
5321.67500
5516.80000
5531.82500
5545.62500
5554.82500
5564.25000
5572.82500
5581.27500
5589.67500
5597.85000
5605.95000
5815.77500
5831.55000
5845.67500
5855.00000
5864.62500
5873.20000
5881.50000
5889.70000
5897.77500
5905.82500
5922.00000
6115.82500
6131.40000
6145.87500
6155.30000
6165.30000
6173.60000
6181.80000
6189.82500
6197.82500
6205.85000
6221.85000
6415.95000
6431.80000
6446.62500
6455.95000
6465.02500
6473.47500
6481.55000
6489.57500
6497.55000
6505.55000
6521.67500
6715.80000
6731.10000
6740.67500
6750.00000
6758.45000
6766.87500
6775.15000
6783.20000
6791.20000
6799.17500
6807.17500
7008.55000
7024.37500
7036.12500
7047.77500
7056.82500
7064.95000
7073.82500
7081.85000
7089.80000
7097.77500
7105.75000
7121.62500
7302.15000
7318.17500
7331.70000
7340.87500
7350.35000
7358.80000
7366.90000
7374.82500
7382.75000
7390.65000
7398.60000
7406.55000
7422.10000
7601.97500
7617.55000
7632.17500
7641.37500
7651.00000
7659.15000
7667.35000
7675.25000
7683.15000
7691.05000
7698.97500
7706.92500
7902.10000
7917.22500
7927.90000
7939.10000
7947.67500
7956.95000
7964.97500
7972.87500
7980.75000
7988.65000
7996.55000
8004.50000
8021.27500
8201.92500
8217.70000
8228.22500
8238.80000
8247.07500
8256.22500
8264.22500
8272.12500
8279.97500
8287.85000
8295.75000
8303.70000
8321.75000
8502.02500
8516.62500
8526.45000
8535.90000
8544.15000
8552.62500
8560.75000
8568.67500
8576.55000
8584.42500
8592.30000
8600.22500
8608.17500
8795.37500
8810.45000
8822.25000
8833.50000
8842.27500
8850.20000
8858.77500
8866.65000
8874.50000
8882.32500
8890.17500
8898.07500
8906.00000
8921.60000
9094.90000
9108.45000
9119.25000
9127.95000
9136.65000
9144.95000
9152.87500
9160.77500
9168.60000
9176.40000
9184.25000
9192.10000
9200.00000
9207.92500
9394.92500
9407.72500
9418.40000
9427.32500
9436.17500
9444.40000
9452.30000
9460.12500
9467.92500
9475.72500
9483.52500
9491.37500
9499.27500
9507.20000
9522.72500
9690.05000
9703.85000
9716.12500
9726.00000
9735.55000
9743.62500
9751.47500
9759.25000
9767.02500
9774.80000
9782.60000
9790.45000
9798.32500
9806.22500
9821.65000
9988.77500
10003.20000
10013.10000
10024.55000
10032.80000
10041.35000
10049.25000
10057.15000
10064.92500
10072.70000
10080.50000
10088.32500
10096.20000
10104.10000
10121.35000
10288.70000
10303.85000
10313.05000
10322.92500
10331.22500
10341.32500
10349.27500
10357.07500
10364.82500
10372.60000
10380.40000
10388.22500
10396.07500
10403.97500
10421.47500
10588.55000
10603.67500
10612.82500
10622.12500
10630.42500
10638.77500
10646.77500
10654.62500
10662.40000
10670.17500
10677.97500
10685.77500
10693.62500
10701.52500
10709.85000
10888.42500
10902.80000
10912.57500
10921.95000
10930.17500
10938.30000
10946.15000
10953.90000
10961.65000
10969.37500
10977.15000
10984.95000
10992.77500
11000.65000
11008.60000
11188.55000
11202.57500
11211.87500
11221.42500
11229.72500
11237.65000
11245.50000
11253.22500
11260.95000
11268.67500
11276.42500
11284.22500
11292.05000
11299.92500
11307.82500
11488.60000
11502.65000
11511.90000
11521.25000
11529.50000
11537.32500
11545.05000
11552.75000
11560.45000
11568.15000
11575.90000
11583.67500
11591.50000
11599.35000
11607.27500
11622.30000
11788.40000
11802.80000
11812.05000
11821.27500
11829.52500
11837.32500
11845.05000
11852.72500
11860.42500
11868.15000
11875.87500
11883.67500
11891.47500
11899.35000
11907.25000
11922.27500
12082.67500
12095.77500
12106.20000
12114.67500
12123.70000
12131.67500
12139.42500
12147.15000
12154.85000
12162.55000
12170.27500
12178.02500
12185.80000
12193.62500
12201.50000
12209.72500
12382.67500
12396.67500
12406.72500
12415.05000
12424.07500
12431.95000
12439.70000
12447.42500
12455.10000
12462.80000
12470.52500
12478.25000
12486.05000
12493.87500
12501.75000
12510.45000
12681.97500
12696.40000
12706.00000
12714.40000
12723.42500
12731.35000
12739.12500
12746.80000
12754.47500
12762.17500
12769.90000
12777.62500
12785.40000
12793.22500
12801.10000
12809.07500
12982.07500
12995.47500
13005.92500
13014.52500
13022.90000
13031.17500
13039.00000
13046.70000
13054.40000
13062.10000
13069.80000
13077.55000
13085.32500
13093.15000
13101.02500
13108.97500
13281.90000
13295.12500
13305.90000
13314.60000
13322.95000
13330.97500
13338.70000
13346.37500
13354.02500
13361.70000
13369.40000
13377.15000
13384.92500
13392.72500
13400.60000
13408.50000
13581.57500
13595.07500
13605.82500
13614.12500
13622.07500
13629.85000
13637.52500
13645.17500
13652.82500
13660.47500
13668.17500
13675.90000
13683.65000
13691.45000
13699.30000
13707.20000
13722.10000
13881.05000
13893.25000
13905.25000
13913.47500
13921.25000
13928.95000
13936.57500
13944.20000
13951.82500
13959.47500
13967.15000
13974.87500
13982.62500
13990.40000
13998.25000
14006.15000
14021.55000
14179.55000
14191.02500
14199.65000
14208.35000
14216.40000
14224.15000
14231.82500
14239.47500
14247.10000
14254.75000
14262.40000
14270.10000
14277.82500
14285.57500
14293.40000
14301.25000
14309.25000
14478.65000
14490.57500
14499.32500
14508.25000
14516.30000
14524.05000
14531.72500
14539.35000
14547.00000
14554.62500
14562.27500
14569.97500
14577.70000
14585.47500
14593.27500
14601.12500
14609.10000
14775.87500
14789.55000
14798.65000
14808.10000
14816.07500
14823.82500
14831.47500
14839.10000
14846.72500
14854.35000
14862.00000
14869.67500
14877.40000
14885.15000
14892.97500
14900.82500
14908.75000

