$ Stimulation Interval(ms): 300
$ Delay(ms): 38.394134
$ Number of data : 622
$ TSTOP : 15000
$ PN stimulation current max : 0
$ LN stimulation current max : 15000
44.25000
54.05000
62.75000
70.90000
78.70000
86.32500
93.82500
101.30000
108.72500
116.15000
123.60000
131.05000
138.52500
146.05000
153.60000
161.20000
168.82500
176.52500
184.25000
192.05000
199.87500
209.90000
804.57500
1090.50000
1106.82500
1390.00000
1405.87500
1676.22500
1692.12500
1706.22500
1974.65000
1990.97500
2003.07500
2261.25000
2277.57500
2291.45000
2303.45000
2316.45000
2560.60000
2576.72500
2588.77500
2603.67500
2616.20000
2847.17500
2863.55000
2877.42500
2889.37500
2898.37500
2908.20000
3146.60000
3162.62500
3174.45000
3189.05000
3198.12500
3207.80000
3221.62500
3433.90000
3449.32500
3463.47500
3475.32500
3484.55000
3494.20000
3502.80000
3516.30000
3733.20000
3749.47500
3762.37500
3774.55000
3783.47500
3793.25000
3801.85000
3813.85000
4031.40000
4047.45000
4060.22500
4074.62500
4083.65000
4093.10000
4101.80000
4112.35000
4321.37500
4335.35000
4348.85000
4360.70000
4369.80000
4378.87500
4387.40000
4395.92500
4404.30000
4415.20000
4619.65000
4635.47500
4648.90000
4660.42500
4669.30000
4678.67500
4687.17500
4695.40000
4703.77500
4714.52500
4919.57500
4935.82500
4948.72500
4960.95000
4969.80000
4979.52500
4987.82500
4996.00000
5004.10000
5014.75000
5218.47500
5233.85000
5246.30000
5255.75000
5265.30000
5273.67500
5282.80000
5291.00000
5299.07500
5307.15000
5320.15000
5506.77500
5521.20000
5534.92500
5546.82500
5555.67500
5564.72500
5573.12500
5581.52500
5589.75000
5597.85000
5605.92500
5617.42500
5806.32500
5821.40000
5834.37500
5846.32500
5855.07500
5864.52500
5872.95000
5881.20000
5889.32500
5897.37500
5905.40000
5916.30000
6106.15000
6121.67500
6134.30000
6146.22500
6155.02500
6164.87500
6173.10000
6181.25000
6189.27500
6197.27500
6205.27500
6216.02500
6405.82500
6421.22500
6433.62500
6446.50000
6455.37500
6464.17500
6472.52500
6480.55000
6488.52500
6496.50000
6504.50000
6515.00000
6704.12500
6719.45000
6731.62500
6740.57500
6749.87500
6758.20000
6766.65000
6774.82500
6782.82500
6790.77500
6798.75000
6806.75000
6819.10000
6992.60000
7007.10000
7020.55000
7032.25000
7040.97500
7050.02500
7058.37500
7066.45000
7074.67500
7082.67500
7090.62500
7098.57500
7106.57500
7118.45000
7292.07500
7307.30000
7320.40000
7332.20000
7341.02500
7350.17500
7358.55000
7366.55000
7374.47500
7382.37500
7390.27500
7398.20000
7406.17500
7417.55000
7592.97500
7607.77500
7620.67500
7632.75000
7641.40000
7650.92500
7659.05000
7667.12500
7675.05000
7682.95000
7690.85000
7698.77500
7706.75000
7718.87500
7892.30000
7907.87500
7920.35000
7932.37500
7941.15000
7950.12500
7958.37500
7966.32500
7974.22500
7982.10000
7989.97500
7997.90000
8005.85000
8016.85000
8192.52500
8208.12500
8220.10000
8232.77500
8241.45000
8249.82500
8258.07500
8266.00000
8273.85000
8281.70000
8289.60000
8297.50000
8305.45000
8316.10000
8491.82500
8506.32500
8517.85000
8526.82500
8536.15000
8544.30000
8552.80000
8560.85000
8568.75000
8576.60000
8584.47500
8592.35000
8600.27500
8608.22500
8620.62500
8791.75000
8806.17500
8817.70000
8826.42500
8835.37500
8843.65000
8851.57500
8859.77500
8867.65000
8875.47500
8883.32500
8891.20000
8899.10000
8907.05000
8919.57500
9089.82500
9105.00000
9117.15000
9125.87500
9135.15000
9143.45000
9151.35000
9159.17500
9166.97500
9174.77500
9182.60000
9190.45000
9198.35000
9206.27500
9217.57500
9389.07500
9404.95000
9417.15000
9425.92500
9435.30000
9443.42500
9451.27500
9459.07500
9466.85000
9474.65000
9482.45000
9490.30000
9498.20000
9506.12500
9517.25000
9688.80000
9704.17500
9715.32500
9724.72500
9733.90000
9741.97500
9749.80000
9757.57500
9765.32500
9773.10000
9780.90000
9788.75000
9796.62500
9804.52500
9814.90000
9979.97500
9994.17500
10005.67500
10015.40000
10024.70000
10032.90000
10041.12500
10048.97500
10056.75000
10064.50000
10072.27500
10080.07500
10087.90000
10095.75000
10103.67500
10113.82500
10279.15000
10294.00000
10306.15000
10318.15000
10326.82500
10334.75000
10343.05000
10350.90000
10358.67500
10366.42500
10374.20000
10382.00000
10389.82500
10397.70000
10405.62500
10416.27500
10579.07500
10594.10000
10605.87500
10614.67500
10623.82500
10631.85000
10640.17500
10648.02500
10655.77500
10663.52500
10671.27500
10679.05000
10686.87500
10694.72500
10702.62500
10712.72500
10879.07500
10893.35000
10904.40000
10913.17500
10922.50000
10930.57500
10938.87500
10946.70000
10954.45000
10962.20000
10969.92500
10977.70000
10985.52500
10993.35000
11001.25000
11009.52500
11021.40000
11178.92500
11192.82500
11203.72500
11212.40000
11221.40000
11229.52500
11237.32500
11245.15000
11252.85000
11260.57500
11268.30000
11276.05000
11283.85000
11291.67500
11299.55000
11307.47500
11320.07500
11478.42500
11492.47500
11503.82500
11512.45000
11521.55000
11529.62500
11537.42500
11545.15000
11552.85000
11560.55000
11568.27500
11576.02500
11583.82500
11591.65000
11599.52500
11607.45000
11620.05000
11778.75000
11792.05000
11803.47500
11812.15000
11821.27500
11829.40000
11837.20000
11844.90000
11852.60000
11860.30000
11868.02500
11875.77500
11883.55000
11891.37500
11899.25000
11907.17500
11919.60000
12078.85000
12092.22500
12103.95000
12112.55000
12121.37500
12129.27500
12137.02500
12144.70000
12152.37500
12160.07500
12167.77500
12175.52500
12183.30000
12191.12500
12199.00000
12206.90000
12218.67500
12378.20000
12391.27500
12400.22500
12409.82500
12417.80000
12426.12500
12433.92500
12441.62500
12449.27500
12456.95000
12464.65000
12472.37500
12480.12500
12487.92500
12495.77500
12503.67500
12513.80000
12678.45000
12690.22500
12699.10000
12708.90000
12716.87500
12725.42500
12733.25000
12740.95000
12748.62500
12756.30000
12764.00000
12771.70000
12779.47500
12787.25000
12795.10000
12803.00000
12813.10000
12978.65000
12991.52500
13000.22500
13010.02500
13017.97500
13026.80000
13034.60000
13042.27500
13049.92500
13057.60000
13065.30000
13073.02500
13080.77500
13088.60000
13096.45000
13104.35000
13114.60000
13277.35000
13291.15000
13299.52500
13308.17500
13316.17500
13324.25000
13332.00000
13339.67500
13347.32500
13354.97500
13362.65000
13370.35000
13378.10000
13385.87500
13393.70000
13401.57500
13410.15000
13421.92500
13576.60000
13589.12500
13598.12500
13607.55000
13615.55000
13623.60000
13631.35000
13639.00000
13646.65000
13654.30000
13661.95000
13669.65000
13677.40000
13685.17500
13693.00000
13700.87500
13708.87500
13720.92500
13876.50000
13889.00000
13897.95000
13907.25000
13915.30000
13923.05000
13930.72500
13938.35000
13945.97500
13953.62500
13961.27500
13968.97500
13976.70000
13984.47500
13992.30000
14000.17500
14008.07500
14020.50000
14168.17500
14180.90000
14191.62500
14199.97500
14208.45000
14216.42500
14224.17500
14231.82500
14239.45000
14247.07500
14254.72500
14262.37500
14270.07500
14277.80000
14285.57500
14293.40000
14301.27500
14309.47500
14321.32500
14467.17500
14480.82500
14491.17500
14499.50000
14508.12500
14516.10000
14523.82500
14531.47500
14539.10000
14546.72500
14554.35000
14562.02500
14569.70000
14577.45000
14585.22500
14593.02500
14600.90000
14608.90000
14620.95000
14767.32500
14780.72500
14791.10000
14799.50000
14808.65000
14816.57500
14824.27500
14831.92500
14839.55000
14847.15000
14854.80000
14862.45000
14870.15000
14877.87500
14885.65000
14893.47500
14901.35000
14909.57500
14921.37500

