$ Stimulation Interval(ms): 300
$ Delay(ms): 230.755971
$ Number of data : 669
$ TSTOP : 15000
$ PN stimulation current max : 0
$ LN stimulation current max : 15000
235.55000
248.50000
261.42500
274.35000
287.37500
300.55000
313.87500
327.35000
341.00000
354.82500
368.82500
383.05000
397.47500
412.17500
427.12500
442.40000
457.97500
473.85000
490.07500
506.77500
538.12500
551.00000
564.00000
577.00000
590.12500
603.40000
616.82500
630.42500
644.20000
658.17500
672.32500
686.72500
701.35000
716.25000
731.45000
747.00000
762.82500
779.00000
795.70000
838.25000
851.17500
864.25000
877.30000
890.47500
903.82500
917.32500
931.02500
944.90000
958.95000
973.25000
987.77500
1002.57500
1017.65000
1033.10000
1048.77500
1064.77500
1081.12500
1097.90000
1138.22500
1151.20000
1164.30000
1177.40000
1190.62500
1204.02500
1217.60000
1231.32500
1245.27500
1259.40000
1273.77500
1288.40000
1303.30000
1318.55000
1334.10000
1350.00000
1366.27500
1382.90000
1399.90000
1438.27500
1451.30000
1464.45000
1477.57500
1490.87500
1504.32500
1517.95000
1531.75000
1545.75000
1559.97500
1574.42500
1589.15000
1604.17500
1619.57500
1635.27500
1651.32500
1667.75000
1684.75000
1702.05000
1738.42500
1751.50000
1764.67500
1777.85000
1791.20000
1804.70000
1818.37500
1832.25000
1846.32500
1860.62500
1875.17500
1890.02500
1905.17500
1920.70000
1936.52500
1952.67500
1969.37500
1986.57500
2038.37500
2051.47500
2064.70000
2077.90000
2091.27500
2104.82500
2118.55000
2132.47500
2146.60000
2160.97500
2175.62500
2190.55000
2205.82500
2221.40000
2237.30000
2253.52500
2270.47500
2287.72500
2338.42500
2351.52500
2364.80000
2378.05000
2391.45000
2405.05000
2418.82500
2432.80000
2447.00000
2461.42500
2476.15000
2491.17500
2506.57500
2522.25000
2538.22500
2554.67500
2571.80000
2638.45000
2651.60000
2664.90000
2678.17500
2691.62500
2705.25000
2719.07500
2733.10000
2747.37500
2761.87500
2776.67500
2791.82500
2807.30000
2823.07500
2839.22500
2855.97500
2873.47500
2938.47500
2951.65000
2964.97500
2978.27500
2991.77500
3005.45000
3019.32500
3033.40000
3047.70000
3062.27500
3077.17500
3092.40000
3107.95000
3123.82500
3140.02500
3156.82500
3238.50000
3251.70000
3265.05000
3278.40000
3291.92500
3305.62500
3319.52500
3333.65000
3348.02500
3362.67500
3377.62500
3392.97500
3408.65000
3424.67500
3441.25000
3538.50000
3551.75000
3565.12500
3578.50000
3592.05000
3605.77500
3619.72500
3633.90000
3648.32500
3663.02500
3678.07500
3693.42500
3709.07500
3725.10000
3741.80000
3838.52500
3851.80000
3865.20000
3878.57500
3892.17500
3905.95000
3919.92500
3934.15000
3948.62500
3963.40000
3978.52500
3993.95000
4009.70000
4025.85000
4043.00000
4138.55000
4151.82500
4165.25000
4178.67500
4192.30000
4206.10000
4220.12500
4234.37500
4248.92500
4263.75000
4278.92500
4294.40000
4310.27500
4326.52500
4343.62500
4438.55000
4451.87500
4465.32500
4478.77500
4492.42500
4506.25000
4520.32500
4534.62500
4549.20000
4564.10000
4579.37500
4594.90000
4610.80000
4627.25000
4644.67500
4738.57500
4751.92500
4765.40000
4778.85000
4792.55000
4806.42500
4820.52500
4834.87500
4849.50000
4864.47500
4879.75000
4895.40000
4911.37500
4928.05000
4945.25000
5038.60000
5051.95000
5065.45000
5078.95000
5092.65000
5106.57500
5120.70000
5135.10000
5149.80000
5164.82500
5180.15000
5195.82500
5211.92500
5229.32500
5338.60000
5352.00000
5365.52500
5379.02500
5392.77500
5406.72500
5420.87500
5435.32500
5450.05000
5465.17500
5480.55000
5496.32500
5512.57500
5529.82500
5638.62500
5652.02500
5665.57500
5679.12500
5692.87500
5706.85000
5721.05000
5735.55000
5750.32500
5765.50000
5780.90000
5796.70000
5813.17500
5938.62500
5952.05000
5965.62500
5979.20000
5992.97500
6006.97500
6021.22500
6035.75000
6050.57500
6065.80000
6081.30000
6097.10000
6113.57500
6131.22500
6238.65000
6252.10000
6265.70000
6279.27500
6293.07500
6307.12500
6321.40000
6335.95000
6350.85000
6366.10000
6381.65000
6397.57500
6414.17500
6431.37500
6538.67500
6552.12500
6565.75000
6579.35000
6593.20000
6607.25000
6621.57500
6636.17500
6651.12500
6666.42500
6682.02500
6698.00000
6714.80000
6838.67500
6852.15000
6865.80000
6879.42500
6893.30000
6907.37500
6921.72500
6936.37500
6951.37500
6966.70000
6982.35000
6998.45000
7015.37500
7138.70000
7152.20000
7165.85000
7179.50000
7193.37500
7207.50000
7221.90000
7236.57500
7251.62500
7266.97500
7282.72500
7298.97500
7316.20000
7438.70000
7452.22500
7465.90000
7479.57500
7493.47500
7507.62500
7522.05000
7536.77500
7551.90000
7567.27500
7583.00000
7599.20000
7616.32500
7738.72500
7752.25000
7765.95000
7779.62500
7793.57500
7807.75000
7822.20000
7836.97500
7852.12500
7867.52500
7883.27500
7899.67500
7916.77500
8038.72500
8052.27500
8066.00000
8079.70000
8093.67500
8107.87500
8122.37500
8137.17500
8152.35000
8167.82500
8183.65000
8199.97500
8216.95000
8338.72500
8352.32500
8366.05000
8379.77500
8393.77500
8408.00000
8422.52500
8437.40000
8452.60000
8468.12500
8484.02500
8500.60000
8638.75000
8652.35000
8666.10000
8679.85000
8693.85000
8708.12500
8722.67500
8737.57500
8752.80000
8768.35000
8784.27500
8800.87500
8938.75000
8952.37500
8966.15000
8979.90000
8993.95000
9008.22500
9022.80000
9037.75000
9053.02500
9068.62500
9084.70000
9101.55000
9238.77500
9252.40000
9266.20000
9279.97500
9294.02500
9308.35000
9322.95000
9337.95000
9353.22500
9368.85000
9384.85000
9401.47500
9538.77500
9552.42500
9566.22500
9580.02500
9594.10000
9608.45000
9623.10000
9638.12500
9653.47500
9669.12500
9685.25000
9702.25000
9720.67500
9838.80000
9852.45000
9866.27500
9880.10000
9894.20000
9908.57500
9923.25000
9938.35000
9953.75000
9969.47500
9985.67500
10002.75000
10138.80000
10152.47500
10166.32500
10180.15000
10194.30000
10208.67500
10223.40000
10238.50000
10253.90000
10269.67500
10286.17500
10438.80000
10452.50000
10466.37500
10480.20000
10494.37500
10508.77500
10523.52500
10538.65000
10554.07500
10569.87500
10586.20000
10738.82500
10752.52500
10766.40000
10780.27500
10794.45000
10808.87500
10823.67500
10838.80000
10854.25000
10870.15000
10886.67500
11038.82500
11052.55000
11066.45000
11080.32500
11094.50000
11108.97500
11123.80000
11138.95000
11154.45000
11170.42500
11187.25000
11338.82500
11352.57500
11366.47500
11380.37500
11394.57500
11409.07500
11423.92500
11439.10000
11454.62500
11470.55000
11487.10000
11638.85000
11652.60000
11666.52500
11680.42500
11694.65000
11709.17500
11724.05000
11739.27500
11754.82500
11770.85000
11787.52500
11938.85000
11952.62500
11966.55000
11980.47500
11994.72500
12009.27500
12024.20000
12039.42500
12054.95000
12070.95000
12087.52500
12238.85000
12252.65000
12266.60000
12280.52500
12294.80000
12309.37500
12324.32500
12339.62500
12355.22500
12371.22500
12387.90000
12538.87500
12552.65000
12566.62500
12580.57500
12594.87500
12609.47500
12624.45000
12639.77500
12655.42500
12671.55000
12688.60000
12838.87500
12852.67500
12866.67500
12880.65000
12894.95000
12909.57500
12924.60000
12940.02500
12955.72500
12971.92500
12988.62500
13138.87500
13152.70000
13166.70000
13180.70000
13195.02500
13209.67500
13224.70000
13240.10000
13255.85000
13272.00000
13289.07500
13438.90000
13452.72500
13466.75000
13480.75000
13495.10000
13509.77500
13524.82500
13540.20000
13555.95000
13572.07500
13588.97500
13738.90000
13752.75000
13766.77500
13780.80000
13795.17500
13809.87500
13824.92500
13840.32500
13856.10000
13872.32500
14038.90000
14052.77500
14066.82500
14080.85000
14095.25000
14109.95000
14125.05000
14140.42500
14156.20000
14172.60000
14338.92500
14352.80000
14366.85000
14380.90000
14395.30000
14410.05000
14425.15000
14440.57500
14456.40000
14472.82500
14638.92500
14652.80000
14666.87500
14680.92500
14695.37500
14710.12500
14725.27500
14740.77500
14756.67500
14773.07500
14938.92500
14952.82500
14966.92500
14980.97500
14995.42500

