$ Stimulation Interval(ms): 300
$ Delay(ms): 234.793293
$ Number of data : 655
$ TSTOP : 15000
$ PN stimulation current max : 0
$ LN stimulation current max : 15000
239.62500
252.65000
265.65000
278.62500
291.72500
304.97500
318.37500
331.95000
345.70000
359.62500
373.80000
388.17500
402.80000
417.67500
432.82500
448.27500
464.07500
480.07500
496.40000
542.37500
555.32500
568.40000
581.45000
594.65000
608.00000
621.52500
635.22500
649.10000
663.22500
677.55000
692.15000
706.97500
722.10000
737.50000
753.22500
769.15000
785.40000
802.07500
842.30000
855.32500
868.45000
881.55000
894.80000
908.22500
921.82500
935.60000
949.57500
963.77500
978.20000
992.90000
1007.85000
1023.07500
1038.55000
1054.25000
1070.27500
1086.70000
1103.55000
1142.35000
1155.42500
1168.57500
1181.72500
1195.05000
1208.52500
1222.20000
1236.05000
1250.10000
1264.40000
1278.95000
1293.75000
1308.85000
1324.25000
1339.85000
1355.67500
1371.82500
1388.50000
1405.90000
1442.50000
1455.62500
1468.82500
1482.02500
1495.40000
1508.95000
1522.67500
1536.60000
1550.75000
1565.15000
1579.80000
1594.75000
1610.00000
1625.50000
1641.15000
1657.17500
1673.57500
1690.37500
1742.47500
1755.62500
1768.87500
1782.12500
1795.52500
1809.12500
1822.90000
1836.90000
1851.12500
1865.60000
1880.35000
1895.40000
1910.72500
1926.25000
1941.97500
1958.05000
1974.62500
1992.22500
2042.50000
2055.70000
2068.97500
2082.27500
2095.72500
2109.37500
2123.20000
2137.25000
2151.55000
2166.10000
2180.95000
2196.10000
2211.50000
2227.12500
2243.00000
2259.15000
2275.90000
2342.55000
2355.75000
2369.07500
2382.40000
2395.90000
2409.60000
2423.47500
2437.60000
2451.95000
2466.57500
2481.50000
2496.72500
2512.22500
2527.92500
2543.85000
2560.25000
2577.22500
2642.57500
2655.82500
2669.17500
2682.52500
2696.07500
2709.80000
2723.75000
2737.90000
2752.32500
2767.05000
2782.07500
2797.35000
2812.90000
2828.65000
2844.67500
2861.15000
2878.90000
2942.60000
2955.87500
2969.27500
2982.65000
2996.22500
3010.00000
3024.00000
3038.22500
3052.70000
3067.50000
3082.60000
3097.97500
3113.50000
3129.30000
3145.45000
3162.20000
3242.60000
3255.92500
3269.35000
3282.75000
3296.37500
3310.20000
3324.22500
3338.50000
3353.07500
3367.92500
3383.10000
3398.50000
3414.07500
3429.92500
3446.15000
3462.97500
3542.62500
3555.97500
3569.42500
3582.87500
3596.52500
3610.37500
3624.45000
3638.80000
3653.40000
3668.35000
3683.52500
3698.97500
3714.65000
3730.62500
3747.00000
3764.15000
3842.65000
3856.02500
3869.50000
3882.97500
3896.67500
3910.57500
3924.70000
3939.07500
3953.75000
3968.77500
3984.02500
3999.55000
4015.35000
4031.30000
4047.77500
4142.67500
4156.07500
4169.57500
4183.07500
4196.80000
4210.72500
4224.90000
4239.35000
4254.07500
4269.15000
4284.47500
4300.07500
4315.85000
4331.92500
4348.65000
4442.67500
4456.10000
4469.65000
4483.17500
4496.92500
4510.90000
4525.12500
4539.60000
4554.40000
4569.55000
4584.90000
4600.55000
4616.45000
4632.70000
4649.75000
4742.70000
4756.15000
4769.72500
4783.27500
4797.05000
4811.07500
4825.32500
4839.85000
4854.72500
4869.90000
4885.30000
4900.92500
4916.92500
4933.27500
4950.97500
5042.72500
5056.20000
5069.77500
5083.37500
5097.17500
5111.22500
5125.52500
5140.12500
5155.05000
5170.27500
5185.67500
5201.35000
5217.30000
5233.80000
5342.72500
5356.22500
5369.85000
5383.45000
5397.30000
5411.37500
5425.72500
5440.37500
5455.37500
5470.60000
5486.07500
5501.80000
5517.72500
5534.35000
5642.75000
5656.27500
5669.90000
5683.52500
5697.42500
5711.52500
5725.92500
5740.62500
5755.67500
5770.97500
5786.50000
5802.35000
5818.40000
5835.25000
5942.77500
5956.30000
5969.97500
5983.62500
5997.52500
6011.67500
6026.12500
6040.85000
6055.97500
6071.32500
6086.92500
6102.77500
6118.92500
6135.90000
6242.77500
6256.35000
6270.02500
6283.70000
6297.65000
6311.82500
6326.30000
6341.10000
6356.30000
6371.67500
6387.32500
6403.12500
6419.37500
6436.57500
6542.80000
6556.37500
6570.10000
6583.80000
6597.77500
6611.97500
6626.50000
6641.35000
6656.62500
6672.07500
6687.82500
6703.70000
6720.15000
6842.80000
6856.42500
6870.15000
6883.87500
6897.87500
6912.12500
6926.67500
6941.60000
6956.82500
6972.25000
6988.02500
7003.97500
7020.55000
7142.82500
7156.45000
7170.20000
7183.95000
7197.97500
7212.27500
7226.85000
7241.82500
7257.05000
7272.50000
7288.35000
7304.37500
7321.27500
7442.82500
7456.47500
7470.25000
7484.02500
7498.07500
7512.40000
7527.05000
7542.07500
7557.35000
7572.87500
7588.75000
7604.82500
7621.87500
7742.85000
7756.52500
7770.30000
7784.10000
7798.17500
7812.55000
7827.22500
7842.30000
7857.62500
7873.22500
7889.12500
7905.30000
8042.85000
8056.55000
8070.35000
8084.17500
8098.27500
8112.67500
8127.40000
8142.52500
8157.87500
8173.52500
8189.30000
8205.62500
8222.60000
8342.87500
8356.57500
8370.42500
8384.25000
8398.37500
8412.80000
8427.57500
8442.75000
8458.17500
8473.87500
8489.75000
8506.07500
8642.87500
8656.60000
8670.45000
8684.30000
8698.47500
8712.92500
8727.75000
8742.97500
8758.40000
8774.15000
8790.07500
8806.60000
8942.90000
8956.62500
8970.50000
8984.37500
8998.57500
9013.05000
9027.92500
9043.22500
9058.72500
9074.52500
9090.47500
9107.02500
9242.90000
9256.67500
9270.55000
9284.45000
9298.67500
9313.20000
9328.10000
9343.45000
9358.95000
9374.92500
9391.05000
9407.97500
9542.92500
9556.70000
9570.60000
9584.52500
9598.77500
9613.32500
9628.27500
9643.60000
9659.10000
9675.02500
9691.05000
9707.75000
9842.92500
9856.72500
9870.65000
9884.57500
9898.85000
9913.45000
9928.45000
9943.75000
9959.32500
9975.35000
9991.52500
10142.92500
10156.75000
10170.70000
10184.65000
10198.95000
10213.57500
10228.62500
10243.92500
10259.50000
10275.32500
10291.52500
10442.95000
10456.77500
10470.75000
10484.70000
10499.02500
10513.67500
10528.77500
10544.12500
10559.72500
10575.67500
10592.07500
10742.95000
10756.80000
10770.77500
10784.75000
10799.10000
10813.80000
10828.95000
10844.35000
10860.02500
10876.05000
10892.65000
11042.95000
11056.82500
11070.82500
11084.82500
11099.20000
11113.92500
11129.10000
11144.55000
11160.30000
11176.20000
11192.77500
11342.97500
11356.85000
11370.87500
11384.87500
11399.27500
11414.05000
11429.25000
11444.72500
11460.55000
11476.57500
11493.32500
11642.97500
11656.87500
11670.90000
11684.95000
11699.37500
11714.17500
11729.42500
11744.92500
11760.82500
11776.85000
11793.72500
11943.00000
11956.90000
11970.95000
11985.00000
11999.45000
12014.30000
12029.60000
12045.15000
12061.10000
12077.17500
12243.00000
12256.92500
12271.00000
12285.05000
12299.52500
12314.40000
12329.77500
12345.20000
12361.02500
12377.05000
12543.00000
12556.95000
12571.02500
12585.10000
12599.60000
12614.50000
12629.92500
12645.42500
12661.32500
12677.60000
12843.00000
12856.95000
12871.07500
12885.15000
12899.67500
12914.62500
12930.07500
12945.60000
12961.57500
12978.02500
13143.02500
13156.97500
13171.10000
13185.20000
13199.75000
13214.72500
13230.07500
13245.60000
13261.47500
13278.02500
13443.02500
13457.00000
13471.15000
13485.27500
13499.82500
13514.82500
13530.17500
13545.72500
13561.70000
13743.02500
13757.02500
13771.17500
13785.30000
13799.90000
13814.92500
13830.27500
13845.90000
13861.90000
14043.05000
14057.05000
14071.20000
14085.35000
14099.97500
14115.02500
14130.37500
14145.97500
14161.85000
14343.05000
14357.05000
14371.22500
14385.40000
14400.02500
14415.12500
14430.52500
14446.25000
14462.17500
14479.20000
14643.05000
14657.07500
14671.27500
14685.45000
14700.10000
14715.22500
14730.67500
14746.37500
14762.30000
14943.05000
14957.10000
14971.30000
14985.50000

