$ Stimulation Interval(ms): 300
$ Delay(ms): 234.963857
$ Number of data : 660
$ TSTOP : 15000
$ PN stimulation current max : 0
$ LN stimulation current max : 15000
239.75000
252.77500
265.75000
278.70000
291.75000
304.95000
318.32500
331.85000
345.55000
359.42500
373.47500
387.75000
402.27500
417.00000
432.02500
447.37500
463.05000
479.00000
495.17500
511.85000
542.27500
555.22500
568.25000
581.27500
594.42500
607.72500
621.20000
634.85000
648.65000
662.67500
676.90000
691.35000
706.02500
720.97500
736.30000
751.92500
767.77500
783.87500
800.27500
842.52500
855.50000
868.60000
881.67500
894.90000
908.30000
921.85000
935.57500
949.50000
963.62500
977.95000
992.55000
1007.37500
1022.50000
1037.97500
1053.70000
1069.70000
1086.10000
1102.85000
1142.47500
1155.52500
1168.65000
1181.77500
1195.07500
1208.50000
1222.12500
1235.90000
1249.90000
1264.10000
1278.52500
1293.20000
1308.12500
1323.42500
1339.05000
1354.87500
1370.95000
1387.45000
1404.67500
1442.55000
1455.65000
1468.82500
1482.00000
1495.32500
1508.82500
1522.50000
1536.35000
1550.40000
1564.67500
1579.20000
1594.00000
1609.05000
1624.47500
1640.17500
1656.12500
1672.35000
1689.12500
1742.62500
1755.75000
1768.95000
1782.17500
1795.55000
1809.07500
1822.82500
1836.72500
1850.85000
1865.22500
1879.82500
1894.70000
1909.90000
1925.40000
1941.25000
1957.35000
1973.82500
1991.12500
2042.65000
2055.80000
2069.05000
2082.30000
2095.72500
2109.32500
2123.10000
2137.07500
2151.25000
2165.67500
2180.37500
2195.32500
2210.65000
2226.27500
2242.30000
2258.45000
2275.12500
2342.70000
2355.87500
2369.17500
2382.45000
2395.90000
2409.52500
2423.37500
2437.40000
2451.65000
2466.12500
2480.90000
2495.95000
2511.30000
2527.05000
2543.05000
2559.37500
2576.32500
2642.72500
2655.92500
2669.25000
2682.57500
2696.07500
2709.75000
2723.62500
2737.70000
2752.00000
2766.55000
2781.40000
2796.55000
2812.00000
2827.80000
2843.95000
2860.42500
2877.90000
2942.72500
2955.97500
2969.35000
2982.67500
2996.22500
3009.95000
3023.85000
3037.97500
3052.35000
3066.97500
3081.90000
3097.12500
3112.65000
3128.52500
3144.72500
3161.47500
3242.75000
3256.02500
3269.42500
3282.80000
3296.37500
3310.12500
3324.07500
3338.25000
3352.67500
3367.37500
3382.35000
3397.62500
3413.25000
3429.22500
3445.42500
3462.52500
3542.77500
3556.07500
3569.50000
3582.90000
3596.50000
3610.30000
3624.30000
3638.52500
3653.00000
3667.75000
3682.77500
3698.15000
3713.92500
3729.87500
3746.27500
3763.47500
3842.80000
3856.12500
3869.57500
3883.00000
3896.65000
3910.47500
3924.52500
3938.80000
3953.32500
3968.15000
3983.25000
3998.70000
4014.57500
4030.57500
4047.20000
4142.82500
4156.17500
4169.65000
4183.10000
4196.77500
4210.62500
4224.72500
4239.02500
4253.60000
4268.47500
4283.65000
4299.20000
4315.05000
4331.17500
4348.12500
4442.82500
4456.22500
4469.70000
4483.20000
4496.90000
4510.80000
4524.92500
4539.27500
4553.90000
4568.82500
4584.05000
4599.70000
4615.67500
4631.95000
4742.85000
4756.25000
4769.77500
4783.27500
4797.00000
4810.95000
4825.10000
4839.50000
4854.17500
4869.12500
4884.40000
4900.10000
4916.17500
4932.67500
4949.80000
5042.87500
5056.30000
5069.85000
5083.37500
5097.12500
5111.10000
5125.30000
5139.72500
5154.47500
5169.50000
5184.82500
5200.60000
5216.57500
5233.45000
5342.87500
5356.32500
5369.90000
5383.45000
5397.25000
5411.25000
5425.47500
5439.95000
5454.75000
5469.82500
5485.25000
5501.05000
5517.05000
5534.12500
5642.90000
5656.37500
5669.97500
5683.55000
5697.35000
5711.37500
5725.65000
5740.17500
5755.02500
5770.15000
5785.65000
5801.52500
5817.67500
5942.90000
5956.40000
5970.02500
5983.62500
5997.45000
6011.52500
6025.80000
6040.37500
6055.25000
6070.45000
6086.07500
6101.95000
6118.17500
6135.30000
6242.92500
6256.45000
6270.07500
6283.70000
6297.57500
6311.65000
6326.00000
6340.60000
6355.55000
6370.75000
6386.42500
6402.37500
6418.85000
6438.55000
6542.92500
6556.47500
6570.15000
6583.77500
6597.67500
6611.80000
6626.17500
6640.82500
6655.82500
6671.07500
6686.75000
6702.65000
6719.37500
6842.95000
6856.52500
6870.20000
6883.85000
6897.77500
6911.92500
6926.32500
6941.02500
6956.02500
6971.32500
6987.12500
7003.05000
7020.12500
7142.95000
7156.55000
7170.25000
7183.92500
7197.87500
7212.05000
7226.50000
7241.25000
7256.27500
7271.62500
7287.45000
7303.45000
7442.97500
7456.57500
7470.30000
7484.00000
7497.97500
7512.17500
7526.65000
7541.42500
7556.50000
7571.95000
7587.85000
7604.00000
7742.97500
7756.60000
7770.35000
7784.07500
7798.05000
7812.27500
7826.80000
7841.62500
7856.72500
7872.25000
7888.15000
7904.35000
8043.00000
8056.62500
8070.40000
8084.12500
8098.15000
8112.40000
8126.92500
8141.80000
8156.95000
8172.57500
8188.35000
8204.77500
8343.00000
8356.65000
8370.42500
8384.20000
8398.22500
8412.52500
8427.07500
8442.00000
8457.17500
8472.72500
8488.55000
8505.40000
8522.55000
8643.02500
8656.70000
8670.50000
8684.27500
8698.32500
8712.65000
8727.25000
8742.20000
8757.42500
8773.10000
8788.95000
8806.05000
8943.02500
8956.72500
8970.52500
8984.32500
8998.42500
9012.77500
9027.40000
9042.40000
9057.65000
9073.40000
9089.27500
9243.02500
9256.75000
9270.57500
9284.40000
9298.50000
9312.87500
9327.55000
9342.55000
9357.85000
9373.60000
9389.55000
9543.05000
9556.77500
9570.62500
9584.45000
9598.57500
9612.97500
9627.67500
9642.70000
9658.05000
9673.97500
9689.95000
9706.62500
9843.05000
9856.80000
9870.67500
9884.52500
9898.67500
9913.10000
9927.82500
9942.87500
9958.25000
9974.25000
9990.32500
10006.77500
10143.07500
10156.82500
10170.70000
10184.57500
10198.75000
10213.20000
10228.00000
10243.07500
10258.55000
10274.32500
10290.62500
10443.07500
10456.85000
10470.75000
10484.62500
10498.82500
10513.30000
10528.12500
10543.25000
10558.77500
10574.52500
10590.92500
10743.07500
10756.87500
10770.80000
10784.70000
10798.92500
10813.42500
10828.27500
10843.42500
10858.95000
10874.80000
10891.42500
10908.75000
11043.10000
11056.90000
11070.85000
11084.75000
11099.00000
11113.52500
11128.42500
11143.55000
11159.07500
11174.90000
11343.10000
11356.92500
11370.87500
11384.80000
11399.07500
11413.62500
11428.55000
11443.72500
11459.32500
11475.25000
11643.10000
11656.95000
11670.90000
11684.85000
11699.15000
11713.72500
11728.67500
11743.90000
11759.60000
11775.42500
11943.12500
11956.97500
11970.95000
11984.90000
11999.20000
12013.80000
12028.77500
12044.02500
12059.75000
12075.65000
12092.95000
12243.12500
12257.00000
12270.97500
12284.95000
12299.27500
12313.92500
12328.92500
12344.22500
12360.00000
12375.92500
12392.45000
12543.12500
12557.02500
12571.02500
12585.02500
12599.37500
12614.02500
12629.05000
12644.40000
12660.25000
12676.25000
12692.57500
12709.67500
12843.15000
12857.05000
12871.07500
12885.07500
12899.45000
12914.15000
12929.22500
12944.60000
12960.42500
12976.52500
13143.15000
13157.07500
13171.10000
13185.12500
13199.52500
13214.25000
13229.27500
13244.65000
13260.42500
13276.62500
13443.15000
13457.07500
13471.15000
13485.17500
13499.60000
13514.32500
13529.37500
13544.80000
13560.47500
13576.85000
13593.65000
13743.17500
13757.10000
13771.17500
13785.22500
13799.67500
13814.45000
13829.52500
13845.00000
13860.67500
13877.10000
13894.10000
14043.17500
14057.12500
14071.22500
14085.30000
14099.75000
14114.55000
14129.67500
14145.15000
14160.85000
14177.45000
14343.17500
14357.15000
14371.25000
14385.35000
14399.82500
14414.65000
14429.77500
14445.20000
14460.92500
14478.00000
14643.20000
14657.17500
14671.30000
14685.40000
14699.87500
14714.75000
14729.87500
14745.37500
14761.15000
14777.67500
14943.20000
14957.20000
14971.32500
14985.42500
14999.95000

