$ Stimulation Interval(ms): 300
$ Delay(ms): 34.921299
$ Number of data : 609
$ TSTOP : 15000
$ PN stimulation current max : 0
$ LN stimulation current max : 15000
40.80000
50.60000
59.30000
67.45000
75.25000
82.87500
90.40000
97.85000
105.27500
112.72500
120.15000
127.60000
135.10000
142.60000
150.15000
157.75000
165.40000
173.07500
180.80000
188.60000
196.45000
204.32500
215.35000
1102.70000
1388.20000
1404.20000
1676.52500
1691.95000
1705.92500
1973.82500
1989.75000
2003.25000
2022.17500
2262.52500
2277.97500
2291.40000
2304.25000
2317.87500
2559.42500
2575.50000
2588.70000
2604.15000
2617.45000
2850.05000
2864.60000
2877.45000
2889.95000
2899.17500
2909.35000
3144.77500
3161.00000
3175.67500
3189.85000
3198.80000
3208.82500
3443.65000
3460.62500
3474.45000
3483.52500
3493.52500
3502.20000
3516.87500
3734.47500
3750.07500
3762.87500
3775.37500
3784.32500
3794.07500
3802.75000
3815.52500
4029.92500
4046.72500
4061.15000
4075.30000
4084.22500
4094.05000
4102.60000
4114.20000
4329.72500
4346.65000
4360.47500
4369.77500
4379.30000
4387.85000
4396.87500
4405.25000
4417.10000
4621.47500
4636.22500
4648.82500
4661.65000
4670.55000
4680.05000
4688.57500
4697.20000
4705.55000
4717.27500
4920.15000
4936.15000
4948.57500
4961.55000
4970.35000
4980.15000
4988.52500
4996.82500
5005.00000
5016.65000
5216.42500
5232.50000
5246.72500
5261.45000
5270.22500
5279.62500
5288.07500
5296.25000
5304.37500
5315.95000
5515.32500
5532.07500
5545.75000
5554.67500
5564.22500
5572.72500
5581.32500
5589.65000
5597.77500
5605.87500
5617.35000
5815.75000
5832.55000
5846.25000
5855.05000
5864.80000
5873.27500
5881.52500
5889.60000
5897.65000
5905.72500
5917.17500
6107.12500
6122.15000
6134.25000
6146.67500
6155.47500
6165.65000
6173.92500
6182.02500
6190.07500
6198.10000
6206.15000
6217.50000
6403.05000
6418.05000
6432.17500
6442.25000
6452.50000
6460.87500
6470.05000
6478.20000
6486.22500
6494.22500
6502.25000
6512.67500
6703.00000
6718.27500
6731.85000
6741.00000
6750.37500
6758.72500
6767.37500
6775.57500
6783.60000
6791.60000
6799.60000
6807.65000
6819.05000
7001.47500
7018.07500
7031.82500
7040.65000
7050.02500
7058.42500
7066.52500
7074.75000
7082.77500
7090.75000
7098.75000
7106.75000
7118.05000
7301.65000
7318.25000
7331.82500
7340.75000
7350.60000
7358.95000
7367.25000
7375.22500
7383.15000
7391.10000
7399.07500
7407.07500
7418.35000
7601.95000
7618.17500
7632.20000
7640.97500
7650.90000
7659.05000
7667.20000
7675.15000
7683.07500
7691.00000
7698.97500
7706.97500
7718.22500
7892.65000
7908.17500
7919.95000
7932.90000
7941.57500
7950.90000
7959.10000
7967.05000
7974.95000
7982.85000
7990.77500
7998.72500
8006.70000
8017.92500
8194.82500
8208.65000
8220.35000
8233.42500
8242.17500
8251.57500
8259.67500
8267.62500
8275.50000
8283.40000
8291.32500
8299.27500
8307.25000
8318.50000
8488.90000
8504.27500
8517.47500
8526.77500
8536.42500
8544.60000
8553.22500
8561.22500
8569.12500
8577.00000
8584.87500
8592.77500
8600.72500
8608.75000
8620.17500
8788.35000
8804.27500
8817.40000
8826.30000
8835.55000
8843.90000
8851.85000
8860.10000
8868.02500
8875.87500
8883.77500
8891.67500
8899.60000
8907.60000
8918.82500
9088.27500
9104.42500
9117.05000
9126.02500
9135.42500
9143.77500
9151.70000
9159.55000
9167.37500
9175.20000
9183.05000
9190.92500
9198.85000
9206.82500
9218.02500
9387.87500
9404.00000
9417.10000
9426.05000
9435.57500
9443.75000
9451.62500
9459.42500
9467.22500
9475.05000
9482.90000
9490.77500
9498.70000
9506.65000
9517.85000
9687.90000
9703.82500
9715.60000
9724.85000
9734.60000
9742.72500
9750.60000
9758.40000
9766.17500
9774.00000
9781.82500
9789.70000
9797.60000
9805.55000
9816.82500
9980.40000
9994.70000
10006.20000
10016.62500
10025.87500
10034.27500
10042.45000
10050.32500
10058.12500
10065.92500
10073.72500
10081.55000
10089.40000
10097.30000
10105.25000
10116.52500
10288.42500
10303.60000
10312.22500
10321.62500
10329.85000
10338.57500
10346.47500
10354.27500
10362.05000
10369.82500
10377.65000
10385.47500
10393.35000
10401.27500
10409.40000
10420.85000
10580.27500
10594.72500
10606.20000
10619.02500
10627.62500
10635.60000
10643.82500
10651.65000
10659.40000
10667.17500
10674.97500
10682.80000
10690.65000
10698.55000
10706.50000
10717.67500
10880.00000
10894.10000
10905.50000
10914.42500
10923.47500
10931.52500
10939.70000
10947.55000
10955.30000
10963.07500
10970.85000
10978.65000
10986.47500
10994.37500
11002.27500
11011.80000
11179.32500
11191.90000
11203.95000
11212.67500
11222.12500
11230.30000
11238.32500
11246.12500
11253.85000
11261.60000
11269.35000
11277.15000
11284.97500
11292.82500
11300.75000
11308.72500
11320.07500
11479.02500
11491.77500
11503.72500
11512.42500
11521.77500
11529.97500
11537.80000
11545.55000
11553.27500
11561.02500
11568.77500
11576.55000
11584.37500
11592.22500
11600.12500
11608.07500
11619.35000
11776.35000
11790.70000
11803.05000
11811.87500
11821.15000
11829.17500
11836.95000
11844.67500
11852.37500
11860.10000
11867.82500
11875.60000
11883.42500
11891.27500
11899.17500
11907.10000
11918.22500
12075.55000
12090.12500
12103.42500
12112.20000
12121.80000
12129.75000
12137.52500
12145.22500
12152.92500
12160.62500
12168.37500
12176.15000
12183.95000
12191.80000
12199.70000
12207.65000
12218.80000
12374.95000
12389.47500
12399.25000
12409.00000
12417.05000
12425.72500
12433.57500
12441.32500
12449.02500
12456.72500
12464.45000
12472.20000
12479.97500
12487.82500
12495.67500
12503.60000
12514.47500
12675.02500
12689.25000
12698.65000
12708.45000
12716.50000
12725.27500
12733.10000
12740.82500
12748.50000
12756.20000
12763.92500
12771.65000
12779.42500
12787.25000
12795.12500
12803.05000
12813.67500
12975.02500
12990.05000
12998.80000
13008.17500
13016.27500
13024.77500
13032.65000
13040.37500
13048.07500
13055.77500
13063.47500
13071.22500
13079.00000
13086.82500
13094.70000
13102.60000
13112.97500
13274.60000
13289.90000
13298.60000
13307.67500
13315.82500
13324.00000
13331.87500
13339.57500
13347.25000
13354.92500
13362.62500
13370.35000
13378.12500
13385.95000
13393.80000
13401.70000
13410.00000
13421.87500
13574.82500
13588.57500
13597.90000
13607.70000
13615.75000
13624.10000
13631.87500
13639.55000
13647.22500
13654.90000
13662.60000
13670.32500
13678.07500
13685.90000
13693.75000
13701.65000
13709.90000
13721.52500
13874.72500
13888.92500
13897.92500
13907.50000
13915.60000
13923.40000
13931.10000
13938.75000
13946.40000
13954.07500
13961.75000
13969.47500
13977.25000
13985.05000
13992.87500
14000.77500
14008.75000
14020.05000
14174.80000
14189.02500
14197.77500
14207.40000
14215.42500
14223.15000
14230.82500
14238.47500
14246.10000
14253.77500
14261.45000
14269.17500
14276.92500
14284.72500
14292.57500
14300.45000
14308.40000
14319.67500
14475.25000
14489.37500
14498.07500
14507.60000
14515.65000
14523.37500
14531.05000
14538.70000
14546.32500
14554.00000
14561.67500
14569.40000
14577.15000
14584.95000
14592.80000
14600.70000
14608.65000
14619.95000
14774.35000
14784.15000
14794.25000
14802.45000
14811.17500
14819.00000
14826.70000
14834.35000
14841.97500
14849.62500
14857.27500
14864.97500
14872.70000
14880.47500
14888.27500
14896.15000
14904.07500
14915.10000

