$ Stimulation Interval(ms): 300
$ Delay(ms): 11.866027
$ Number of data : 626
$ TSTOP : 15000
$ PN stimulation current max : 0
$ LN stimulation current max : 15000
17.90000
27.75000
36.47500
44.62500
52.45000
60.07500
67.60000
75.07500
82.50000
89.92500
97.37500
104.82500
112.32500
119.82500
127.40000
135.00000
142.62500
150.32500
158.05000
165.85000
173.67500
181.57500
189.52500
197.55000
205.67500
217.95000
1101.82500
1391.22500
1406.95000
1685.85000
1701.45000
1976.25000
1991.85000
2004.62500
2263.42500
2279.17500
2292.55000
2304.37500
2320.35000
2557.32500
2573.27500
2588.00000
2597.67500
2608.77500
2857.40000
2872.85000
2888.67500
2897.95000
2908.25000
3143.85000
3160.97500
3174.15000
3189.62500
3198.82500
3208.35000
3442.92500
3459.30000
3473.87500
3483.00000
3492.97500
3501.82500
3517.12500
3735.10000
3750.97500
3763.70000
3775.70000
3784.72500
3794.30000
3803.05000
3815.67500
4028.30000
4044.95000
4059.50000
4069.27500
4080.75000
4090.40000
4099.70000
4108.25000
4121.52500
4328.72500
4345.17500
4359.57500
4368.82500
4378.62500
4387.35000
4396.47500
4405.02500
4418.62500
4621.57500
4636.72500
4649.30000
4661.20000
4670.12500
4679.70000
4688.35000
4696.87500
4705.35000
4719.12500
4916.62500
4931.52500
4945.45000
4955.30000
4966.25000
4977.35000
4986.02500
4994.37500
5002.65000
5013.85000
5214.67500
5231.22500
5245.50000
5255.00000
5264.57500
5273.25000
5282.77500
5291.22500
5299.55000
5307.82500
5320.90000
5507.77500
5522.65000
5537.35000
5547.95000
5561.77500
5570.60000
5579.27500
5587.85000
5596.15000
5604.40000
5616.10000
5806.20000
5821.97500
5834.22500
5846.50000
5855.32500
5864.95000
5873.45000
5881.72500
5890.02500
5898.27500
5906.52500
5919.95000
6107.27500
6122.47500
6134.60000
6146.50000
6155.42500
6165.15000
6173.57500
6181.92500
6190.15000
6198.35000
6206.57500
6219.92500
6401.30000
6416.77500
6430.92500
6441.30000
6452.07500
6460.57500
6470.17500
6478.45000
6486.62500
6494.80000
6503.00000
6514.07500
6700.70000
6717.00000
6731.22500
6740.72500
6750.25000
6758.72500
6767.27500
6775.57500
6783.77500
6791.95000
6800.12500
6808.35000
6821.10000
6993.87500
7008.30000
7021.07500
7032.50000
7041.20000
7050.35000
7058.82500
7067.07500
7075.37500
7083.55000
7091.72500
7099.90000
7108.10000
7120.90000
7293.90000
7308.52500
7320.85000
7332.42500
7341.15000
7350.57500
7359.02500
7367.20000
7375.30000
7383.40000
7391.50000
7399.65000
7407.82500
7420.67500
7592.57500
7608.37500
7620.02500
7632.35000
7641.12500
7650.67500
7658.90000
7666.97500
7675.07500
7683.15000
7691.22500
7699.37500
7707.52500
7720.47500
7892.10000
7908.30000
7919.85000
7932.42500
7941.25000
7950.40000
7958.90000
7967.05000
7975.12500
7983.20000
7991.30000
7999.42500
8007.60000
8020.52500
8187.35000
8203.07500
8217.05000
8226.52500
8235.97500
8244.32500
8253.07500
8261.27500
8269.35000
8277.42500
8285.47500
8293.57500
8301.70000
8310.40000
8487.30000
8502.97500
8516.40000
8525.97500
8535.45000
8543.77500
8552.22500
8560.40000
8568.47500
8576.50000
8584.57500
8592.65000
8600.77500
8609.02500
8621.47500
8787.17500
8803.12500
8816.72500
8825.60000
8835.15000
8843.52500
8851.62500
8859.95000
8868.00000
8876.05000
8884.07500
8892.15000
8900.27500
8908.45000
8921.07500
9080.02500
9094.22500
9106.30000
9118.00000
9126.75000
9136.10000
9144.42500
9152.50000
9160.50000
9168.47500
9176.47500
9184.50000
9192.57500
9200.67500
9208.90000
9221.37500
9378.70000
9393.90000
9405.72500
9417.70000
9426.47500
9435.82500
9444.17500
9452.20000
9460.17500
9468.15000
9476.15000
9484.15000
9492.20000
9500.30000
9508.47500
9521.07500
9677.77500
9693.15000
9704.47500
9714.75000
9724.45000
9733.07500
9741.52500
9749.52500
9757.47500
9765.40000
9773.35000
9781.35000
9789.37500
9797.45000
9805.57500
9817.97500
9978.17500
9993.87500
10004.42500
10013.50000
10023.37500
10031.52500
10040.37500
10048.40000
10056.47500
10064.42500
10072.37500
10080.37500
10088.40000
10096.45000
10104.57500
10115.82500
10274.00000
10288.97500
10303.00000
10312.02500
10321.22500
10329.50000
10337.87500
10345.95000
10353.95000
10361.90000
10369.85000
10377.82500
10385.82500
10393.90000
10402.00000
10410.85000
10578.30000
10594.17500
10604.95000
10613.52500
10622.15000
10630.35000
10638.32500
10646.42500
10654.40000
10662.32500
10670.27500
10678.25000
10686.25000
10694.30000
10702.42500
10712.35000
10873.82500
10889.15000
10902.15000
10911.75000
10921.05000
10929.32500
10937.30000
10945.35000
10953.27500
10961.17500
10969.10000
10977.05000
10985.05000
10993.07500
11001.17500
11009.50000
11021.77500
11173.25000
11189.05000
11201.95000
11211.12500
11220.75000
11228.95000
11236.87500
11244.75000
11252.60000
11260.47500
11268.37500
11276.32500
11284.30000
11292.32500
11300.42500
11308.57500
11321.10000
11473.07500
11489.37500
11502.42500
11511.35000
11521.12500
11529.40000
11537.32500
11545.17500
11553.05000
11560.92500
11568.82500
11576.77500
11584.75000
11592.80000
11600.87500
11609.10000
11621.47500
11766.65000
11780.25000
11791.67500
11803.52500
11812.17500
11821.57500
11829.70000
11837.60000
11845.45000
11853.30000
11861.17500
11869.07500
11877.02500
11885.00000
11893.02500
11901.12500
11909.40000
11921.67500
12065.37500
12080.05000
12091.72500
12103.47500
12112.17500
12121.05000
12129.22500
12137.12500
12145.02500
12152.87500
12160.75000
12168.62500
12176.57500
12184.55000
12192.57500
12200.65000
12208.82500
12221.27500
12365.00000
12379.87500
12391.12500
12400.05000
12409.92500
12418.00000
12426.62500
12434.55000
12442.50000
12450.35000
12458.20000
12466.07500
12474.00000
12481.95000
12489.95000
12498.00000
12506.12500
12518.97500
12664.47500
12680.00000
12690.42500
12699.32500
12709.17500
12717.27500
12726.17500
12734.10000
12741.92500
12749.75000
12757.60000
12765.47500
12773.37500
12781.32500
12789.32500
12797.37500
12805.47500
12817.52500
12964.42500
12980.45000
12991.72500
13000.17500
13009.60000
13017.65000
13025.90000
13033.82500
13041.67500
13049.50000
13057.32500
13065.20000
13073.10000
13081.05000
13089.05000
13097.10000
13105.20000
13116.80000
13265.02500
13280.52500
13291.90000
13300.32500
13308.82500
13316.87500
13324.92500
13332.82500
13340.65000
13348.47500
13356.30000
13364.15000
13372.05000
13380.00000
13387.97500
13396.02500
13404.10000
13415.10000
13565.02500
13580.42500
13591.07500
13599.65000
13608.60000
13616.65000
13624.92500
13632.77500
13640.55000
13648.37500
13656.17500
13664.05000
13671.92500
13679.87500
13687.85000
13695.90000
13703.97500
13714.95000
13865.22500
13880.17500
13890.27500
13898.82500
13907.67500
13915.70000
13923.55000
13931.32500
13939.10000
13946.87500
13954.70000
13962.52500
13970.42500
13978.35000
13986.30000
13994.32500
14002.42500
14011.97500
14165.65000
14179.82500
14190.15000
14198.62500
14207.72500
14215.75000
14223.57500
14231.35000
14239.12500
14246.92500
14254.72500
14262.57500
14270.45000
14278.37500
14286.35000
14294.37500
14302.45000
14312.10000
14459.92500
14475.07500
14488.32500
14497.12500
14506.67500
14514.65000
14522.47500
14530.22500
14537.97500
14545.75000
14553.55000
14561.37500
14569.25000
14577.15000
14585.12500
14593.15000
14601.20000
14609.47500
14621.72500
14760.72500
14775.22500
14784.65000
14794.52500
14802.72500
14811.17500
14819.05000
14826.82500
14834.57500
14842.32500
14850.10000
14857.90000
14865.75000
14873.65000
14881.57500
14889.57500
14897.62500
14905.70000
14918.02500

