$ Stimulation Interval(ms): 300
$ Delay(ms): 45.179926
$ Number of data : 579
$ TSTOP : 15000
$ PN stimulation current max : 0
$ LN stimulation current max : 15000
51.02500
60.80000
69.50000
77.62500
85.45000
93.05000
100.57500
108.02500
115.47500
122.90000
130.32500
137.77500
145.27500
152.77500
160.32500
167.92500
175.57500
183.25000
190.97500
198.77500
207.55000
1106.25000
1392.72500
1408.00000
1691.82500
1707.52500
1978.50000
1993.32500
2007.12500
2264.57500
2285.85000
2296.32500
2308.22500
2563.62500
2579.30000
2592.82500
2604.45000
2620.77500
2863.75000
2878.82500
2889.92500
2898.97500
2908.62500
3149.30000
3165.65000
3179.25000
3190.32500
3199.27500
3208.70000
3449.52500
3464.02500
3475.92500
3489.70000
3498.75000
3507.35000
3750.17500
3764.42500
3775.27500
3784.22500
3793.45000
3802.00000
3814.32500
4035.97500
4051.47500
4064.42500
4075.67500
4084.60000
4094.02500
4102.55000
4113.42500
4335.50000
4350.47500
4363.27500
4375.57500
4384.52500
4393.37500
4402.07500
4412.97500
4635.90000
4649.55000
4661.07500
4669.95000
4679.25000
4687.70000
4696.12500
4704.47500
4715.80000
4922.20000
4938.22500
4951.12500
4962.00000
4970.77500
4980.22500
4988.50000
4996.67500
5004.77500
5016.47500
5222.02500
5237.35000
5249.95000
5261.40000
5270.37500
5279.47500
5287.92500
5296.02500
5304.07500
5314.62500
5521.30000
5536.62500
5549.07500
5561.17500
5570.10000
5578.35000
5587.07500
5595.15000
5603.15000
5613.55000
5821.60000
5834.80000
5846.55000
5855.37500
5864.87500
5873.25000
5881.57500
5889.60000
5897.60000
5905.60000
5919.80000
6122.00000
6134.92500
6145.97500
6155.00000
6165.65000
6173.87500
6182.20000
6190.22500
6198.17500
6206.15000
6220.00000
6409.52500
6424.17500
6436.57500
6447.32500
6456.17500
6466.20000
6474.37500
6482.37500
6490.30000
6498.25000
6506.20000
6519.97500
6708.32500
6723.55000
6735.82500
6747.65000
6756.32500
6764.80000
6773.22500
6781.20000
6789.12500
6797.05000
6804.97500
6816.20000
7006.85000
7021.77500
7033.87500
7043.40000
7052.15000
7060.22500
7068.15000
7076.20000
7084.12500
7092.02500
7099.95000
7107.87500
7120.97500
7307.47500
7321.02500
7332.67500
7341.35000
7350.72500
7358.95000
7367.20000
7375.10000
7382.95000
7390.82500
7398.72500
7406.65000
7420.10000
7608.22500
7621.60000
7633.32500
7641.97500
7651.85000
7659.90000
7668.27500
7676.20000
7684.05000
7691.92500
7699.82500
7707.75000
7720.80000
7908.27500
7921.50000
7932.75000
7941.50000
7950.92500
7959.15000
7967.07500
7974.90000
7982.75000
7990.60000
7998.47500
8006.40000
8020.00000
8207.35000
8220.50000
8231.77500
8240.72500
8248.80000
8257.12500
8265.02500
8272.85000
8280.67500
8288.50000
8296.35000
8304.25000
8314.52500
8494.77500
8509.42500
8521.67500
8533.00000
8541.60000
8549.65000
8558.10000
8565.97500
8573.77500
8581.60000
8589.42500
8597.27500
8605.17500
8616.57500
8794.20000
8808.42500
8820.85000
8832.55000
8841.20000
8849.07500
8857.20000
8865.00000
8872.77500
8880.57500
8888.37500
8896.22500
8904.10000
8914.25000
9093.70000
9107.30000
9118.12500
9126.85000
9135.65000
9143.90000
9151.77500
9159.60000
9167.37500
9175.15000
9182.92500
9190.75000
9198.60000
9206.47500
9219.97500
9393.77500
9407.30000
9418.17500
9426.90000
9436.07500
9444.17500
9452.02500
9459.80000
9467.55000
9475.30000
9483.10000
9490.90000
9498.75000
9506.65000
9520.05000
9693.05000
9706.20000
9716.92500
9726.07500
9736.47500
9744.50000
9752.30000
9760.05000
9767.80000
9775.55000
9783.32500
9791.12500
9798.97500
9806.87500
9820.17500
9994.10000
10009.60000
10020.52500
10028.85000
10038.60000
10046.55000
10054.30000
10062.05000
10069.80000
10077.55000
10085.32500
10093.12500
10101.00000
10108.97500
10122.15000
10294.57500
10307.85000
10318.62500
10327.47500
10335.70000
10343.85000
10351.67500
10359.42500
10367.15000
10374.90000
10382.67500
10390.47500
10398.30000
10406.20000
10419.87500
10594.15000
10607.25000
10618.35000
10627.07500
10635.07500
10643.32500
10651.10000
10658.80000
10666.50000
10674.25000
10682.00000
10689.77500
10697.60000
10705.50000
10719.30000
10892.02500
10903.77500
10913.12500
10922.92500
10930.97500
10939.57500
10947.42500
10955.15000
10962.85000
10970.55000
10978.30000
10986.05000
10993.87500
11001.72500
11010.25000
11191.00000
11202.60000
11211.80000
11221.42500
11229.57500
11237.42500
11245.22500
11252.92500
11260.60000
11268.27500
11276.00000
11283.75000
11291.55000
11299.37500
11307.25000
11320.32500
11482.22500
11495.30000
11506.07500
11514.60000
11522.95000
11530.92500
11538.67500
11546.35000
11554.02500
11561.70000
11569.37500
11577.10000
11584.85000
11592.62500
11600.45000
11608.35000
11621.15000
11781.25000
11794.12500
11804.37500
11812.97500
11821.82500
11829.90000
11837.67500
11845.37500
11853.02500
11860.70000
11868.37500
11876.07500
11883.82500
11891.60000
11899.42500
11907.30000
11920.35000
12081.42500
12095.30000
12107.02500
12115.35000
12125.07500
12133.00000
12140.72500
12148.42500
12156.07500
12163.75000
12171.45000
12179.17500
12186.92500
12194.72500
12202.57500
12212.97500
12381.27500
12395.97500
12407.62500
12415.85000
12425.37500
12433.25000
12441.05000
12448.72500
12456.37500
12464.05000
12471.72500
12479.45000
12487.22500
12495.02500
12502.85000
12513.20000
12681.57500
12696.15000
12707.02500
12715.30000
12724.77500
12732.65000
12740.35000
12748.00000
12755.65000
12763.30000
12770.97500
12778.70000
12786.45000
12794.25000
12802.07500
12811.70000
12981.85000
12995.72500
13006.15000
13014.55000
13023.02500
13031.07500
13038.82500
13046.50000
13054.15000
13061.80000
13069.47500
13077.17500
13084.92500
13092.72500
13100.55000
13108.42500
13121.22500
13281.50000
13294.72500
13305.42500
13313.97500
13322.27500
13330.30000
13338.00000
13345.65000
13353.27500
13360.92500
13368.57500
13376.27500
13384.02500
13391.80000
13399.62500
13407.47500
13420.45000
13581.07500
13593.95000
13604.95000
13613.20000
13621.05000
13628.87500
13636.57500
13644.22500
13651.85000
13659.47500
13667.12500
13674.82500
13682.55000
13690.30000
13698.12500
13705.97500
13719.77500
13880.67500
13893.22500
13904.50000
13912.65000
13920.42500
13928.15000
13935.77500
13943.37500
13950.97500
13958.60000
13966.22500
13973.90000
13981.62500
13989.37500
13997.17500
14005.02500
14015.55000
14180.57500
14193.02500
14204.95000
14213.12500
14220.85000
14228.47500
14236.07500
14243.65000
14251.25000
14258.85000
14266.50000
14274.17500
14281.87500
14289.65000
14297.45000
14305.30000
14316.22500
14479.82500
14491.30000
14499.75000
14508.17500
14516.10000
14523.77500
14531.40000
14538.97500
14546.57500
14554.15000
14561.77500
14569.42500
14577.12500
14584.85000
14592.62500
14600.42500
14608.30000
14621.05000
14780.40000
14792.65000
14801.02500
14810.27500
14818.15000
14825.82500
14833.45000
14841.02500
14848.62500
14856.22500
14863.85000
14871.52500
14879.22500
14886.95000
14894.75000
14902.57500
14912.95000

