$ Stimulation Interval(ms): 300
$ Delay(ms): 34.376914
$ Number of data : 558
$ TSTOP : 15000
$ PN stimulation current max : 0
$ LN stimulation current max : 15000
40.25000
50.07500
58.75000
66.90000
74.72500
82.32500
89.85000
97.30000
104.75000
112.17500
119.60000
127.07500
134.55000
142.07500
149.62500
157.22500
164.85000
172.55000
180.27500
188.05000
195.90000
203.80000
1106.92500
1392.12500
1408.42500
1692.15000
1707.70000
1977.75000
1993.70000
2007.65000
2277.92500
2292.97500
2304.75000
2563.50000
2580.22500
2593.50000
2605.20000
2863.37500
2878.60000
2890.67500
2900.15000
3149.32500
3165.82500
3179.40000
3191.05000
3200.05000
3449.32500
3463.75000
3477.02500
3490.32500
3499.45000
3508.62500
3735.00000
3751.10000
3765.00000
3776.35000
3785.35000
3794.87500
3803.47500
4034.87500
4051.22500
4064.80000
4076.47500
4085.45000
4095.37500
4104.00000
4335.32500
4351.12500
4364.60000
4376.37500
4385.35000
4394.47500
4403.10000
4633.17500
4649.05000
4661.17500
4670.12500
4679.47500
4688.02500
4696.45000
4704.92500
4921.07500
4937.30000
4951.10000
4962.70000
4971.45000
4980.97500
4989.35000
4997.82500
5006.02500
5221.12500
5237.07500
5250.15000
5261.92500
5270.95000
5280.05000
5288.47500
5296.67500
5304.80000
5520.95000
5537.27500
5549.55000
5561.72500
5570.75000
5579.60000
5588.32500
5596.50000
5604.62500
5621.95000
5817.87500
5833.10000
5846.00000
5855.07500
5864.77500
5873.27500
5881.57500
5889.70000
5897.77500
5905.85000
6116.62500
6132.70000
6143.97500
6153.95000
6164.82500
6173.17500
6181.30000
6189.37500
6197.42500
6205.50000
6407.75000
6423.07500
6436.42500
6448.10000
6456.92500
6466.75000
6475.02500
6483.10000
6491.12500
6499.15000
6507.20000
6707.50000
6723.20000
6735.37500
6747.75000
6756.52500
6765.70000
6774.12500
6782.20000
6790.20000
6798.22500
6806.25000
7007.70000
7023.02500
7034.82500
7046.95000
7056.10000
7064.17500
7073.05000
7081.07500
7089.07500
7097.05000
7105.07500
7121.32500
7307.17500
7320.72500
7332.85000
7341.62500
7351.17500
7359.55000
7367.87500
7375.85000
7383.80000
7391.77500
7399.75000
7407.77500
7604.27500
7619.70000
7632.55000
7641.47500
7651.42500
7659.57500
7667.80000
7675.77500
7683.72500
7691.67500
7699.65000
7707.65000
7903.05000
7918.72500
7931.92500
7941.07500
7950.62500
7959.02500
7967.02500
7974.95000
7982.87500
7990.80000
7998.77500
8006.77500
8195.27500
8209.50000
8222.15000
8233.95000
8242.60000
8252.20000
8260.32500
8268.27500
8276.17500
8284.07500
8292.00000
8299.97500
8307.95000
8493.85000
8509.05000
8520.65000
8532.22500
8541.30000
8549.40000
8558.15000
8566.12500
8574.02500
8581.92500
8589.82500
8597.77500
8605.75000
8621.55000
8793.95000
8808.70000
8820.42500
8832.40000
8841.32500
8849.27500
8857.82500
8865.75000
8873.60000
8881.47500
8889.37500
8897.30000
8905.27500
8921.20000
9093.65000
9107.12500
9118.75000
9127.47500
9136.27500
9144.60000
9152.55000
9160.50000
9168.37500
9176.22500
9184.10000
9192.00000
9199.95000
9207.92500
9393.47500
9406.65000
9417.75000
9426.70000
9436.07500
9444.30000
9452.22500
9460.07500
9467.90000
9475.75000
9483.60000
9491.50000
9499.42500
9507.40000
9689.87500
9704.75000
9715.15000
9725.22500
9734.62500
9742.80000
9750.70000
9758.57500
9766.40000
9774.20000
9782.05000
9789.95000
9797.85000
9805.82500
9821.42500
9989.97500
10003.95000
10013.35000
10024.20000
10032.35000
10040.90000
10048.85000
10056.80000
10064.62500
10072.42500
10080.27500
10088.15000
10096.05000
10104.00000
10121.15000
10289.75000
10304.72500
10313.50000
10323.70000
10331.85000
10341.35000
10349.27500
10357.10000
10364.90000
10372.70000
10380.52500
10388.40000
10396.30000
10404.25000
10420.95000
10582.25000
10595.82500
10608.30000
10619.62500
10628.32500
10636.70000
10644.97500
10652.82500
10660.62500
10668.42500
10676.22500
10684.07500
10691.95000
10699.87500
10707.85000
10881.25000
10895.42500
10906.75000
10916.30000
10926.05000
10934.05000
10942.27500
10950.10000
10957.87500
10965.65000
10973.42500
10981.25000
10989.12500
10997.02500
11004.95000
11020.92500
11180.02500
11194.27500
11205.75000
11214.25000
11223.00000
11231.02500
11238.97500
11246.80000
11254.55000
11262.30000
11270.07500
11277.87500
11285.70000
11293.57500
11301.50000
11309.87500
11480.07500
11493.95000
11504.97500
11513.55000
11522.40000
11530.52500
11538.37500
11546.12500
11553.87500
11561.62500
11569.37500
11577.17500
11585.00000
11592.87500
11600.77500
11608.82500
11780.12500
11793.50000
11804.07500
11812.82500
11821.85000
11830.02500
11837.87500
11845.62500
11853.35000
11861.10000
11868.85000
11876.65000
11884.47500
11892.32500
11900.25000
11908.20000
12080.15000
12094.15000
12105.27500
12113.87500
12123.52500
12131.47500
12139.25000
12146.97500
12154.70000
12162.45000
12170.20000
12177.97500
12185.82500
12193.67500
12201.60000
12210.05000
12380.35000
12394.10000
12404.90000
12413.57500
12423.37500
12431.27500
12439.02500
12446.75000
12454.47500
12462.20000
12469.95000
12477.72500
12485.55000
12493.42500
12501.32500
12509.57500
12680.15000
12695.17500
12705.47500
12714.10000
12723.82500
12731.72500
12739.47500
12747.20000
12754.90000
12762.62500
12770.37500
12778.15000
12785.97500
12793.85000
12801.77500
12810.32500
12980.37500
12994.20000
13005.42500
13013.90000
13022.27500
13030.45000
13038.25000
13045.97500
13053.67500
13061.40000
13069.15000
13076.92500
13084.75000
13092.60000
13100.52500
13108.50000
13280.32500
13293.55000
13305.07500
13313.72500
13321.95000
13329.87500
13337.60000
13345.27500
13352.95000
13360.67500
13368.40000
13376.17500
13383.97500
13391.82500
13399.72500
13407.67500
13577.37500
13590.00000
13598.85000
13608.72500
13616.75000
13625.55000
13633.32500
13641.02500
13648.70000
13656.40000
13664.10000
13671.85000
13679.62500
13687.45000
13695.32500
13703.25000
13713.07500
13878.05000
13890.42500
13899.12500
13908.22500
13916.30000
13924.17500
13931.87500
13939.55000
13947.20000
13954.87500
13962.57500
13970.30000
13978.07500
13985.90000
13993.75000
14001.65000
14010.10000
14176.97500
14189.52500
14198.32500
14207.75000
14215.77500
14223.55000
14231.22500
14238.87500
14246.52500
14254.20000
14261.90000
14269.62500
14277.37500
14285.17500
14293.02500
14300.95000
14308.97500
14477.07500
14489.45000
14498.25000
14507.50000
14515.55000
14523.30000
14530.97500
14538.62500
14546.27500
14553.95000
14561.65000
14569.35000
14577.12500
14584.92500
14592.77500
14600.67500
14608.65000
14771.30000
14782.50000
14793.67500
14802.02500
14810.82500
14818.70000
14826.42500
14834.07500
14841.72500
14849.37500
14857.05000
14864.75000
14872.47500
14880.25000
14888.07500
14895.95000
14903.85000
14915.67500

