$ Stimulation Interval(ms): 300
$ Delay(ms): 34.963857
$ Number of data : 588
$ TSTOP : 15000
$ PN stimulation current max : 0
$ LN stimulation current max : 15000
40.85000
50.65000
59.35000
67.47500
75.30000
82.92500
90.42500
97.90000
105.32500
112.75000
120.20000
127.65000
135.12500
142.65000
150.20000
157.80000
165.42500
173.12500
180.85000
188.65000
196.47500
204.37500
216.27500
1106.45000
1392.62500
1408.05000
1691.70000
1707.35000
1978.20000
1993.45000
2008.00000
2277.50000
2292.70000
2304.12500
2319.60000
2563.45000
2579.17500
2593.62500
2605.12500
2619.65000
2863.32500
2878.47500
2889.92500
2899.05000
2908.92500
3149.30000
3165.27500
3179.10000
3190.45000
3199.62500
3209.47500
3449.32500
3465.02500
3479.32500
3490.92500
3500.05000
3509.00000
3749.72500
3763.97500
3775.20000
3784.35000
3793.75000
3802.42500
3812.17500
4035.47500
4051.10000
4064.80000
4076.05000
4085.17500
4094.80000
4103.50000
4113.37500
4335.30000
4350.62500
4364.57500
4376.42500
4385.42500
4394.25000
4402.92500
4412.50000
4635.45000
4649.65000
4661.25000
4670.27500
4679.50000
4688.10000
4696.57500
4705.05000
4719.05000
4922.37500
4937.70000
4950.80000
4961.95000
4970.95000
4980.37500
4988.82500
4997.20000
5005.37500
5019.00000
5221.52500
5236.97500
5250.57500
5261.95000
5271.02500
5280.15000
5288.70000
5296.92500
5305.07500
5318.97500
5521.07500
5536.87500
5550.15000
5561.87500
5570.87500
5579.42500
5588.15000
5596.35000
5604.47500
5615.12500
5821.12500
5835.15000
5846.75000
5855.72500
5865.20000
5873.75000
5882.05000
5890.25000
5898.35000
5906.45000
5919.22500
6117.20000
6133.37500
6145.65000
6155.05000
6165.65000
6173.97500
6182.52500
6190.62500
6198.67500
6206.72500
6219.30000
6416.90000
6431.55000
6441.40000
6453.05000
6461.85000
6471.07500
6479.25000
6487.27500
6495.30000
6503.35000
6512.65000
6707.82500
6723.20000
6736.27500
6747.90000
6756.70000
6765.25000
6773.80000
6781.87500
6789.87500
6797.90000
6805.92500
6819.05000
7006.85000
7021.90000
7033.52500
7042.42500
7051.12500
7059.42500
7067.52500
7075.77500
7083.82500
7091.82500
7099.85000
7107.87500
7119.70000
7307.17500
7321.22500
7332.62500
7341.52500
7350.75000
7359.17500
7367.37500
7375.35000
7383.30000
7391.25000
7399.25000
7407.25000
7419.45000
7607.70000
7621.45000
7633.05000
7641.97500
7651.92500
7660.12500
7668.25000
7676.22500
7684.15000
7692.10000
7700.07500
7708.10000
7719.77500
7904.50000
7919.55000
7932.32500
7941.45000
7950.62500
7959.00000
7967.00000
7974.95000
7982.85000
7990.80000
7998.75000
8006.75000
8019.25000
8203.52500
8217.92500
8227.55000
8237.80000
8246.02500
8255.50000
8263.55000
8271.45000
8279.35000
8287.25000
8295.20000
8303.17500
8312.25000
8494.52500
8509.12500
8521.80000
8533.25000
8542.02500
8550.15000
8558.70000
8566.67500
8574.57500
8582.47500
8590.40000
8598.32500
8606.32500
8619.12500
8793.85000
8808.80000
8820.25000
8832.87500
8841.75000
8849.70000
8858.22500
8866.12500
8874.00000
8881.85000
8889.75000
8897.67500
8905.65000
8918.95000
9093.05000
9107.07500
9118.15000
9127.00000
9135.97500
9144.35000
9152.32500
9160.22500
9168.07500
9175.92500
9183.80000
9191.70000
9199.62500
9207.60000
9219.55000
9393.12500
9406.90000
9418.22500
9427.15000
9436.45000
9444.65000
9452.60000
9460.45000
9468.27500
9476.12500
9483.97500
9491.87500
9499.80000
9507.77500
9519.62500
9690.40000
9705.20000
9716.65000
9726.17500
9735.90000
9744.05000
9751.92500
9759.75000
9767.57500
9775.40000
9783.25000
9791.12500
9799.05000
9807.02500
9819.35000
9992.80000
10007.10000
10017.75000
10026.90000
10036.82500
10044.90000
10052.75000
10060.57500
10068.37500
10076.20000
10084.05000
10091.92500
10099.85000
10107.82500
10119.65000
10290.65000
10304.82500
10313.65000
10324.45000
10332.57500
10341.90000
10349.82500
10357.62500
10365.42500
10373.22500
10381.05000
10388.92500
10396.82500
10404.77500
10414.90000
10582.42500
10595.90000
10608.62500
10619.32500
10628.15000
10636.17500
10644.40000
10652.25000
10660.05000
10667.82500
10675.62500
10683.47500
10691.35000
10699.25000
10707.22500
10719.42500
10881.02500
10895.37500
10907.17500
10918.75000
10927.70000
10935.65000
10943.85000
10951.70000
10959.50000
10967.27500
10975.07500
10982.90000
10990.77500
10998.67500
11006.62500
11019.22500
11180.62500
11195.35000
11207.10000
11218.97500
11227.62500
11235.50000
11243.35000
11251.10000
11258.85000
11266.60000
11274.37500
11282.20000
11290.05000
11297.95000
11305.90000
11319.02500
11480.50000
11494.50000
11505.25000
11513.82500
11522.52500
11530.65000
11538.50000
11546.27500
11554.02500
11561.77500
11569.52500
11577.32500
11585.15000
11593.02500
11600.92500
11608.97500
11620.20000
11780.07500
11793.60000
11804.35000
11813.15000
11822.12500
11830.32500
11838.20000
11845.95000
11853.70000
11861.45000
11869.20000
11876.97500
11884.80000
11892.67500
11900.57500
11908.57500
11919.97500
12080.17500
12094.12500
12104.82500
12113.57500
12123.40000
12131.42500
12139.25000
12146.97500
12154.72500
12162.45000
12170.22500
12178.00000
12185.82500
12193.70000
12201.60000
12209.90000
12220.87500
12379.72500
12394.15000
12404.35000
12413.12500
12422.85000
12430.90000
12438.67500
12446.40000
12454.12500
12461.85000
12469.60000
12477.40000
12485.20000
12493.07500
12500.97500
12509.05000
12520.22500
12680.10000
12695.10000
12704.80000
12713.57500
12722.45000
12730.50000
12738.30000
12746.02500
12753.75000
12761.47500
12769.20000
12777.00000
12784.80000
12792.65000
12800.57500
12808.55000
12819.97500
12980.50000
12994.42500
13005.15000
13013.85000
13021.90000
13030.15000
13037.97500
13045.70000
13053.40000
13061.12500
13068.87500
13076.65000
13084.45000
13092.30000
13100.20000
13108.17500
13119.82500
13280.07500
13293.65000
13304.77500
13313.62500
13321.52500
13329.60000
13337.32500
13345.02500
13352.70000
13360.40000
13368.12500
13375.87500
13383.70000
13391.52500
13399.42500
13407.37500
13419.50000
13578.52500
13591.20000
13599.77500
13609.55000
13617.57500
13626.37500
13634.17500
13641.87500
13649.57500
13657.27500
13664.97500
13672.72500
13680.52500
13688.35000
13696.22500
13704.15000
13713.40000
13878.15000
13889.80000
13898.57500
13908.10000
13916.20000
13924.37500
13932.10000
13939.77500
13947.45000
13955.12500
13962.82500
13970.55000
13978.30000
13986.12500
13993.97500
14001.87500
14010.27500
14021.32500
14178.00000
14189.72500
14198.62500
14207.70000
14215.77500
14223.55000
14231.22500
14238.90000
14246.55000
14254.20000
14261.90000
14269.62500
14277.37500
14285.20000
14293.02500
14300.92500
14308.95000
14320.20000
14475.07500
14488.87500
14497.95000
14507.22500
14515.30000
14523.05000
14530.72500
14538.37500
14546.02500
14553.67500
14561.35000
14569.07500
14576.82500
14584.62500
14592.47500
14600.37500
14608.32500
14619.90000
14776.92500
14789.30000
14798.40000
14808.00000
14816.00000
14823.75000
14831.42500
14839.05000
14846.70000
14854.37500
14862.05000
14869.77500
14877.52500
14885.32500
14893.17500
14901.07500
14909.15000
14920.30000

