$ Stimulation Interval(ms): 300
$ Delay(ms): 221.271969
$ Number of data : 596
$ TSTOP : 15000
$ PN stimulation current max : 0
$ LN stimulation current max : 15000
226.07500
239.00000
252.00000
265.00000
278.10000
291.35000
304.77500
318.37500
332.15000
346.12500
360.30000
374.72500
389.40000
404.40000
419.77500
435.67500
452.17500
469.02500
485.67500
502.52500
528.62500
541.55000
554.60000
567.67500
580.90000
594.27500
607.80000
621.52500
635.45000
649.57500
663.95000
678.57500
693.52500
708.85000
724.72500
741.35000
758.12500
774.82500
791.67500
809.90000
827.97500
840.95000
854.02500
867.15000
880.40000
893.82500
907.42500
921.20000
935.17500
949.40000
963.82500
978.55000
993.60000
1009.02500
1025.07500
1128.85000
1141.80000
1154.95000
1168.12500
1181.45000
1194.95000
1208.62500
1222.50000
1236.57500
1250.90000
1265.50000
1280.42500
1295.72500
1311.67500
1328.45000
1345.70000
1362.40000
1379.32500
1428.87500
1441.87500
1455.07500
1468.27500
1481.65000
1495.20000
1508.95000
1522.87500
1537.05000
1551.47500
1566.17500
1581.22500
1596.77500
1613.12500
1728.90000
1741.92500
1755.15000
1768.40000
1781.82500
1795.40000
1809.20000
1823.17500
1837.40000
1851.90000
1866.67500
1881.85000
1897.57500
1914.30000
1931.10000
1947.97500
1964.82500
1982.52500
2028.95000
2042.02500
2055.30000
2068.57500
2082.02500
2095.67500
2109.52500
2123.57500
2137.90000
2152.47500
2167.37500
2182.72500
2198.75000
2328.95000
2342.02500
2355.32500
2368.62500
2382.12500
2395.80000
2409.67500
2423.80000
2438.15000
2452.77500
2467.75000
2483.22500
2499.52500
2628.97500
2642.07500
2655.40000
2668.72500
2682.25000
2695.95000
2709.87500
2724.02500
2738.42500
2753.12500
2768.17500
2783.75000
2800.15000
2928.97500
2942.12500
2955.47500
2968.82500
2982.37500
2996.12500
3010.07500
3024.25000
3038.70000
3053.47500
3068.60000
3084.27500
3100.77500
3229.00000
3242.15000
3255.52500
3268.92500
3282.50000
3296.27500
3310.25000
3324.50000
3339.00000
3353.80000
3369.02500
3384.82500
3401.22500
3418.05000
3434.50000
3451.40000
3529.02500
3542.20000
3555.60000
3569.02500
3582.65000
3596.45000
3610.50000
3624.77500
3639.35000
3654.25000
3669.60000
3685.55000
3702.65000
3719.30000
3735.77500
3753.30000
3829.05000
3842.25000
3855.67500
3869.12500
3882.80000
3896.65000
3910.72500
3925.07500
3939.72500
3954.70000
3970.22500
3986.40000
4129.05000
4142.30000
4155.75000
4169.20000
4182.90000
4196.77500
4210.90000
4225.27500
4239.97500
4255.02500
4270.57500
4286.75000
4303.70000
4320.37500
4337.20000
4429.07500
4442.32500
4455.82500
4469.30000
4483.02500
4496.95000
4511.12500
4525.55000
4540.30000
4555.45000
4571.12500
4587.55000
4604.07500
4620.75000
4729.10000
4742.37500
4755.87500
4769.40000
4783.15000
4797.10000
4811.32500
4825.80000
4840.60000
4855.85000
4871.67500
4889.65000
4906.27500
4922.60000
5029.10000
5042.40000
5055.95000
5069.50000
5083.27500
5097.27500
5111.52500
5126.05000
5140.92500
5156.27500
5172.20000
5329.12500
5342.45000
5356.00000
5369.55000
5383.35000
5397.37500
5411.65000
5426.22500
5441.15000
5456.57500
5472.50000
5489.52500
5506.35000
5523.02500
5629.12500
5642.47500
5656.05000
5669.65000
5683.47500
5697.52500
5711.85000
5726.47500
5741.47500
5757.00000
5773.17500
5790.82500
5807.40000
5824.25000
5929.15000
5942.52500
5956.12500
5969.72500
5983.60000
5997.70000
6012.05000
6026.72500
6041.80000
6057.42500
6073.87500
6090.25000
6107.57500
6229.17500
6242.55000
6256.17500
6269.80000
6283.70000
6297.82500
6312.22500
6326.95000
6342.10000
6357.80000
6374.62500
6391.40000
6408.25000
6529.17500
6542.57500
6556.22500
6569.87500
6583.80000
6597.97500
6612.42500
6627.20000
6642.42500
6658.25000
6829.20000
6842.60000
6856.27500
6869.95000
6883.87500
6898.07500
6912.55000
6927.35000
6942.62500
6958.47500
7129.20000
7142.62500
7156.30000
7170.00000
7183.95000
7198.17500
7212.67500
7227.52500
7242.85000
7258.67500
7275.15000
7292.50000
7310.52500
7429.20000
7442.67500
7456.37500
7470.07500
7484.07500
7498.30000
7512.85000
7527.77500
7543.17500
7559.10000
7575.65000
7592.77500
7729.22500
7742.70000
7756.42500
7770.15000
7784.17500
7798.45000
7813.02500
7827.97500
7843.50000
7859.60000
7875.92500
7893.72500
8029.22500
8042.72500
8056.47500
8070.22500
8084.25000
8098.57500
8113.17500
8128.20000
8143.80000
8160.17500
8176.70000
8329.25000
8342.75000
8356.50000
8370.27500
8384.35000
8398.67500
8413.32500
8428.40000
8444.07500
8460.95000
8629.25000
8642.77500
8656.55000
8670.32500
8684.42500
8698.77500
8713.47500
8728.57500
8744.27500
8760.70000
8777.42500
8929.27500
8942.80000
8956.60000
8970.40000
8984.50000
8998.90000
9013.62500
9028.80000
9044.55000
9061.17500
9077.67500
9094.65000
9229.27500
9242.82500
9256.65000
9270.47500
9284.60000
9299.02500
9313.80000
9329.02500
9344.82500
9362.65000
9529.27500
9542.85000
9556.67500
9570.52500
9584.67500
9599.12500
9613.92500
9629.22500
9645.07500
9661.25000
9678.02500
9829.30000
9842.87500
9856.72500
9870.57500
9884.77500
9899.25000
9914.10000
9929.45000
9945.32500
9961.67500
10129.30000
10142.90000
10156.75000
10170.62500
10184.85000
10199.35000
10214.22500
10229.65000
10245.62500
10262.00000
10279.67500
10429.32500
10442.92500
10456.80000
10470.70000
10484.92500
10499.45000
10514.37500
10529.90000
10546.02500
10562.37500
10729.32500
10742.95000
10756.85000
10770.75000
10785.00000
10799.57500
10814.52500
10830.10000
10846.37500
10863.25000
11029.32500
11042.97500
11056.87500
11070.80000
11085.07500
11099.67500
11114.67500
11130.32500
11146.77500
11163.42500
11329.35000
11343.00000
11356.92500
11370.85000
11385.15000
11399.77500
11414.82500
11430.50000
11447.35000
11629.35000
11643.00000
11656.95000
11670.90000
11685.22500
11699.87500
11714.95000
11730.67500
11747.12500
11764.10000
11929.35000
11943.02500
11956.97500
11970.95000
11985.30000
11999.97500
12015.10000
12030.87500
12047.65000
12229.35000
12243.05000
12257.02500
12271.00000
12285.35000
12300.05000
12315.22500
12331.02500
12347.37500
12363.87500
12529.37500
12543.07500
12557.05000
12571.05000
12585.42500
12600.17500
12615.37500
12631.22500
12647.90000
12829.37500
12843.07500
12857.10000
12871.10000
12885.50000
12900.25000
12915.52500
12931.45000
12947.75000
13129.37500
13143.10000
13157.12500
13171.15000
13185.57500
13200.35000
13215.65000
13231.60000
13247.95000
13429.40000
13443.12500
13457.15000
13471.20000
13485.62500
13500.45000
13515.80000
13531.85000
13548.27500
13729.40000
13743.15000
13757.17500
13771.22500
13785.70000
13800.52500
13815.95000
13831.95000
13848.55000
14029.40000
14043.15000
14057.22500
14071.27500
14085.77500
14100.62500
14116.10000
14132.12500
14148.72500
14329.40000
14343.17500
14357.25000
14371.32500
14385.82500
14400.72500
14416.25000
14432.57500
14629.42500
14643.20000
14657.27500
14671.37500
14685.87500
14700.80000
14716.37500
14732.60000
14749.05000
14929.42500
14943.20000
14957.30000
14971.40000
14985.95000

