$ Stimulation Interval(ms): 300
$ Delay(ms): 218.462124
$ Number of data : 567
$ TSTOP : 15000
$ PN stimulation current max : 0
$ LN stimulation current max : 15000
223.20000
236.10000
249.07500
262.05000
275.15000
288.40000
301.80000
315.40000
329.15000
343.10000
357.27500
371.65000
386.25000
401.12500
416.27500
431.80000
447.82500
464.72500
525.95000
538.77500
551.77500
564.85000
578.05000
591.40000
604.92500
618.65000
632.55000
646.65000
660.95000
675.50000
690.30000
705.40000
720.85000
736.80000
753.45000
825.95000
838.82500
851.87500
865.00000
878.25000
891.67500
905.27500
919.07500
933.05000
947.25000
961.67500
976.35000
991.27500
1006.55000
1022.22500
1038.35000
1054.95000
1072.62500
1126.00000
1138.90000
1152.00000
1165.15000
1178.47500
1191.95000
1205.62500
1219.50000
1233.55000
1247.82500
1262.35000
1277.12500
1292.20000
1307.65000
1323.60000
1340.02500
1357.07500
1426.02500
1438.95000
1452.10000
1465.30000
1478.67500
1492.20000
1505.92500
1519.85000
1533.97500
1548.35000
1562.95000
1577.82500
1593.02500
1608.62500
1624.77500
1641.27500
1726.05000
1739.02500
1752.20000
1765.45000
1778.85000
1792.42500
1806.20000
1820.17500
1834.37500
1848.80000
1863.47500
1878.45000
1893.77500
1909.55000
1925.82500
1942.65000
2026.07500
2039.05000
2052.27500
2065.55000
2079.00000
2092.62500
2106.45000
2120.47500
2134.75000
2149.25000
2164.00000
2179.07500
2194.55000
2210.50000
2226.92500
2326.10000
2339.10000
2352.37500
2365.67500
2379.15000
2392.80000
2406.67500
2420.75000
2435.07500
2449.65000
2464.47500
2479.65000
2495.25000
2511.40000
2528.15000
2626.10000
2639.15000
2652.45000
2665.77500
2679.30000
2693.00000
2706.90000
2721.05000
2735.42500
2750.05000
2764.97500
2780.25000
2795.95000
2812.30000
2829.07500
2926.12500
2939.20000
2952.52500
2965.87500
2979.42500
2993.17500
3007.15000
3021.32500
3035.75000
3050.45000
3065.45000
3080.82500
3096.70000
3113.15000
3130.07500
3226.15000
3239.25000
3252.60000
3265.97500
3279.57500
3293.35000
3307.35000
3321.60000
3336.07500
3350.85000
3365.92500
3381.42500
3397.40000
3414.05000
3526.17500
3539.30000
3552.67500
3566.07500
3579.70000
3593.52500
3607.57500
3621.85000
3636.37500
3651.20000
3666.37500
3681.97500
3698.10000
3715.42500
3826.17500
3839.32500
3852.72500
3866.17500
3879.82500
3893.67500
3907.75000
3922.07500
3936.67500
3951.57500
3966.82500
3982.52500
3998.92500
4126.20000
4139.37500
4152.80000
4166.25000
4179.95000
4193.82500
4207.95000
4222.32500
4236.95000
4251.92500
4267.25000
4283.07500
4299.97500
4316.87500
4426.22500
4439.40000
4452.85000
4466.35000
4480.05000
4493.97500
4508.15000
4522.55000
4537.25000
4552.27500
4567.70000
4583.65000
4726.22500
4739.45000
4752.90000
4766.42500
4780.17500
4794.12500
4808.30000
4822.77500
4837.52500
4852.60000
4868.12500
4884.15000
5026.25000
5039.47500
5052.95000
5066.50000
5080.27500
5094.25000
5108.47500
5122.97500
5137.77500
5152.92500
5168.52500
5184.67500
5326.25000
5339.50000
5353.02500
5366.57500
5380.37500
5394.37500
5408.65000
5423.17500
5438.02500
5453.25000
5468.95000
5485.42500
5626.27500
5639.52500
5653.07500
5666.65000
5680.47500
5694.50000
5708.80000
5723.37500
5738.30000
5753.57500
5769.37500
5786.12500
5926.27500
5939.57500
5953.12500
5966.72500
5980.57500
5994.65000
6008.97500
6023.60000
6038.55000
6053.90000
6069.82500
6226.30000
6239.60000
6253.17500
6266.77500
6280.65000
6294.75000
6309.12500
6323.77500
6338.80000
6354.20000
6370.20000
6526.30000
6539.62500
6553.20000
6566.85000
6580.75000
6594.87500
6609.27500
6623.97500
6639.02500
6654.50000
6670.60000
6826.32500
6839.65000
6853.25000
6866.92500
6880.82500
6895.00000
6909.42500
6924.15000
6939.27500
6954.82500
6971.05000
7126.32500
7139.67500
7153.30000
7166.97500
7180.92500
7195.10000
7209.57500
7224.35000
7239.50000
7255.15000
7271.62500
7426.32500
7439.70000
7453.35000
7467.05000
7481.00000
7495.22500
7509.72500
7524.55000
7539.75000
7555.50000
7572.30000
7726.35000
7739.72500
7753.40000
7767.10000
7781.10000
7795.32500
7809.87500
7824.72500
7840.00000
7855.85000
8026.35000
8039.75000
8053.42500
8067.15000
8081.17500
8095.45000
8110.00000
8124.90000
8140.22500
8156.12500
8326.37500
8339.77500
8353.47500
8367.22500
8381.25000
8395.55000
8410.12500
8425.07500
8440.45000
8456.47500
8626.37500
8639.80000
8653.50000
8667.27500
8681.32500
8695.65000
8710.27500
8725.25000
8740.67500
8756.82500
8926.37500
8939.82500
8953.55000
8967.32500
8981.40000
8995.75000
9010.40000
9025.42500
9040.92500
9057.15000
9226.40000
9239.85000
9253.60000
9267.37500
9281.47500
9295.85000
9310.52500
9325.60000
9341.15000
9357.57500
9526.40000
9539.85000
9553.62500
9567.45000
9581.55000
9595.95000
9610.67500
9625.77500
9641.40000
9658.52500
9826.40000
9839.87500
9853.67500
9867.50000
9881.62500
9896.05000
9910.80000
9925.97500
9941.67500
10126.42500
10139.90000
10153.70000
10167.55000
10181.70000
10196.15000
10210.92500
10226.12500
10241.90000
10426.42500
10439.92500
10453.72500
10467.57500
10481.77500
10496.22500
10511.05000
10526.30000
10542.17500
10726.42500
10739.95000
10753.77500
10767.62500
10781.82500
10796.32500
10811.17500
10826.45000
10842.32500
11026.45000
11039.95000
11053.80000
11067.67500
11081.90000
11096.40000
11111.27500
11126.62500
11142.50000
11326.45000
11339.97500
11353.82500
11367.72500
11381.95000
11396.50000
11411.40000
11426.77500
11442.75000
11626.45000
11640.00000
11653.85000
11667.77500
11682.02500
11696.60000
11711.52500
11726.95000
11743.07500
11926.45000
11940.02500
11953.90000
11967.82500
11982.10000
11996.67500
12011.65000
12027.10000
12043.60000
12226.47500
12240.02500
12253.92500
12267.87500
12282.15000
12296.77500
12311.77500
12327.27500
12344.10000
12526.47500
12540.05000
12553.95000
12567.90000
12582.22500
12596.85000
12611.90000
12627.45000
12826.47500
12840.07500
12853.97500
12867.95000
12882.27500
12896.92500
12912.00000
12927.60000
13126.50000
13140.07500
13154.00000
13168.00000
13182.32500
13197.00000
13212.10000
13227.75000
13245.25000
13426.50000
13440.10000
13454.05000
13468.02500
13482.40000
13497.10000
13512.22500
13527.97500
13726.50000
13740.12500
13754.07500
13768.07500
13782.45000
13797.17500
13812.32500
13828.02500
13845.50000
13862.15000
14026.50000
14040.12500
14054.10000
14068.12500
14082.52500
14097.27500
14112.47500
14128.27500
14326.52500
14340.15000
14354.12500
14368.15000
14382.57500
14397.35000
14412.57500
14428.40000
14626.52500
14640.17500
14654.15000
14668.20000
14682.62500
14697.42500
14712.70000
14728.52500
14926.52500
14940.17500
14954.17500
14968.22500
14982.70000
14997.50000

