$ Stimulation Interval(ms): 300
$ Delay(ms): 10.608339
$ Number of data : 561
$ TSTOP : 15000
$ PN stimulation current max : 0
$ LN stimulation current max : 15000
16.65000
26.52500
35.22500
43.40000
51.22500
58.85000
66.37500
73.82500
81.27500
88.70000
96.15000
103.60000
111.07500
118.60000
126.15000
133.75000
141.40000
149.07500
156.82500
164.60000
172.45000
180.35000
188.30000
196.30000
204.37500
216.70000
1408.40000
1700.75000
1992.72500
2007.92500
2286.40000
2303.22500
2320.10000
2579.45000
2593.75000
2605.47500
2620.80000
2872.27500
2888.77500
2898.60000
2919.05000
3166.17500
3180.00000
3191.42500
3200.67500
3219.20000
3460.27500
3474.60000
3484.27500
3495.60000
3504.60000
3520.22500
3752.02500
3767.22500
3780.50000
3792.07500
3801.15000
3818.80000
4051.65000
4065.35000
4076.67500
4085.80000
4097.17500
4105.87500
4119.75000
4346.27500
4360.20000
4369.95000
4380.45000
4389.25000
4399.27500
4407.85000
4420.65000
4637.30000
4653.15000
4665.75000
4677.50000
4686.60000
4695.25000
4704.05000
4718.97500
4937.60000
4952.35000
4963.55000
4972.52500
4982.37500
4990.95000
4999.42500
5007.80000
5020.42500
5237.27500
5250.67500
5262.30000
5271.35000
5280.50000
5289.22500
5297.67500
5306.02500
5319.60000
5523.95000
5539.15000
5551.52500
5562.77500
5571.77500
5580.50000
5589.15000
5597.52500
5605.85000
5619.47500
5823.05000
5838.67500
5851.27500
5862.97500
5872.05000
5880.45000
5889.00000
5897.32500
5905.62500
5919.35000
6123.25000
6139.15000
6151.25000
6161.67500
6170.62500
6178.97500
6187.30000
6195.55000
6203.80000
6218.42500
6418.67500
6433.07500
6446.82500
6456.22500
6465.82500
6474.37500
6482.70000
6490.92500
6499.17500
6507.42500
6520.07500
6717.70000
6731.65000
6741.85000
6751.52500
6760.07500
6769.52500
6777.87500
6786.10000
6794.30000
6802.52500
6817.37500
7009.12500
7024.72500
7037.20000
7048.27500
7057.35000
7065.65000
7074.47500
7082.75000
7090.95000
7099.15000
7107.37500
7120.02500
7308.55000
7324.10000
7335.27500
7347.65000
7356.65000
7364.87500
7373.02500
7381.15000
7389.27500
7397.45000
7405.62500
7419.25000
7609.02500
7624.07500
7635.30000
7644.02500
7653.52500
7661.87500
7670.25000
7678.40000
7686.55000
7694.70000
7702.87500
7717.52500
7909.30000
7923.45000
7934.32500
7943.07500
7952.62500
7961.02500
7969.22500
7977.35000
7985.47500
7993.62500
8001.77500
8016.82500
8204.65000
8219.05000
8232.82500
8242.10000
8251.22500
8259.62500
8267.80000
8275.90000
8284.00000
8292.12500
8300.27500
8308.50000
8320.60000
8503.90000
8517.05000
8527.15000
8536.95000
8545.42500
8554.42500
8562.70000
8570.82500
8578.90000
8587.00000
8595.12500
8603.27500
8617.77500
8795.60000
8810.57500
8822.90000
8833.85000
8842.70000
8850.85000
8859.52500
8867.62500
8875.70000
8883.75000
8891.85000
8900.00000
8908.17500
8920.37500
9094.52500
9109.85000
9120.47500
9129.77500
9139.20000
9147.45000
9155.52500
9163.52500
9171.55000
9179.57500
9187.65000
9195.75000
9203.90000
9218.17500
9394.75000
9408.05000
9419.20000
9428.02500
9437.15000
9445.42500
9453.52500
9461.55000
9469.57500
9477.60000
9485.65000
9493.75000
9501.87500
9516.67500
9690.82500
9704.82500
9716.55000
9726.22500
9736.15000
9744.42500
9752.47500
9760.47500
9768.45000
9776.47500
9784.50000
9792.57500
9800.70000
9809.00000
9820.87500
9989.80000
10003.60000
10013.60000
10024.62500
10033.07500
10041.85000
10049.95000
10057.97500
10065.95000
10073.95000
10081.97500
10090.05000
10098.15000
10106.30000
10119.50000
10289.87500
10304.67500
10313.47500
10324.27500
10332.55000
10342.15000
10350.25000
10358.22500
10366.20000
10374.20000
10382.20000
10390.27500
10398.37500
10406.52500
10419.60000
10589.37500
10603.35000
10612.45000
10621.85000
10630.25000
10638.60000
10646.75000
10654.77500
10662.75000
10670.72500
10678.72500
10686.77500
10694.85000
10702.97500
10717.32500
10889.97500
10902.87500
10912.57500
10922.32500
10930.65000
10939.30000
10947.35000
10955.30000
10963.25000
10971.22500
10979.22500
10987.25000
10995.32500
11003.45000
11017.75000
11181.32500
11196.40000
11208.27500
11219.25000
11228.02500
11236.05000
11243.97500
11251.90000
11259.80000
11267.75000
11275.70000
11283.70000
11291.75000
11299.85000
11308.00000
11320.25000
11480.77500
11495.82500
11506.05000
11514.72500
11523.37500
11531.57500
11539.55000
11547.47500
11555.37500
11563.30000
11571.25000
11579.22500
11587.25000
11595.30000
11603.42500
11617.67500
11780.82500
11794.30000
11804.95000
11813.67500
11822.65000
11830.90000
11838.90000
11846.82500
11854.72500
11862.65000
11870.60000
11878.57500
11886.57500
11894.65000
11902.75000
11917.07500
12080.82500
12094.62500
12105.27500
12113.92500
12123.20000
12131.32500
12139.27500
12147.17500
12155.05000
12162.95000
12170.90000
12178.85000
12186.87500
12194.92500
12203.02500
12217.32500
12375.57500
12390.17500
12399.82500
12410.60000
12418.82500
12427.62500
12435.62500
12443.55000
12451.42500
12459.32500
12467.22500
12475.17500
12483.15000
12491.20000
12499.27500
12507.42500
12519.97500
12675.60000
12689.15000
12699.17500
12710.15000
12718.35000
12727.57500
12735.60000
12743.47500
12751.35000
12759.25000
12767.15000
12775.10000
12783.10000
12791.12500
12799.20000
12807.35000
12819.92500
12975.57500
12990.60000
12999.37500
13009.22500
13017.45000
13026.27500
13034.32500
13042.22500
13050.10000
13057.97500
13065.87500
13073.80000
13081.77500
13089.80000
13097.87500
13106.00000
13119.35000
13275.27500
13290.72500
13299.45000
13308.27500
13316.52500
13324.80000
13332.75000
13340.62500
13348.47500
13356.32500
13364.22500
13372.12500
13380.10000
13388.10000
13396.15000
13404.27500
13418.35000
13575.47500
13588.37500
13598.27500
13608.00000
13616.17500
13624.67500
13632.60000
13640.45000
13648.30000
13656.15000
13664.02500
13671.95000
13679.90000
13687.90000
13695.95000
13704.07500
13718.20000
13875.35000
13888.90000
13898.15000
13907.80000
13916.00000
13924.35000
13932.22500
13940.05000
13947.87500
13955.72500
13963.60000
13971.50000
13979.45000
13987.45000
13995.50000
14003.60000
14017.77500
14174.95000
14188.60000
14197.90000
14207.40000
14215.62500
14223.52500
14231.35000
14239.17500
14246.97500
14254.82500
14262.67500
14270.57500
14278.52500
14286.52500
14294.55000
14302.65000
14316.95000
14467.97500
14482.42500
14493.35000
14505.27500
14513.45000
14521.32500
14529.12500
14536.92500
14544.70000
14552.52500
14560.37500
14568.25000
14576.17500
14584.15000
14592.17500
14600.25000
14608.40000
14620.45000
14768.27500
14782.00000
14792.55000
14801.02500
14810.40000
14818.45000
14826.30000
14834.12500
14841.92500
14849.72500
14857.57500
14865.42500
14873.35000
14881.30000
14889.30000
14897.37500
14905.47500
14919.10000

