$ Stimulation Interval(ms): 300
$ Delay(ms): 37.789595
$ Number of data : 623
$ TSTOP : 15000
$ PN stimulation current max : 0
$ LN stimulation current max : 15000
43.65000
53.45000
62.15000
70.30000
78.10000
85.72500
93.22500
100.70000
108.12500
115.55000
123.00000
130.45000
137.92500
145.45000
153.00000
160.60000
168.22500
175.92500
183.65000
191.45000
199.27500
208.67500
805.57500
1090.60000
1106.87500
1390.40000
1406.45000
1676.45000
1692.35000
1707.47500
1976.70000
1992.55000
2005.77500
2262.05000
2278.10000
2292.72500
2303.75000
2315.05000
2549.65000
2564.20000
2578.65000
2591.92500
2603.75000
2615.00000
2848.55000
2864.47500
2878.82500
2889.47500
2898.45000
2908.27500
2921.72500
3143.07500
3163.25000
3176.15000
3188.75000
3197.77500
3207.37500
3220.15000
3434.60000
3449.90000
3463.50000
3474.70000
3483.60000
3492.92500
3501.52500
3514.65000
3734.02500
3750.42500
3764.30000
3774.95000
3783.75000
3793.20000
3801.72500
3812.70000
4028.02500
4047.75000
4059.92500
4069.12500
4080.47500
4089.72500
4099.12500
4107.42500
4119.65000
4321.47500
4335.97500
4349.97500
4361.40000
4370.40000
4379.67500
4388.10000
4397.10000
4405.37500
4415.60000
4620.47500
4636.00000
4649.47500
4660.37500
4669.15000
4678.67500
4687.17500
4695.45000
4703.80000
4713.67500
4919.87500
4936.42500
4950.02500
4960.80000
4969.60000
4979.30000
4987.62500
4995.80000
5003.95000
5013.65000
5215.17500
5231.82500
5245.20000
5254.25000
5263.37500
5271.82500
5280.42500
5288.70000
5296.82500
5304.92500
5314.77500
5507.42500
5521.80000
5535.67500
5547.67500
5556.50000
5565.80000
5574.10000
5582.97500
5591.15000
5599.22500
5607.27500
5619.47500
5806.95000
5821.85000
5834.82500
5845.92500
5854.75000
5864.02500
5872.37500
5880.47500
5888.67500
5896.72500
5904.75000
5914.50000
6106.52500
6122.15000
6135.07500
6145.67500
6154.60000
6164.62500
6172.90000
6181.17500
6189.22500
6197.25000
6205.25000
6215.12500
6406.65000
6422.20000
6435.00000
6446.42500
6455.30000
6464.20000
6472.70000
6480.77500
6488.77500
6496.77500
6504.77500
6514.47500
6694.25000
6708.50000
6722.35000
6734.17500
6746.62500
6755.42500
6763.55000
6772.20000
6780.20000
6788.12500
6796.07500
6804.05000
6813.60000
6993.55000
7008.02500
7021.30000
7032.25000
7040.85000
7049.72500
7058.05000
7066.10000
7074.42500
7082.42500
7090.37500
7098.35000
7106.32500
7118.70000
7301.00000
7317.45000
7330.27500
7339.37500
7348.90000
7357.25000
7365.20000
7373.10000
7381.00000
7388.90000
7396.82500
7404.80000
7414.42500
7593.60000
7608.45000
7621.42500
7632.65000
7641.30000
7651.00000
7659.10000
7667.57500
7675.52500
7683.45000
7691.37500
7699.30000
7707.27500
7719.42500
7892.67500
7908.37500
7921.50000
7932.20000
7940.95000
7949.95000
7958.35000
7966.32500
7974.22500
7982.12500
7990.00000
7997.92500
8005.90000
8015.92500
8192.95000
8208.42500
8220.67500
8232.30000
8241.12500
8249.32500
8257.70000
8265.62500
8273.47500
8281.35000
8289.22500
8297.15000
8305.10000
8314.77500
8492.47500
8507.55000
8518.55000
8527.45000
8536.50000
8544.60000
8553.05000
8561.00000
8568.87500
8576.72500
8584.57500
8592.45000
8600.37500
8608.35000
8619.85000
8788.70000
8803.60000
8816.00000
8825.02500
8834.30000
8842.57500
8850.45000
8858.57500
8866.42500
8874.25000
8882.07500
8889.92500
8897.82500
8905.77500
8915.62500
9087.70000
9103.25000
9115.87500
9124.92500
9134.40000
9142.80000
9150.70000
9158.67500
9166.47500
9174.27500
9182.10000
9189.97500
9197.85000
9205.80000
9215.67500
9380.40000
9394.40000
9406.85000
9417.47500
9426.17500
9435.12500
9443.35000
9451.22500
9459.02500
9466.80000
9474.60000
9482.42500
9490.27500
9498.15000
9506.07500
9516.20000
9687.37500
9702.82500
9712.70000
9722.95000
9731.17500
9740.02500
9747.92500
9755.72500
9763.47500
9771.25000
9779.05000
9786.87500
9794.75000
9802.67500
9812.22500
9979.65000
9994.52500
10008.87500
10019.05000
10027.47500
10036.82500
10044.77500
10052.57500
10060.32500
10068.10000
10075.87500
10083.67500
10091.52500
10099.42500
10107.37500
10119.45000
10279.77500
10294.57500
10307.57500
10318.27500
10327.15000
10335.22500
10343.65000
10351.52500
10359.30000
10367.07500
10374.87500
10382.67500
10390.52500
10398.42500
10406.35000
10417.30000
10579.30000
10594.55000
10606.50000
10618.07500
10626.85000
10634.72500
10643.37500
10651.20000
10658.95000
10666.72500
10674.47500
10682.27500
10690.12500
10698.00000
10705.92500
10715.82500
10879.25000
10893.77500
10904.75000
10913.45000
10922.87500
10930.92500
10939.42500
10947.27500
10955.05000
10962.77500
10970.55000
10978.32500
10986.12500
10994.00000
11001.90000
11011.00000
11178.82500
11192.65000
11203.15000
11211.82500
11221.10000
11229.12500
11236.92500
11244.65000
11252.37500
11260.07500
11267.80000
11275.55000
11283.35000
11291.17500
11299.05000
11306.97500
11319.30000
11479.07500
11492.95000
11503.25000
11511.85000
11520.87500
11528.95000
11536.72500
11544.45000
11552.12500
11559.82500
11567.55000
11575.30000
11583.07500
11590.90000
11598.77500
11606.70000
11619.10000
11778.82500
11791.92500
11802.95000
11811.70000
11820.70000
11828.80000
11836.55000
11844.22500
11851.92500
11859.60000
11867.32500
11875.05000
11882.85000
11890.67500
11898.52500
11906.45000
11917.62500
12078.97500
12093.70000
12104.00000
12112.55000
12121.52500
12129.47500
12137.22500
12144.92500
12152.60000
12160.30000
12168.00000
12175.75000
12183.55000
12191.37500
12199.25000
12207.17500
12219.40000
12378.92500
12392.85000
12402.45000
12411.60000
12419.92500
12428.15000
12435.95000
12443.62500
12451.30000
12459.00000
12466.70000
12474.45000
12482.22500
12490.02500
12497.90000
12505.82500
12515.60000
12679.22500
12695.20000
12704.40000
12713.20000
12721.87500
12729.92500
12737.67500
12745.37500
12753.05000
12760.72500
12768.45000
12776.20000
12783.97500
12791.80000
12799.67500
12807.62500
12819.57500
12977.15000
12990.97500
12999.57500
13009.90000
13017.90000
13027.05000
13034.90000
13042.60000
13050.27500
13057.95000
13065.65000
13073.40000
13081.17500
13088.97500
13096.82500
13104.75000
13114.22500
13279.50000
13292.77500
13304.12500
13312.80000
13320.65000
13328.67500
13336.40000
13344.05000
13351.72500
13359.40000
13367.10000
13374.82500
13382.60000
13390.42500
13398.27500
13406.20000
13416.25000
13574.77500
13587.10000
13597.05000
13606.92500
13615.00000
13623.47500
13631.27500
13638.92500
13646.57500
13654.25000
13661.92500
13669.62500
13677.35000
13685.15000
13692.97500
13700.85000
13708.87500
13720.12500
13867.12500
13881.05000
13892.67500
13901.10000
13909.60000
13917.45000
13925.42500
13933.07500
13940.70000
13948.32500
13955.97500
13963.65000
13971.35000
13979.10000
13986.87500
13994.72500
14002.60000
14012.10000
14167.42500
14181.05000
14192.12500
14200.50000
14208.77500
14216.65000
14224.32500
14231.97500
14239.60000
14247.20000
14254.85000
14262.50000
14270.20000
14277.95000
14285.72500
14293.55000
14301.42500
14309.82500
14320.87500
14466.72500
14480.57500
14490.70000
14499.02500
14507.65000
14515.52500
14523.22500
14530.85000
14538.45000
14546.07500
14553.70000
14561.35000
14569.05000
14576.77500
14584.55000
14592.35000
14600.22500
14608.15000
14619.77500
14766.95000
14780.57500
14790.95000
14799.35000
14808.77500
14816.67500
14824.37500
14832.00000
14839.62500
14847.22500
14854.87500
14862.52500
14870.22500
14877.95000
14885.75000
14893.57500
14901.45000
14909.82500
14920.87500

