$ Stimulation Interval(ms): 300
$ Delay(ms): 26.031962
$ Number of data : 617
$ TSTOP : 15000
$ PN stimulation current max : 0
$ LN stimulation current max : 15000
31.95000
41.77500
50.47500
58.62500
66.45000
74.07500
81.57500
89.05000
96.47500
103.92500
111.35000
118.80000
126.30000
133.80000
141.35000
148.95000
156.60000
164.27500
172.02500
179.80000
187.65000
195.55000
203.50000
215.40000
1099.97500
1391.62500
1407.32500
1677.37500
1693.70000
1707.90000
1977.45000
1992.42500
2004.95000
2020.37500
2262.70000
2279.30000
2293.47500
2304.82500
2319.22500
2556.65000
2572.65000
2587.55000
2597.15000
2607.57500
2621.07500
2848.72500
2865.12500
2879.17500
2890.60000
2899.70000
2916.47500
3142.17500
3159.22500
3173.52500
3183.25000
3194.27500
3204.37500
3218.60000
3442.50000
3458.92500
3473.65000
3482.75000
3492.47500
3501.20000
3518.00000
3734.27500
3750.95000
3764.62500
3775.70000
3784.60000
3793.97500
3802.52500
3817.40000
4027.97500
4044.92500
4059.60000
4069.10000
4080.22500
4089.62500
4098.95000
4107.35000
4119.57500
4328.25000
4345.00000
4359.07500
4368.50000
4378.05000
4386.62500
4395.50000
4403.95000
4417.40000
4628.75000
4645.12500
4658.65000
4668.07500
4677.60000
4686.17500
4694.42500
4702.95000
4715.87500
4920.22500
4937.00000
4949.77500
4961.27500
4970.10000
4979.72500
4988.07500
4996.30000
5004.50000
5017.55000
5215.02500
5230.87500
5245.35000
5254.80000
5264.32500
5272.87500
5281.97500
5290.32500
5298.55000
5306.72500
5318.95000
5514.07500
5530.67500
5544.45000
5553.65000
5563.42500
5571.97500
5580.57500
5588.97500
5597.15000
5605.32500
5618.02500
5814.65000
5831.60000
5844.52500
5853.80000
5863.72500
5872.20000
5880.32500
5888.50000
5896.60000
5904.70000
5917.55000
6107.25000
6122.70000
6133.85000
6144.82500
6154.20000
6164.50000
6172.75000
6180.92500
6188.97500
6197.05000
6205.15000
6217.82500
6402.37500
6416.87500
6431.45000
6441.52500
6452.12500
6460.42500
6469.90000
6478.07500
6486.15000
6494.20000
6502.27500
6513.72500
6700.75000
6716.52500
6731.27500
6740.40000
6749.82500
6758.20000
6766.92500
6775.15000
6783.22500
6791.27500
6799.35000
6807.42500
6819.30000
7000.32500
7016.60000
7030.10000
7039.30000
7048.87500
7057.37500
7065.45000
7073.87500
7081.95000
7089.97500
7098.00000
7106.07500
7118.40000
7300.30000
7317.02500
7329.80000
7339.05000
7348.77500
7357.05000
7365.02500
7372.97500
7380.95000
7388.92500
7396.92500
7404.97500
7417.62500
7600.85000
7617.07500
7626.92500
7636.95000
7645.75000
7654.40000
7662.47500
7670.52500
7678.50000
7686.47500
7694.47500
7702.50000
7713.90000
7892.72500
7908.62500
7920.62500
7931.85000
7940.80000
7950.25000
7958.62500
7966.65000
7974.60000
7982.55000
7990.55000
7998.55000
8006.60000
8018.70000
8192.87500
8208.62500
8219.92500
8231.00000
8240.12500
8248.17500
8256.60000
8264.62500
8272.55000
8280.50000
8288.47500
8296.45000
8304.50000
8317.27500
8487.37500
8502.37500
8515.15000
8525.27500
8534.90000
8543.07500
8551.45000
8559.47500
8567.40000
8575.30000
8583.22500
8591.17500
8599.17500
8607.20000
8619.07500
8786.50000
8802.57500
8815.45000
8824.80000
8834.22500
8842.55000
8850.50000
8858.72500
8866.65000
8874.55000
8882.47500
8890.42500
8898.42500
8906.45000
8918.57500
9086.47500
9102.70000
9115.57500
9124.85000
9134.15000
9142.57500
9150.50000
9158.47500
9166.35000
9174.22500
9182.12500
9190.05000
9198.02500
9206.05000
9218.32500
9379.35000
9394.05000
9405.65000
9416.72500
9425.70000
9434.77500
9442.97500
9450.87500
9458.72500
9466.57500
9474.42500
9482.32500
9490.25000
9498.22500
9506.25000
9518.42500
9678.72500
9693.67500
9704.90000
9715.55000
9724.92500
9734.65000
9742.77500
9750.67500
9758.52500
9766.35000
9774.22500
9782.12500
9790.05000
9798.02500
9806.02500
9818.30000
9978.55000
9994.07500
10005.27500
10014.10000
10024.07500
10032.15000
10040.67500
10048.62500
10056.60000
10064.47500
10072.32500
10080.20000
10088.12500
10096.07500
10104.10000
10116.82500
10279.67500
10294.85000
10306.75000
10317.40000
10326.47500
10334.45000
10342.90000
10350.82500
10358.67500
10366.50000
10374.37500
10382.25000
10390.17500
10398.15000
10406.17500
10418.40000
10578.82500
10594.67500
10605.92500
10614.70000
10623.90000
10631.95000
10640.35000
10648.25000
10656.07500
10663.87500
10671.72500
10679.60000
10687.50000
10695.45000
10703.45000
10715.40000
10879.15000
10894.40000
10904.70000
10913.50000
10922.40000
10930.40000
10938.47500
10946.27500
10954.07500
10961.87500
10969.70000
10977.55000
10985.42500
10993.35000
11001.35000
11010.37500
11178.52500
11191.50000
11202.25000
11211.42500
11220.80000
11228.95000
11236.77500
11244.57500
11252.35000
11260.12500
11267.92500
11275.75000
11283.62500
11291.55000
11299.50000
11307.52500
11319.25000
11474.65000
11488.87500
11501.62500
11510.72500
11520.27500
11528.42500
11536.25000
11544.00000
11551.75000
11559.50000
11567.30000
11575.12500
11583.00000
11590.90000
11598.85000
11606.87500
11618.80000
11773.17500
11788.97500
11801.42500
11810.50000
11819.67500
11827.97500
11835.77500
11843.52500
11851.27500
11859.02500
11866.80000
11874.62500
11882.47500
11890.40000
11898.35000
11906.35000
11918.50000
12072.80000
12087.90000
12097.60000
12107.40000
12115.55000
12124.60000
12132.52500
12140.32500
12148.07500
12155.85000
12163.62500
12171.45000
12179.27500
12187.17500
12195.10000
12203.10000
12214.57500
12373.07500
12386.45000
12397.17500
12407.07500
12415.20000
12424.35000
12432.22500
12440.02500
12447.77500
12455.52500
12463.30000
12471.10000
12478.95000
12486.82500
12494.77500
12502.75000
12514.00000
12672.87500
12685.90000
12696.90000
12706.47500
12714.70000
12723.87500
12731.77500
12739.52500
12747.27500
12755.02500
12762.77500
12770.57500
12778.42500
12786.30000
12794.22500
12802.20000
12813.42500
12972.95000
12983.57500
12995.40000
13005.47500
13013.92500
13022.15000
13030.35000
13038.17500
13045.92500
13053.65000
13061.42500
13069.22500
13077.05000
13084.92500
13092.82500
13100.80000
13108.90000
13120.27500
13266.87500
13281.20000
13292.95000
13303.30000
13312.00000
13319.85000
13327.62500
13335.35000
13343.05000
13350.75000
13358.47500
13366.25000
13374.05000
13381.90000
13389.80000
13397.72500
13405.72500
13418.05000
13567.55000
13581.15000
13592.42500
13600.85000
13609.60000
13617.52500
13625.87500
13633.65000
13641.37500
13649.07500
13656.82500
13664.57500
13672.37500
13680.20000
13688.10000
13696.02500
13704.00000
13716.52500
13866.52500
13880.57500
13890.97500
13899.45000
13908.25000
13916.15000
13924.10000
13931.82500
13939.52500
13947.22500
13954.92500
13962.67500
13970.45000
13978.27500
13986.15000
13994.05000
14002.02500
14013.20000
14166.47500
14180.77500
14191.12500
14199.50000
14208.12500
14216.05000
14223.80000
14231.50000
14239.17500
14246.85000
14254.57500
14262.30000
14270.07500
14277.90000
14285.77500
14293.67500
14301.65000
14311.87500
14465.55000
14480.10000
14490.42500
14498.72500
14507.45000
14515.35000
14523.07500
14530.75000
14538.42500
14546.10000
14553.80000
14561.52500
14569.30000
14577.10000
14584.97500
14592.87500
14600.82500
14608.92500
14620.27500
14765.70000
14779.77500
14790.42500
14798.82500
14808.05000
14815.95000
14823.67500
14831.35000
14839.02500
14846.70000
14854.40000
14862.12500
14869.90000
14877.72500
14885.57500
14893.47500
14901.45000
14910.47500

