$ Stimulation Interval(ms): 300
$ Delay(ms): 239.029500
$ Number of data : 691
$ TSTOP : 15000
$ PN stimulation current max : 0
$ LN stimulation current max : 15000
243.85000
256.90000
269.87500
282.87500
295.95000
309.20000
322.60000
336.17500
349.95000
363.92500
378.10000
392.50000
407.12500
422.02500
437.20000
452.65000
468.40000
484.30000
500.35000
517.62500
546.15000
559.15000
572.20000
585.27500
598.45000
611.82500
625.35000
639.07500
653.00000
667.12500
681.50000
696.10000
710.95000
726.10000
741.52500
757.22500
773.05000
789.07500
805.40000
846.52500
859.57500
872.67500
885.77500
899.05000
912.47500
926.07500
939.87500
953.87500
968.10000
982.55000
997.27500
1012.27500
1027.60000
1043.20000
1059.00000
1074.92500
1091.07500
1107.60000
1146.55000
1159.65000
1172.80000
1185.97500
1199.30000
1212.77500
1226.45000
1240.32500
1254.42500
1268.72500
1283.30000
1298.12500
1313.25000
1328.67500
1344.35000
1360.22500
1376.22500
1392.55000
1409.22500
1446.65000
1459.80000
1473.00000
1486.20000
1499.57500
1513.12500
1526.85000
1540.80000
1554.95000
1569.35000
1584.02500
1598.95000
1614.22500
1629.75000
1645.50000
1661.42500
1677.52500
1694.05000
1710.85000
1746.77500
1759.95000
1773.20000
1786.45000
1799.87500
1813.47500
1827.25000
1841.27500
1855.50000
1869.97500
1884.72500
1899.77500
1915.12500
1930.67500
1946.55000
1962.52500
1978.85000
1995.42500
2046.72500
2059.92500
2073.20000
2086.50000
2099.95000
2113.60000
2127.45000
2141.52500
2155.82500
2170.37500
2185.22500
2200.40000
2215.82500
2231.52500
2247.32500
2263.30000
2279.70000
2296.35000
2346.75000
2360.00000
2373.32500
2386.65000
2400.15000
2413.85000
2427.75000
2441.87500
2456.25000
2470.87500
2485.82500
2501.10000
2516.62500
2532.42500
2548.37500
2564.52500
2581.05000
2597.90000
2646.77500
2660.07500
2673.42500
2686.77500
2700.32500
2714.07500
2728.02500
2742.22500
2756.65000
2771.37500
2786.42500
2801.80000
2817.40000
2833.17500
2849.07500
2865.40000
2882.02500
2899.30000
2946.82500
2960.12500
2973.52500
2986.92500
3000.50000
3014.30000
3028.30000
3042.55000
3057.05000
3071.85000
3087.00000
3102.45000
3118.12500
3134.05000
3150.05000
3166.60000
3183.32500
3246.82500
3260.17500
3273.60000
3287.02500
3300.65000
3314.50000
3328.55000
3342.85000
3357.42500
3372.30000
3387.55000
3403.05000
3418.80000
3434.70000
3450.80000
3467.25000
3484.22500
3546.85000
3560.22500
3573.70000
3587.15000
3600.80000
3614.67500
3628.80000
3643.15000
3657.77500
3672.75000
3688.07500
3703.65000
3719.42500
3735.35000
3751.70000
3768.30000
3785.97500
3846.87500
3860.27500
3873.77500
3887.25000
3900.97500
3914.87500
3929.02500
3943.45000
3958.15000
3973.22500
3988.62500
4004.25000
4020.15000
4036.17500
4052.67500
4069.27500
4146.90000
4160.32500
4173.85000
4187.35000
4201.10000
4215.05000
4229.25000
4243.72500
4258.50000
4273.65000
4289.07500
4304.77500
4320.77500
4336.82500
4353.30000
4370.10000
4446.92500
4460.37500
4473.92500
4487.47500
4501.25000
4515.25000
4529.47500
4544.00000
4558.85000
4574.10000
4589.60000
4605.27500
4621.22500
4637.40000
4653.85000
4671.20000
4746.92500
4760.42500
4774.00000
4787.57500
4801.37500
4815.42500
4829.70000
4844.30000
4859.20000
4874.50000
4890.05000
4905.80000
4921.75000
4938.17500
4954.90000
5046.95000
5060.47500
5074.07500
5087.67500
5101.50000
5115.57500
5129.92500
5144.55000
5159.55000
5174.90000
5190.50000
5206.37500
5222.35000
5238.72500
5255.32500
5346.97500
5360.50000
5374.12500
5387.75000
5401.62500
5415.75000
5430.12500
5444.82500
5459.90000
5475.30000
5490.92500
5506.77500
5522.75000
5539.20000
5555.97500
5646.97500
5660.55000
5674.20000
5687.85000
5701.75000
5715.90000
5730.35000
5745.10000
5760.22500
5775.67500
5791.35000
5807.20000
5823.27500
5839.67500
5857.00000
5947.00000
5960.60000
5974.27500
5987.95000
6001.87500
6016.07500
6030.55000
6045.35000
6060.57500
6076.02500
6091.75000
6107.80000
6124.07500
6140.92500
6247.02500
6260.62500
6274.32500
6288.02500
6302.00000
6316.22500
6330.75000
6345.62500
6360.90000
6376.40000
6392.22500
6408.30000
6424.67500
6441.37500
6547.02500
6560.67500
6574.40000
6588.12500
6602.12500
6616.37500
6630.95000
6645.87500
6661.20000
6676.70000
6692.50000
6708.52500
6724.92500
6741.55000
6847.05000
6860.70000
6874.45000
6888.20000
6902.22500
6916.52500
6931.15000
6946.15000
6961.52500
6977.12500
6992.90000
7008.82500
7025.22500
7042.05000
7147.05000
7160.72500
7174.52500
7188.27500
7202.35000
7216.70000
7231.35000
7246.40000
7261.85000
7277.47500
7293.25000
7309.25000
7325.57500
7342.85000
7447.07500
7460.77500
7474.57500
7488.37500
7502.47500
7516.85000
7531.55000
7546.67500
7562.10000
7577.72500
7593.60000
7609.77500
7626.30000
7747.07500
7760.80000
7774.62500
7788.45000
7802.57500
7816.97500
7831.75000
7846.92500
7862.32500
7878.02500
7893.85000
7910.12500
7926.75000
8047.10000
8060.85000
8074.67500
8088.52500
8102.67500
8117.12500
8131.92500
8147.17500
8162.65000
8178.40000
8194.50000
8210.95000
8227.62500
8347.10000
8360.87500
8374.75000
8388.60000
8402.80000
8417.27500
8432.12500
8447.42500
8462.87500
8478.65000
8494.72500
8511.00000
8527.70000
8647.12500
8660.90000
8674.80000
8688.67500
8702.90000
8717.42500
8732.32500
8747.65000
8763.07500
8778.80000
8794.75000
8811.05000
8827.97500
8947.12500
8960.95000
8974.85000
8988.75000
9003.00000
9017.57500
9032.52500
9047.90000
9063.35000
9079.07500
9095.02500
9111.32500
9128.62500
9247.15000
9260.97500
9274.90000
9288.82500
9303.10000
9317.70000
9332.72500
9348.15000
9363.67500
9379.32500
9395.27500
9411.62500
9547.15000
9561.00000
9574.95000
9588.90000
9603.20000
9617.85000
9632.90000
9648.27500
9663.85000
9679.62500
9695.65000
9712.37500
9847.17500
9861.02500
9875.00000
9888.97500
9903.30000
9917.97500
9933.10000
9948.52500
9964.12500
9979.85000
9995.97500
10013.55000
10147.17500
10161.05000
10175.05000
10189.05000
10203.40000
10218.12500
10233.27500
10248.67500
10264.32500
10280.15000
10296.52500
10313.42500
10447.17500
10461.07500
10475.10000
10489.10000
10503.50000
10518.25000
10533.47500
10548.82500
10564.60000
10580.52500
10597.00000
10614.17500
10747.20000
10761.12500
10775.15000
10789.17500
10803.60000
10818.40000
10833.67500
10849.00000
10864.85000
10880.85000
10897.35000
10914.60000
11047.20000
11061.15000
11075.20000
11089.25000
11103.70000
11118.52500
11133.87500
11149.25000
11165.00000
11180.92500
11197.22500
11214.30000
11347.22500
11361.17500
11375.25000
11389.32500
11403.80000
11418.67500
11434.05000
11449.47500
11465.32500
11481.27500
11497.57500
11647.22500
11661.20000
11675.30000
11689.37500
11703.90000
11718.80000
11734.20000
11749.65000
11765.35000
11781.27500
11797.60000
11947.22500
11961.22500
11975.32500
11989.45000
12003.97500
12018.92500
12034.32500
12049.82500
12065.47500
12081.50000
12098.07500
12247.25000
12261.25000
12275.37500
12289.50000
12304.07500
12319.05000
12334.37500
12349.95000
12365.72500
12381.80000
12547.25000
12561.27500
12575.42500
12589.55000
12604.15000
12619.17500
12634.42500
12650.05000
12665.77500
12681.95000
12847.25000
12861.30000
12875.45000
12889.60000
12904.22500
12919.30000
12934.55000
12950.22500
12965.92500
12982.27500
12999.37500
13147.27500
13161.32500
13175.50000
13189.67500
13204.32500
13219.42500
13234.77500
13250.42500
13266.35000
13282.77500
13299.45000
13447.27500
13461.35000
13475.55000
13489.72500
13504.42500
13519.57500
13534.95000
13550.62500
13566.57500
13583.12500
13747.27500
13761.37500
13775.57500
13789.80000
13804.50000
13819.70000
13835.00000
13850.72500
13866.72500
13883.17500
13900.67500
14047.30000
14061.40000
14075.62500
14089.85000
14104.60000
14119.85000
14135.15000
14150.92500
14167.12500
14183.37500
14200.80000
14347.30000
14361.42500
14375.67500
14389.92500
14404.70000
14419.97500
14435.30000
14451.07500
14467.10000
14483.65000
14501.12500
14647.30000
14661.45000
14675.72500
14689.97500
14704.77500
14720.12500
14735.50000
14751.27500
14767.30000
14783.70000
14947.32500
14961.47500
14975.75000
14990.02500

