$ Stimulation Interval(ms): 300
$ Delay(ms): 32.040561
$ Number of data : 607
$ TSTOP : 15000
$ PN stimulation current max : 0
$ LN stimulation current max : 15000
37.92500
47.75000
56.45000
64.57500
72.40000
80.02500
87.52500
95.00000
102.42500
109.85000
117.30000
124.75000
132.22500
139.75000
147.30000
154.90000
162.55000
170.22500
177.95000
185.75000
193.57500
201.47500
214.10000
1106.65000
1392.30000
1408.07500
1679.27500
1700.82500
1977.50000
1992.20000
2004.05000
2262.55000
2280.27500
2293.20000
2304.55000
2561.32500
2575.15000
2588.35000
2597.97500
2607.70000
2848.85000
2865.50000
2879.80000
2891.02500
2905.20000
2921.60000
3144.70000
3161.72500
3174.25000
3189.37500
3198.25000
3208.02500
3434.60000
3450.37500
3463.80000
3475.52500
3490.45000
3499.17500
3508.17500
3733.70000
3750.67500
3763.32500
3775.22500
3784.07500
3793.72500
3802.22500
3814.55000
4029.27500
4046.17500
4060.07500
4075.12500
4083.92500
4093.57500
4102.02500
4113.72500
4328.87500
4345.75000
4359.70000
4368.70000
4378.37500
4386.90000
4395.67500
4404.05000
4420.72500
4620.37500
4636.42500
4648.97500
4660.95000
4669.72500
4679.02500
4687.47500
4695.72500
4703.97500
4720.75000
4919.75000
4936.72500
4948.62500
4961.22500
4969.90000
4979.42500
4987.80000
4995.97500
5004.10000
5020.75000
5214.90000
5231.35000
5245.50000
5254.67500
5263.92500
5272.32500
5280.92500
5289.17500
5297.30000
5305.42500
5320.65000
5515.00000
5531.60000
5545.47500
5554.30000
5563.85000
5572.27500
5580.75000
5588.97500
5597.10000
5605.20000
5620.60000
5815.40000
5831.80000
5845.57500
5854.27500
5864.15000
5872.50000
5880.67500
5888.80000
5896.85000
5904.90000
5920.57500
6107.02500
6122.72500
6134.15000
6146.52500
6155.17500
6164.97500
6173.20000
6181.25000
6189.30000
6197.35000
6205.40000
6220.60000
6406.80000
6422.95000
6433.97500
6446.85000
6455.47500
6464.55000
6472.85000
6480.92500
6488.92500
6496.95000
6504.97500
6520.55000
6701.97500
6717.37500
6731.37500
6740.65000
6750.05000
6758.32500
6766.80000
6774.92500
6782.95000
6790.95000
6798.97500
6807.00000
6821.00000
7001.62500
7017.55000
7031.22500
7040.02500
7049.42500
7057.80000
7065.95000
7074.17500
7082.20000
7090.17500
7098.17500
7106.20000
7120.72500
7301.50000
7317.80000
7331.22500
7339.97500
7349.62500
7357.85000
7365.82500
7373.75000
7381.67500
7389.62500
7397.60000
7405.60000
7420.57500
7601.87500
7617.67500
7632.02500
7640.57500
7650.20000
7658.30000
7666.25000
7674.20000
7682.12500
7690.07500
7698.02500
7706.05000
7720.67500
7892.62500
7908.62500
7920.10000
7932.67500
7941.20000
7950.42500
7958.65000
7966.60000
7974.52500
7982.42500
7990.37500
7998.32500
8006.32500
8020.75000
8193.10000
8209.05000
8220.02500
8232.92500
8241.42500
8249.77500
8257.87500
8265.77500
8273.65000
8281.52500
8289.45000
8297.40000
8305.40000
8320.55000
8492.70000
8505.50000
8517.55000
8526.92500
8536.07500
8544.20000
8552.55000
8560.50000
8568.40000
8576.27500
8584.15000
8592.07500
8600.05000
8608.05000
8621.52500
8789.80000
8804.12500
8817.10000
8825.90000
8835.02500
8843.17500
8851.10000
8859.10000
8866.97500
8874.82500
8882.70000
8890.62500
8898.55000
8906.55000
8920.80000
9088.70000
9103.87500
9116.80000
9125.55000
9134.77500
9142.97500
9150.87500
9158.80000
9166.65000
9174.47500
9182.35000
9190.25000
9198.17500
9206.17500
9220.67500
9388.25000
9403.72500
9416.95000
9425.52500
9435.07500
9443.20000
9451.05000
9458.85000
9466.65000
9474.47500
9482.32500
9490.22500
9498.15000
9506.15000
9520.67500
9687.85000
9703.65000
9714.57500
9723.92500
9733.20000
9741.27500
9749.12500
9756.92500
9764.72500
9772.55000
9780.37500
9788.25000
9796.17500
9804.15000
9815.70000
9981.25000
9995.30000
10006.67500
10018.27500
10026.75000
10035.97500
10043.90000
10051.72500
10059.50000
10067.30000
10075.10000
10082.95000
10090.85000
10098.77500
10106.75000
10120.85000
10280.17500
10295.07500
10306.22500
10318.40000
10326.82500
10334.70000
10342.85000
10350.67500
10358.45000
10366.22500
10374.02500
10381.85000
10389.72500
10397.65000
10405.62500
10420.60000
10579.47500
10595.12500
10606.00000
10614.60000
10623.17500
10631.17500
10639.17500
10646.97500
10654.77500
10662.55000
10670.35000
10678.17500
10686.02500
10693.92500
10701.87500
10710.77500
10879.52500
10894.62500
10904.87500
10913.70000
10922.62500
10930.65000
10938.82500
10946.62500
10954.40000
10962.17500
10969.95000
10977.77500
10985.62500
10993.50000
11001.45000
11010.05000
11179.22500
11192.10000
11203.75000
11212.37500
11221.60000
11229.62500
11237.42500
11245.20000
11252.92500
11260.67500
11268.45000
11276.25000
11284.07500
11291.95000
11299.87500
11307.85000
11321.30000
11478.95000
11491.40000
11503.32500
11511.92500
11521.15000
11529.20000
11537.00000
11544.75000
11552.47500
11560.22500
11567.97500
11575.77500
11583.60000
11591.47500
11599.40000
11607.35000
11621.05000
11779.07500
11791.27500
11803.22500
11811.75000
11821.00000
11829.12500
11836.92500
11844.65000
11852.37500
11860.10000
11867.87500
11875.65000
11883.47500
11891.35000
11899.27500
11907.25000
11921.00000
12075.32500
12089.82500
12103.57500
12112.02500
12121.35000
12129.25000
12136.97500
12144.67500
12152.37500
12160.10000
12167.85000
12175.65000
12183.47500
12191.32500
12199.25000
12207.22500
12221.00000
12375.02500
12389.27500
12398.92500
12408.25000
12416.30000
12424.72500
12432.52500
12440.27500
12447.97500
12455.67500
12463.40000
12471.17500
12478.97500
12486.80000
12494.70000
12502.62500
12513.57500
12675.20000
12688.55000
12698.32500
12707.50000
12715.57500
12724.07500
12731.87500
12739.62500
12747.32500
12755.02500
12762.75000
12770.50000
12778.30000
12786.12500
12794.00000
12801.92500
12810.85000
12974.75000
12989.40000
12998.15000
13007.47500
13015.52500
13023.80000
13031.65000
13039.37500
13047.07500
13054.77500
13062.50000
13070.25000
13078.05000
13085.87500
13093.75000
13101.67500
13110.40000
13274.80000
13289.75000
13298.22500
13307.07500
13315.07500
13322.95000
13330.67500
13338.35000
13346.02500
13353.70000
13361.40000
13369.15000
13376.92500
13384.75000
13392.62500
13400.52500
13408.52500
13421.75000
13575.05000
13588.52500
13597.82500
13607.25000
13615.25000
13623.22500
13630.95000
13638.62500
13646.30000
13653.97500
13661.67500
13669.42500
13677.20000
13685.02500
13692.90000
13700.82500
13708.87500
13722.02500
13867.95000
13881.32500
13891.52500
13899.95000
13908.62500
13916.55000
13924.50000
13932.20000
13939.87500
13947.55000
13955.22500
13962.92500
13970.67500
13978.45000
13986.27500
13994.15000
14002.07500
14011.12500
14168.70000
14181.42500
14191.52500
14199.80000
14208.37500
14216.27500
14224.02500
14231.70000
14239.35000
14247.02500
14254.70000
14262.40000
14270.12500
14277.90000
14285.72500
14293.60000
14301.52500
14310.10000
14467.00000
14481.27500
14491.55000
14499.77500
14508.35000
14516.27500
14524.02500
14531.70000
14539.35000
14547.02500
14554.70000
14562.40000
14570.12500
14577.90000
14585.72500
14593.60000
14601.52500
14610.10000
14767.77500
14780.80000
14791.25000
14799.55000
14808.60000
14816.52500
14824.25000
14831.90000
14839.55000
14847.20000
14854.87500
14862.57500
14870.32500
14878.10000
14885.92500
14893.77500
14901.70000
14910.40000

