$ Stimulation Interval(ms): 300
$ Delay(ms): 12.024517
$ Number of data : 529
$ TSTOP : 15000
$ PN stimulation current max : 0
$ LN stimulation current max : 15000
18.05000
27.92500
36.62500
44.80000
52.62500
60.22500
67.75000
75.22500
82.65000
90.10000
97.52500
105.00000
112.47500
120.00000
127.55000
135.15000
142.77500
150.47500
158.20000
166.00000
173.85000
181.75000
189.70000
197.70000
205.90000
1406.37500
1706.47500
1991.90000
2008.07500
2279.85000
2293.97500
2309.30000
2578.07500
2593.55000
2606.02500
2877.30000
2893.27500
2906.50000
3165.15000
3179.65000
3193.10000
3206.32500
3462.65000
3478.95000
3491.45000
3500.62500
3752.42500
3766.27500
3780.45000
3792.75000
3801.80000
3814.75000
4050.35000
4064.82500
4077.52500
4086.67500
4098.07500
4106.80000
4349.05000
4364.27500
4376.95000
4385.97500
4395.10000
4403.80000
4415.37500
4637.22500
4650.95000
4665.35000
4677.47500
4686.55000
4695.05000
4703.85000
4715.27500
4937.27500
4951.25000
4963.80000
4972.80000
4982.20000
4990.82500
4999.25000
5007.60000
5235.05000
5249.85000
5262.77500
5271.85000
5281.45000
5290.07500
5298.47500
5306.82500
5534.32500
5548.67500
5562.30000
5571.32500
5580.05000
5588.75000
5597.12500
5605.42500
5822.90000
5836.30000
5849.85000
5863.12500
5872.05000
5880.45000
5888.80000
5897.05000
5905.32500
6122.42500
6136.27500
6148.37500
6157.27500
6167.32500
6175.85000
6184.62500
6192.92500
6201.17500
6209.97500
6422.82500
6436.62500
6448.72500
6457.67500
6468.42500
6476.90000
6485.15000
6493.37500
6501.60000
6510.60000
6719.92500
6733.82500
6748.35000
6757.20000
6766.25000
6774.72500
6782.97500
6791.17500
6799.40000
6807.62500
7018.65000
7032.65000
7041.70000
7050.90000
7059.42500
7067.72500
7076.05000
7084.27500
7092.47500
7100.67500
7109.07500
7308.65000
7322.02500
7334.80000
7344.22500
7353.47500
7361.87500
7370.07500
7378.20000
7386.32500
7394.47500
7402.65000
7412.35000
7608.75000
7622.47500
7635.00000
7643.75000
7653.67500
7662.07500
7670.60000
7678.77500
7686.90000
7695.05000
7703.22500
7713.45000
7908.57500
7922.47500
7934.47500
7943.30000
7953.45000
7961.87500
7970.05000
7978.17500
7986.30000
7994.42500
8002.60000
8012.22500
8208.30000
8221.92500
8234.32500
8243.15000
8252.65000
8261.00000
8269.15000
8277.22500
8285.32500
8293.45000
8301.60000
8310.50000
8506.00000
8519.10000
8528.72500
8538.20000
8546.52500
8555.22500
8563.37500
8571.45000
8579.52500
8587.60000
8595.70000
8603.85000
8614.42500
8805.30000
8818.47500
8827.42500
8836.57500
8845.05000
8853.20000
8861.50000
8869.60000
8877.65000
8885.72500
8893.85000
8901.97500
8911.07500
9095.22500
9108.27500
9120.97500
9134.02500
9142.95000
9151.10000
9159.30000
9167.32500
9175.35000
9183.40000
9191.47500
9199.60000
9207.75000
9394.00000
9407.57500
9419.35000
9428.20000
9437.50000
9445.85000
9453.97500
9462.02500
9470.02500
9478.05000
9486.12500
9494.20000
9502.32500
9511.62500
9692.72500
9706.42500
9717.92500
9727.00000
9737.32500
9745.55000
9753.57500
9761.57500
9769.55000
9777.55000
9785.57500
9793.65000
9801.77500
9810.67500
9993.40000
10008.65000
10019.57500
10028.22500
10038.32500
10046.47500
10054.50000
10062.47500
10070.45000
10078.45000
10086.47500
10094.55000
10102.67500
10112.22500
10294.40000
10308.32500
10319.80000
10328.62500
10337.50000
10345.72500
10353.77500
10361.75000
10369.75000
10377.75000
10385.77500
10393.85000
10401.97500
10410.97500
10593.95000
10607.35000
10619.82500
10628.55000
10636.90000
10645.20000
10653.22500
10661.20000
10669.17500
10677.15000
10685.17500
10693.25000
10701.35000
10709.97500
10892.30000
10904.57500
10913.62500
10923.30000
10931.55000
10940.12500
10948.15000
10956.10000
10964.05000
10972.00000
10980.00000
10988.02500
10996.10000
11004.22500
11014.87500
11181.92500
11195.27500
11207.27500
11219.25000
11227.87500
11235.87500
11243.80000
11251.70000
11259.60000
11267.50000
11275.47500
11283.45000
11291.47500
11299.57500
11307.70000
11480.95000
11494.42500
11506.52500
11519.97500
11528.57500
11536.57500
11544.50000
11552.40000
11560.30000
11568.22500
11576.17500
11584.17500
11592.20000
11600.30000
11608.45000
11779.92500
11793.72500
11804.90000
11813.65000
11822.75000
11831.02500
11839.02500
11846.95000
11854.87500
11862.77500
11870.72500
11878.67500
11886.70000
11894.75000
11902.85000
11912.45000
12079.75000
12094.22500
12105.57500
12114.22500
12124.15000
12132.27500
12140.22500
12148.12500
12156.02500
12163.92500
12171.87500
12179.82500
12187.85000
12195.90000
12204.00000
12214.50000
12380.35000
12394.62500
12405.50000
12414.17500
12424.42500
12432.52500
12440.47500
12448.37500
12456.25000
12464.15000
12472.07500
12480.05000
12488.05000
12496.10000
12504.22500
12514.80000
12679.85000
12695.57500
12705.55000
12714.15000
12723.90000
12731.95000
12739.85000
12747.70000
12755.55000
12763.45000
12771.35000
12779.32500
12787.32500
12795.37500
12803.47500
12813.57500
12980.27500
12994.77500
13005.87500
13014.57500
13023.02500
13031.40000
13039.37500
13047.27500
13055.15000
13063.05000
13070.97500
13078.92500
13086.92500
13094.97500
13103.07500
13112.82500
13279.97500
13294.07500
13305.62500
13314.27500
13322.52500
13330.70000
13338.57500
13346.42500
13354.27500
13362.15000
13370.05000
13378.00000
13386.00000
13394.02500
13402.12500
13411.15000
13579.32500
13592.67500
13601.17500
13610.47500
13618.60000
13627.17500
13635.10000
13642.95000
13650.80000
13658.65000
13666.52500
13674.45000
13682.42500
13690.42500
13698.50000
13706.62500
13878.62500
13890.45000
13899.30000
13908.47500
13916.60000
13924.62500
13932.47500
13940.30000
13948.12500
13955.95000
13963.82500
13971.72500
13979.67500
13987.65000
13995.70000
14003.77500
14014.10000
14177.82500
14190.22500
14198.95000
14208.27500
14216.37500
14224.27500
14232.10000
14239.92500
14247.72500
14255.57500
14263.42500
14271.32500
14279.27500
14287.25000
14295.27500
14303.37500
14313.35000
14477.50000
14490.12500
14498.80000
14508.07500
14516.17500
14524.05000
14531.87500
14539.67500
14547.50000
14555.32500
14563.17500
14571.07500
14579.00000
14587.00000
14595.02500
14603.12500
14612.85000
14768.02500
14781.02500
14792.90000
14801.30000
14810.55000
14818.60000
14826.47500
14834.30000
14842.10000
14849.90000
14857.72500
14865.60000
14873.50000
14881.45000
14889.45000
14897.50000
14905.60000

