$ Stimulation Interval(ms): 300
$ Delay(ms): 0.215774
$ Number of data : 583
$ TSTOP : 15000
$ PN stimulation current max : 0
$ LN stimulation current max : 15000
6.35000
16.27500
25.00000
33.17500
41.00000
48.62500
56.15000
63.62500
71.05000
78.50000
85.92500
93.40000
100.87500
108.40000
115.95000
123.55000
131.20000
138.90000
146.62500
154.42500
162.25000
170.15000
178.12500
186.12500
194.20000
202.35000
214.32500
1407.22500
1693.37500
1709.10000
1980.25000
1995.55000
2008.97500
2279.15000
2294.12500
2307.00000
2320.45000
2565.60000
2581.40000
2594.30000
2605.27500
2619.40000
2865.15000
2880.60000
2894.35000
2905.70000
2919.42500
3151.42500
3167.15000
3180.32500
3191.50000
3200.70000
3217.42500
3450.65000
3466.07500
3479.87500
3490.92500
3500.22500
3510.30000
3750.87500
3765.32500
3776.50000
3785.70000
3795.37500
3804.15000
3817.92500
4045.05000
4059.70000
4070.27500
4081.95000
4091.77500
4101.20000
4114.00000
4336.55000
4351.70000
4365.15000
4376.42500
4385.72500
4394.87500
4403.77500
4417.15000
4636.72500
4651.15000
4664.12500
4675.62500
4685.10000
4693.65000
4702.90000
4716.20000
4937.30000
4951.37500
4962.52500
4971.52500
4981.07500
4989.70000
4998.47500
5006.92500
5019.12500
5222.60000
5238.17500
5251.25000
5262.25000
5271.35000
5280.52500
5289.30000
5297.80000
5306.22500
5318.60000
5522.10000
5537.70000
5550.52500
5561.37500
5570.70000
5579.45000
5588.45000
5596.92500
5605.30000
5617.80000
5822.27500
5836.17500
5847.70000
5856.65000
5865.80000
5874.50000
5883.00000
5891.42500
5899.77500
5908.15000
5919.70000
6117.05000
6132.07500
6144.55000
6154.55000
6165.35000
6173.90000
6182.62500
6190.97500
6199.30000
6207.62500
6219.42500
6408.90000
6424.02500
6437.37500
6448.40000
6457.37500
6467.77500
6476.30000
6484.62500
6492.90000
6501.20000
6510.35000
6708.27500
6724.12500
6736.97500
6748.27500
6757.27500
6766.40000
6775.02500
6783.37500
6791.67500
6799.97500
6808.30000
6819.77500
7007.05000
7022.52500
7034.20000
7046.52500
7056.00000
7064.40000
7073.57500
7081.87500
7090.12500
7098.37500
7106.67500
7118.72500
7307.62500
7321.85000
7333.25000
7342.12500
7351.35000
7359.85000
7368.25000
7376.45000
7384.65000
7392.87500
7401.12500
7409.92500
7421.57500
7608.55000
7622.62500
7633.87500
7642.75000
7652.40000
7660.77500
7669.32500
7677.52500
7685.72500
7693.95000
7702.20000
7714.12500
7894.40000
7909.95000
7923.22500
7934.20000
7943.05000
7952.65000
7961.10000
7969.32500
7977.50000
7985.70000
7993.90000
8002.15000
8014.05000
8194.22500
8209.65000
8222.50000
8233.47500
8242.45000
8252.10000
8260.45000
8268.62500
8276.77500
8284.95000
8293.15000
8301.37500
8310.55000
8493.82500
8509.40000
8521.87500
8532.62500
8541.70000
8550.20000
8558.97500
8567.20000
8575.35000
8583.50000
8591.70000
8599.90000
8608.17500
8619.65000
8793.17500
8808.35000
8819.35000
8828.12500
8836.75000
8845.12500
8853.27500
8861.55000
8869.70000
8877.85000
8886.00000
8894.17500
8902.40000
8914.27500
9092.97500
9107.47500
9118.12500
9127.12500
9136.00000
9144.52500
9152.70000
9160.82500
9168.92500
9177.02500
9185.15000
9193.32500
9201.52500
9211.12500
9379.72500
9395.00000
9407.95000
9418.40000
9427.37500
9436.55000
9444.90000
9453.05000
9461.12500
9469.20000
9477.27500
9485.40000
9493.55000
9501.75000
9513.00000
9679.62500
9694.82500
9707.25000
9717.70000
9726.97500
9737.22500
9745.47500
9753.57500
9761.62500
9769.70000
9777.77500
9785.90000
9794.05000
9802.25000
9814.02500
9979.47500
9995.32500
10010.42500
10021.05000
10029.62500
10039.10000
10047.32500
10055.40000
10063.45000
10071.50000
10079.60000
10087.72500
10095.90000
10104.10000
10116.62500
10279.87500
10295.45000
10309.17500
10319.92500
10328.80000
10337.70000
10345.95000
10354.05000
10362.10000
10370.15000
10378.25000
10386.35000
10394.52500
10402.72500
10414.62500
10579.50000
10595.27500
10607.47500
10618.40000
10627.50000
10635.82500
10644.27500
10652.32500
10660.35000
10668.37500
10676.42500
10684.52500
10692.65000
10700.85000
10709.27500
10720.37500
10880.00000
10895.30000
10906.60000
10915.52500
10925.60000
10933.82500
10942.22500
10950.27500
10958.27500
10966.30000
10974.35000
10982.42500
10990.55000
10998.72500
11006.95000
11018.80000
11179.17500
11194.40000
11205.00000
11213.70000
11222.52500
11230.80000
11238.85000
11246.87500
11254.85000
11262.85000
11270.85000
11278.90000
11287.00000
11295.15000
11303.32500
11315.50000
11479.22500
11494.17500
11504.57500
11513.32500
11522.20000
11530.47500
11538.50000
11546.45000
11554.42500
11562.40000
11570.40000
11578.45000
11586.52500
11594.67500
11602.85000
11614.77500
11778.85000
11792.47500
11802.95000
11812.07500
11821.10000
11829.55000
11837.55000
11845.50000
11853.45000
11861.40000
11869.40000
11877.45000
11885.52500
11893.65000
11901.82500
11912.90000
12066.52500
12081.10000
12094.95000
12105.52500
12114.15000
12123.65000
12131.80000
12139.80000
12147.75000
12155.70000
12163.67500
12171.67500
12179.72500
12187.82500
12195.95000
12204.15000
12216.60000
12366.65000
12381.22500
12395.50000
12406.35000
12414.82500
12424.47500
12432.57500
12440.55000
12448.47500
12456.42500
12464.40000
12472.40000
12480.45000
12488.52500
12496.67500
12504.87500
12517.25000
12665.85000
12681.12500
12696.02500
12706.25000
12714.85000
12724.35000
12732.45000
12740.42500
12748.35000
12756.30000
12764.27500
12772.27500
12780.32500
12788.42500
12796.55000
12804.75000
12817.15000
12966.05000
12981.62500
12995.55000
13006.10000
13014.70000
13023.50000
13031.80000
13039.80000
13047.75000
13055.70000
13063.67500
13071.67500
13079.72500
13087.82500
13095.95000
13104.15000
13116.60000
13266.20000
13281.65000
13294.52500
13305.17500
13314.05000
13322.45000
13330.65000
13338.57500
13346.50000
13354.42500
13362.35000
13370.35000
13378.37500
13386.45000
13394.57500
13402.75000
13414.55000
13566.30000
13581.47500
13593.77500
13604.00000
13612.52500
13620.50000
13628.50000
13636.42500
13644.32500
13652.22500
13660.15000
13668.12500
13676.12500
13684.17500
13692.30000
13700.45000
13708.72500
13719.95000
13866.60000
13881.17500
13892.15000
13900.60000
13909.35000
13917.47500
13925.72500
13933.65000
13941.52500
13949.42500
13957.32500
13965.27500
13973.27500
13981.30000
13989.37500
13997.52500
14005.72500
14017.80000
14166.15000
14181.00000
14191.57500
14200.12500
14208.87500
14216.97500
14224.90000
14232.77500
14240.65000
14248.52500
14256.42500
14264.37500
14272.35000
14280.37500
14288.45000
14296.57500
14304.77500
14317.15000
14465.45000
14480.52500
14491.05000
14499.52500
14508.07500
14516.17500
14524.07500
14531.92500
14539.77500
14547.65000
14555.55000
14563.47500
14571.45000
14579.45000
14587.52500
14595.65000
14603.82500
14616.12500
14765.57500
14780.70000
14791.17500
14799.72500
14809.05000
14817.07500
14824.97500
14832.80000
14840.65000
14848.52500
14856.42500
14864.35000
14872.32500
14880.35000
14888.42500
14896.55000
14904.75000
14917.12500

