$ Stimulation Interval(ms): 300
$ Delay(ms): 234.040559
$ Number of data : 632
$ TSTOP : 15000
$ PN stimulation current max : 0
$ LN stimulation current max : 15000
238.82500
251.87500
264.87500
277.85000
290.95000
304.17500
317.57500
331.12500
344.85000
358.77500
372.90000
387.22500
401.77500
416.57500
431.65000
447.07500
462.87500
478.90000
495.22500
541.62500
554.57500
567.62500
580.67500
593.87500
607.22500
620.75000
634.45000
648.32500
662.40000
676.70000
691.20000
705.95000
720.95000
736.32500
752.05000
768.00000
784.30000
801.35000
841.52500
854.55000
867.65000
880.75000
894.00000
907.42500
921.00000
934.75000
948.70000
962.87500
977.25000
991.85000
1006.72500
1021.92500
1037.47500
1053.35000
1069.55000
1086.20000
1141.65000
1154.70000
1167.85000
1181.00000
1194.30000
1207.77500
1221.42500
1235.25000
1249.30000
1263.52500
1278.00000
1292.72500
1307.72500
1323.07500
1338.80000
1354.77500
1371.07500
1388.17500
1441.67500
1454.75000
1467.95000
1481.15000
1494.50000
1508.02500
1521.72500
1535.62500
1549.72500
1564.05000
1578.60000
1593.42500
1608.55000
1624.05000
1639.90000
1656.10000
1672.75000
1741.70000
1754.82500
1768.07500
1781.30000
1794.70000
1808.25000
1822.00000
1835.95000
1850.12500
1864.52500
1879.15000
1894.07500
1909.32500
1924.92500
1940.95000
1957.12500
1974.27500
2041.72500
2054.90000
2068.17500
2081.42500
2094.87500
2108.47500
2122.27500
2136.30000
2150.52500
2164.97500
2179.70000
2194.70000
2210.05000
2225.77500
2242.05000
2258.45000
2341.75000
2354.95000
2368.25000
2381.55000
2395.02500
2408.67500
2422.52500
2436.57500
2450.87500
2465.40000
2480.17500
2495.27500
2510.70000
2526.52500
2542.67500
2559.25000
2641.77500
2655.00000
2668.32500
2681.65000
2695.17500
2708.87500
2722.75000
2736.87500
2751.20000
2765.80000
2780.65000
2795.85000
2811.40000
2827.37500
2843.52500
2860.35000
2941.80000
2955.05000
2968.42500
2981.77500
2995.32500
3009.05000
3023.00000
3037.15000
3051.55000
3066.20000
3081.12500
3096.42500
3112.12500
3128.17500
3144.50000
3162.05000
3241.82500
3255.10000
3268.50000
3281.87500
3295.47500
3309.22500
3323.22500
3337.42500
3351.87500
3366.60000
3381.60000
3396.95000
3412.77500
3428.92500
3445.37500
3541.82500
3555.15000
3568.57500
3581.97500
3595.60000
3609.40000
3623.42500
3637.67500
3652.17500
3666.97500
3682.05000
3697.47500
3713.42500
3729.57500
3746.30000
3841.85000
3855.17500
3868.65000
3882.07500
3895.72500
3909.57500
3923.62500
3937.92500
3952.50000
3967.32500
3982.50000
3998.05000
4014.12500
4030.27500
4047.55000
4141.87500
4155.22500
4168.70000
4182.17500
4195.85000
4209.72500
4223.85000
4238.17500
4252.80000
4267.70000
4282.95000
4298.62500
4314.70000
4330.97500
4441.87500
4455.27500
4468.77500
4482.27500
4495.97500
4509.87500
4524.02500
4538.42500
4553.07500
4568.05000
4583.35000
4599.17500
4615.30000
4631.92500
4741.90000
4755.30000
4768.82500
4782.35000
4796.07500
4810.02500
4824.20000
4838.65000
4853.37500
4868.37500
4883.75000
4899.65000
4915.80000
4932.60000
5041.92500
5055.35000
5068.90000
5082.42500
5096.20000
5110.17500
5124.40000
5138.87500
5153.65000
5168.72500
5184.15000
5200.22500
5216.32500
5233.82500
5341.92500
5355.37500
5368.95000
5382.52500
5396.32500
5410.32500
5424.60000
5439.12500
5453.92500
5469.07500
5484.62500
5500.87500
5517.07500
5641.95000
5655.42500
5669.02500
5682.60000
5696.42500
5710.47500
5724.75000
5739.32500
5754.20000
5769.40000
5785.05000
5801.40000
5817.77500
5941.95000
5955.45000
5969.07500
5982.67500
5996.52500
6010.60000
6024.92500
6039.55000
6054.45000
6069.75000
6085.57500
6101.75000
6118.27500
6241.97500
6255.47500
6269.12500
6282.75000
6296.62500
6310.72500
6325.10000
6339.75000
6354.70000
6370.05000
6385.95000
6402.00000
6418.95000
6541.97500
6555.52500
6569.17500
6582.82500
6596.72500
6610.87500
6625.27500
6639.97500
6654.97500
6670.32500
6686.20000
6702.22500
6842.00000
6855.55000
6869.22500
6882.90000
6896.82500
6911.00000
6925.42500
6940.15000
6955.20000
6970.62500
6986.67500
7002.75000
7142.00000
7155.57500
7169.27500
7182.97500
7196.92500
7211.12500
7225.57500
7240.35000
7255.45000
7270.95000
7287.02500
7303.20000
7442.02500
7455.60000
7469.32500
7483.02500
7497.00000
7511.22500
7525.75000
7540.55000
7555.70000
7571.27500
7587.45000
7603.95000
7742.02500
7755.62500
7769.37500
7783.10000
7797.10000
7811.35000
7825.90000
7840.75000
7855.95000
7871.60000
7887.82500
7904.27500
8042.05000
8055.67500
8069.42500
8083.17500
8097.20000
8111.47500
8126.05000
8140.95000
8156.17500
8171.92500
8187.92500
8204.67500
8342.05000
8355.70000
8369.47500
8383.22500
8397.30000
8411.60000
8426.20000
8441.15000
8456.42500
8472.15000
8488.22500
8642.05000
8655.72500
8669.52500
8683.30000
8697.37500
8711.70000
8726.35000
8741.30000
8756.62500
8772.47500
8788.47500
8942.07500
8955.75000
8969.55000
8983.35000
8997.45000
9011.82500
9026.50000
9041.50000
9056.82500
9072.70000
9088.77500
9242.07500
9255.77500
9269.60000
9283.42500
9297.52500
9311.92500
9326.62500
9341.67500
9357.02500
9373.07500
9389.17500
9542.10000
9555.80000
9569.65000
9583.47500
9597.62500
9612.05000
9626.77500
9641.85000
9657.32500
9673.77500
9689.92500
9842.10000
9855.82500
9869.67500
9883.52500
9897.70000
9912.15000
9926.92500
9942.02500
9957.55000
9974.02500
9990.35000
10007.52500
10142.10000
10155.85000
10169.72500
10183.60000
10197.80000
10212.27500
10227.10000
10242.22500
10257.85000
10274.20000
10290.87500
10442.12500
10455.87500
10469.77500
10483.65000
10497.87500
10512.40000
10527.22500
10542.40000
10558.02500
10573.97500
10590.60000
10742.12500
10755.90000
10769.82500
10783.72500
10797.95000
10812.50000
10827.37500
10842.57500
10858.20000
10874.17500
10891.50000
11042.12500
11055.92500
11069.85000
11083.77500
11098.05000
11112.60000
11127.52500
11142.72500
11158.42500
11174.37500
11342.15000
11355.95000
11369.90000
11383.82500
11398.12500
11412.70000
11427.65000
11442.92500
11458.65000
11474.62500
11642.15000
11655.97500
11669.92500
11683.87500
11698.20000
11712.80000
11727.77500
11743.05000
11758.90000
11774.82500
11942.15000
11956.00000
11969.97500
11983.92500
11998.27500
12012.90000
12027.87500
12043.22500
12059.15000
12075.17500
12242.17500
12256.00000
12270.00000
12283.97500
12298.32500
12313.00000
12328.02500
12343.42500
12359.55000
12375.62500
12393.50000
12542.17500
12556.02500
12570.05000
12584.05000
12598.42500
12613.12500
12628.17500
12643.60000
12659.67500
12675.85000
12692.57500
12842.17500
12856.05000
12870.10000
12884.10000
12898.50000
12913.22500
12928.30000
12943.82500
12959.92500
12976.30000
13142.20000
13156.07500
13170.12500
13184.15000
13198.57500
13213.32500
13228.42500
13243.92500
13260.00000
13276.47500
13442.20000
13456.10000
13470.15000
13484.20000
13498.65000
13513.42500
13528.52500
13544.05000
13560.15000
13576.85000
13594.00000
13742.20000
13756.12500
13770.20000
13784.27500
13798.72500
13813.55000
13828.65000
13844.22500
13860.05000
13876.90000
14042.22500
14056.15000
14070.22500
14084.32500
14098.80000
14113.65000
14128.80000
14144.37500
14160.25000
14342.22500
14356.17500
14370.27500
14384.35000
14398.87500
14413.72500
14428.92500
14444.52500
14460.30000
14642.22500
14656.17500
14670.30000
14684.40000
14698.92500
14713.82500
14729.02500
14744.65000
14760.57500
14942.22500
14956.20000
14970.32500
14984.45000
14999.00000

