$ Stimulation Interval(ms): 300
$ Delay(ms): 210.215429
$ Number of data : 578
$ TSTOP : 15000
$ PN stimulation current max : 0
$ LN stimulation current max : 15000
214.92500
227.80000
240.67500
253.67500
266.77500
280.05000
293.47500
307.07500
320.87500
334.87500
349.10000
363.55000
378.25000
393.20000
408.42500
424.00000
440.00000
456.47500
517.67500
530.50000
543.42500
556.50000
569.72500
583.10000
596.65000
610.40000
624.35000
638.52500
652.92500
667.57500
682.47500
697.67500
713.22500
729.22500
745.77500
817.70000
830.55000
843.52500
856.65000
869.92500
883.37500
897.00000
910.82500
924.85000
939.12500
953.62500
968.37500
983.40000
998.72500
1014.40000
1030.52500
1047.05000
1117.75000
1130.60000
1143.62500
1156.77500
1170.12500
1183.62500
1197.30000
1211.20000
1225.32500
1239.67500
1254.27500
1269.15000
1284.30000
1299.80000
1315.72500
1332.00000
1349.47500
1417.77500
1430.67500
1443.72500
1456.92500
1470.30000
1483.85000
1497.57500
1511.55000
1525.72500
1540.15000
1554.85000
1569.80000
1585.07500
1600.72500
1616.82500
1633.35000
1717.82500
1730.75000
1743.82500
1757.07500
1770.47500
1784.07500
1797.87500
1811.90000
1826.15000
1840.65000
1855.42500
1870.47500
1885.85000
1901.65000
1917.92500
1934.62500
2017.82500
2030.77500
2043.90000
2057.17500
2070.62500
2084.27500
2098.12500
2112.20000
2126.52500
2141.10000
2155.95000
2171.10000
2186.62500
2202.60000
2218.87500
2236.50000
2317.80000
2330.77500
2343.92500
2357.25000
2370.75000
2384.42500
2398.32500
2412.45000
2426.85000
2441.50000
2456.45000
2471.70000
2487.35000
2503.45000
2519.90000
2617.82500
2630.82500
2644.00000
2657.35000
2670.87500
2684.60000
2698.55000
2712.72500
2727.17500
2741.90000
2756.92500
2772.30000
2788.07500
2804.40000
2821.20000
2917.85000
2930.87500
2944.10000
2957.45000
2971.02500
2984.80000
2998.77500
3013.02500
3027.52500
3042.32500
3057.42500
3072.90000
3088.85000
3105.30000
3122.30000
3217.87500
3230.92500
3244.15000
3257.55000
3271.17500
3284.97500
3299.00000
3313.30000
3327.87500
3342.72500
3357.92500
3373.50000
3389.57500
3406.15000
3517.90000
3530.97500
3544.22500
3557.65000
3571.30000
3585.12500
3599.22500
3613.55000
3628.17500
3643.10000
3658.37500
3674.07500
3690.32500
3707.10000
3817.90000
3831.00000
3844.27500
3857.72500
3871.40000
3885.27500
3899.40000
3913.80000
3928.47500
3943.50000
3958.85000
3974.67500
3991.15000
4008.17500
4117.92500
4131.02500
4144.35000
4157.82500
4171.52500
4185.45000
4199.60000
4214.05000
4228.80000
4243.87500
4259.32500
4275.27500
4291.60000
4417.92500
4431.07500
4444.40000
4457.90000
4471.62500
4485.60000
4499.80000
4514.27500
4529.07500
4544.22500
4559.77500
4575.90000
4592.30000
4717.95000
4731.10000
4744.45000
4757.97500
4771.75000
4785.72500
4799.97500
4814.52500
4829.37500
4844.60000
4860.25000
4876.47500
4892.95000
5017.95000
5031.12500
5044.50000
5058.05000
5071.85000
5085.87500
5100.17500
5114.75000
5129.67500
5144.97500
5160.72500
5177.10000
5193.60000
5317.97500
5331.17500
5344.57500
5358.15000
5371.97500
5386.02500
5400.35000
5414.97500
5429.97500
5445.32500
5461.22500
5477.77500
5495.10000
5617.97500
5631.20000
5644.62500
5658.22500
5672.07500
5686.17500
5700.52500
5715.22500
5730.25000
5745.72500
5761.72500
5778.25000
5796.10000
5918.00000
5931.22500
5944.67500
5958.30000
5972.17500
5986.30000
6000.72500
6015.45000
6030.55000
6046.10000
6062.25000
6078.62500
6218.00000
6231.25000
6244.72500
6258.37500
6272.27500
6286.42500
6300.90000
6315.67500
6330.85000
6346.47500
6362.77500
6379.20000
6518.02500
6531.30000
6544.77500
6558.45000
6572.37500
6586.57500
6601.05000
6615.90000
6631.12500
6646.85000
6663.32500
6679.67500
6818.02500
6831.32500
6844.82500
6858.50000
6872.47500
6886.70000
6901.22500
6916.10000
6931.40000
6947.25000
6963.95000
6980.60000
7118.05000
7131.35000
7144.87500
7158.57500
7172.57500
7186.82500
7201.40000
7216.32500
7231.70000
7247.67500
7264.87500
7418.05000
7431.37500
7444.90000
7458.65000
7472.65000
7486.95000
7501.55000
7516.55000
7531.97500
7548.07500
7564.95000
7718.07500
7731.40000
7744.95000
7758.70000
7772.75000
7787.07500
7801.70000
7816.75000
7832.25000
7848.50000
7864.97500
8018.07500
8031.42500
8045.00000
8058.77500
8072.82500
8087.17500
8101.87500
8116.95000
8132.52500
8148.95000
8165.37500
8318.10000
8331.45000
8345.02500
8358.82500
8372.92500
8387.30000
8402.02500
8417.15000
8432.82500
8449.45000
8465.65000
8618.10000
8631.47500
8645.07500
8658.87500
8673.00000
8687.42500
8702.17500
8717.37500
8733.12500
8750.02500
8766.35000
8918.10000
8931.50000
8945.12500
8958.95000
8973.10000
8987.52500
9002.32500
9017.57500
9033.42500
9218.12500
9231.52500
9245.15000
9259.00000
9273.15000
9287.62500
9302.45000
9317.75000
9333.70000
9518.12500
9531.52500
9545.17500
9559.05000
9573.22500
9587.72500
9602.57500
9617.92500
9634.00000
9650.37500
9666.97500
9818.12500
9831.55000
9845.22500
9859.10000
9873.30000
9887.82500
9902.75000
9918.15000
9934.37500
10118.15000
10131.57500
10145.25000
10159.15000
10173.37500
10187.92500
10202.87500
10218.35000
10234.75000
10251.27500
10268.07500
10418.15000
10431.60000
10445.30000
10459.20000
10473.45000
10488.05000
10503.05000
10518.57500
10535.30000
10551.52500
10718.15000
10731.62500
10745.32500
10759.25000
10773.55000
10788.15000
10803.20000
10818.80000
11018.17500
11031.65000
11045.35000
11059.30000
11073.60000
11088.22500
11103.30000
11118.97500
11318.17500
11331.65000
11345.37500
11359.32500
11373.65000
11388.30000
11403.40000
11419.12500
11618.17500
11631.67500
11645.40000
11659.37500
11673.70000
11688.40000
11703.52500
11719.32500
11918.17500
11931.67500
11945.42500
11959.42500
11973.77500
11988.47500
12003.65000
12019.50000
12218.20000
12231.70000
12245.45000
12259.45000
12273.82500
12288.55000
12303.75000
12319.70000
12336.70000
12353.07500
12518.20000
12531.72500
12545.50000
12559.50000
12573.90000
12588.65000
12603.92500
12620.00000
12636.57500
12653.25000
12818.20000
12831.75000
12845.52500
12859.55000
12873.97500
12888.77500
12904.07500
12920.30000
12936.70000
13118.22500
13131.75000
13145.55000
13159.60000
13174.05000
13188.87500
13204.22500
13220.65000
13237.02500
13253.85000
13418.22500
13431.77500
13445.60000
13459.65000
13474.12500
13488.97500
13504.40000
13521.15000
13537.57500
13554.25000
13718.22500
13731.80000
13745.62500
13759.70000
13774.20000
13789.10000
13804.57500
14018.22500
14031.80000
14045.65000
14059.72500
14074.25000
14089.17500
14104.67500
14318.25000
14331.82500
14345.67500
14359.77500
14374.30000
14389.22500
14404.77500
14618.25000
14631.82500
14645.70000
14659.80000
14674.32500
14689.30000
14704.90000
14918.25000
14931.85000
14945.70000
14959.82500
14974.37500
14989.37500

