$ Stimulation Interval(ms): 300
$ Delay(ms): 9.963836
$ Number of data : 586
$ TSTOP : 15000
$ PN stimulation current max : 0
$ LN stimulation current max : 15000
16.00000
25.87500
34.60000
42.75000
50.57500
58.20000
65.72500
73.20000
80.62500
88.07500
95.50000
102.97500
110.45000
117.97500
125.52500
133.12500
140.75000
148.45000
156.17500
163.97500
171.82500
179.72500
187.67500
195.67500
203.75000
216.07500
1106.90000
1393.67500
1692.25000
1707.95000
1979.07500
1995.00000
2008.15000
2264.40000
2286.87500
2302.75000
2319.32500
2564.05000
2580.37500
2593.37500
2605.25000
2620.62500
2863.75000
2879.77500
2891.25000
2905.15000
2919.67500
3149.65000
3166.02500
3179.52500
3191.02500
3200.15000
3214.40000
3449.80000
3465.62500
3479.00000
3490.95000
3500.02500
3509.45000
3750.30000
3765.05000
3776.35000
3785.50000
3794.82500
3803.52500
3815.22500
4035.52500
4051.45000
4064.97500
4076.55000
4085.60000
4095.25000
4104.02500
4116.32500
4335.67500
4351.35000
4364.62500
4376.57500
4385.50000
4394.77500
4403.42500
4414.30000
4635.77500
4649.47500
4661.90000
4670.92500
4680.42500
4689.07500
4697.85000
4706.37500
4719.55000
4921.40000
4937.67500
4951.00000
4962.55000
4971.42500
4980.90000
4989.42500
4998.22500
5006.60000
5019.60000
5221.65000
5237.20000
5250.47500
5262.20000
5271.25000
5280.57500
5289.15000
5297.52500
5305.82500
5319.02500
5521.05000
5536.90000
5550.07500
5562.27500
5571.15000
5580.10000
5588.70000
5597.02500
5605.30000
5618.67500
5818.42500
5833.87500
5846.60000
5855.55000
5865.17500
5873.70000
5882.15000
5890.42500
5898.67500
5906.92500
5919.65000
6108.22500
6123.10000
6136.22500
6148.77500
6157.52500
6167.30000
6175.75000
6184.52500
6192.80000
6201.05000
6209.75000
6407.77500
6423.25000
6436.17500
6448.45000
6457.30000
6467.70000
6476.15000
6484.40000
6492.62500
6500.82500
6509.30000
6707.30000
6723.30000
6735.80000
6748.00000
6756.67500
6765.72500
6774.15000
6782.32500
6790.50000
6798.70000
6806.92500
6819.57500
7007.02500
7020.50000
7033.47500
7042.75000
7051.75000
7060.12500
7068.35000
7076.62500
7084.80000
7092.97500
7101.15000
7109.82500
7307.27500
7320.80000
7333.00000
7341.75000
7351.27500
7359.65000
7368.25000
7376.40000
7384.52500
7392.65000
7400.82500
7409.20000
7604.47500
7619.75000
7632.37500
7641.32500
7651.65000
7659.97500
7668.70000
7676.85000
7684.97500
7693.12500
7701.27500
7710.05000
7893.50000
7909.07500
7921.92500
7933.45000
7942.20000
7951.90000
7960.27500
7968.45000
7976.55000
7984.65000
7992.77500
8000.92500
8009.35000
8193.37500
8209.02500
8221.65000
8233.87500
8242.55000
8252.45000
8260.72500
8268.82500
8276.90000
8285.00000
8293.10000
8301.25000
8309.95000
8493.20000
8508.60000
8520.70000
8532.70000
8541.42500
8549.70000
8558.27500
8566.37500
8574.42500
8582.50000
8590.60000
8598.72500
8606.90000
8619.45000
8793.10000
8806.60000
8818.27500
8827.02500
8836.02500
8844.32500
8852.40000
8860.57500
8868.62500
8876.65000
8884.70000
8892.80000
8900.92500
8909.30000
9092.67500
9106.25000
9117.55000
9126.47500
9135.77500
9144.15000
9152.22500
9160.35000
9168.37500
9176.40000
9184.45000
9192.52500
9200.65000
9208.90000
9222.15000
9379.57500
9394.47500
9407.15000
9418.27500
9427.05000
9436.35000
9444.57500
9452.62500
9460.62500
9468.60000
9476.62500
9484.65000
9492.72500
9500.85000
9509.15000
9689.25000
9704.35000
9715.00000
9724.72500
9734.40000
9742.80000
9750.87500
9758.90000
9766.87500
9774.87500
9782.92500
9790.97500
9799.10000
9807.25000
9819.70000
9979.55000
9994.85000
10008.42500
10019.95000
10028.50000
10038.82500
10046.97500
10055.02500
10063.02500
10071.00000
10079.00000
10087.05000
10095.15000
10103.27500
10113.80000
10279.32500
10295.00000
10307.77500
10319.20000
10327.90000
10336.95000
10345.15000
10353.17500
10361.15000
10369.12500
10377.12500
10385.15000
10393.22500
10401.32500
10409.97500
10579.10000
10594.87500
10607.27500
10618.82500
10627.50000
10635.62500
10643.92500
10651.90000
10659.85000
10667.80000
10675.77500
10683.80000
10691.85000
10699.95000
10708.10000
10720.47500
10879.37500
10894.52500
10906.40000
10915.45000
10924.50000
10932.65000
10941.05000
10949.02500
10956.97500
10964.92500
10972.87500
10980.87500
10988.90000
10997.00000
11005.12500
11018.25000
11179.12500
11192.42500
11203.75000
11212.50000
11222.05000
11230.25000
11238.42500
11246.42500
11254.32500
11262.25000
11270.17500
11278.15000
11286.17500
11294.22500
11302.32500
11312.90000
11478.85000
11492.30000
11503.55000
11512.20000
11521.57500
11529.77500
11537.70000
11545.60000
11553.47500
11561.37500
11569.30000
11577.25000
11585.25000
11593.32500
11601.42500
11610.10000
11778.97500
11792.25000
11803.10000
11811.90000
11821.00000
11829.20000
11837.10000
11844.97500
11852.85000
11860.72500
11868.65000
11876.60000
11884.60000
11892.65000
11900.75000
11908.97500
11921.87500
12076.70000
12091.80000
12103.40000
12112.27500
12122.42500
12130.52500
12138.45000
12146.37500
12154.25000
12162.15000
12170.07500
12178.05000
12186.05000
12194.10000
12202.22500
12212.57500
12375.57500
12391.25000
12400.37500
12410.45000
12418.65000
12427.32500
12435.35000
12443.32500
12451.22500
12459.12500
12467.02500
12474.97500
12482.97500
12491.02500
12499.10000
12507.25000
12519.62500
12666.50000
12681.10000
12695.65000
12706.50000
12715.02500
12724.90000
12732.95000
12740.85000
12748.72500
12756.60000
12764.50000
12772.42500
12780.40000
12788.42500
12796.50000
12804.60000
12815.10000
12966.80000
12981.37500
12994.37500
13005.62500
13014.02500
13022.70000
13030.87500
13038.77500
13046.65000
13054.50000
13062.40000
13070.30000
13078.27500
13086.27500
13094.32500
13102.42500
13113.00000
13266.27500
13281.17500
13293.72500
13305.02500
13313.55000
13321.92500
13329.97500
13337.82500
13345.62500
13353.47500
13361.32500
13369.22500
13377.17500
13385.17500
13393.20000
13401.30000
13409.80000
13566.07500
13580.75000
13593.10000
13601.85000
13610.65000
13618.67500
13627.20000
13635.12500
13642.97500
13650.80000
13658.67500
13666.57500
13674.50000
13682.47500
13690.50000
13698.57500
13706.70000
13719.22500
13866.02500
13880.32500
13892.37500
13900.82500
13909.50000
13917.52500
13925.75000
13933.57500
13941.40000
13949.20000
13957.05000
13964.92500
13972.82500
13980.80000
13988.80000
13996.85000
14004.97500
14016.07500
14165.70000
14179.80000
14191.12500
14199.52500
14208.32500
14216.40000
14224.25000
14232.05000
14239.85000
14247.65000
14255.47500
14263.32500
14271.22500
14279.17500
14287.17500
14295.22500
14303.32500
14313.82500
14465.25000
14479.37500
14490.42500
14498.90000
14507.95000
14516.02500
14523.87500
14531.67500
14539.47500
14547.27500
14555.10000
14562.95000
14570.85000
14578.80000
14586.77500
14594.82500
14602.92500
14613.55000
14765.52500
14779.80000
14790.67500
14799.20000
14808.92500
14816.92500
14824.75000
14832.52500
14840.32500
14848.10000
14855.92500
14863.80000
14871.70000
14879.65000
14887.62500
14895.67500
14903.77500
14914.15000

