$ Stimulation Interval(ms): 300
$ Delay(ms): 219.594150
$ Number of data : 581
$ TSTOP : 15000
$ PN stimulation current max : 0
$ LN stimulation current max : 15000
224.35000
237.25000
250.20000
263.17500
276.27500
289.50000
302.90000
316.45000
330.20000
344.12500
358.27500
372.65000
387.27500
402.17500
417.37500
432.97500
449.07500
466.05000
527.07500
539.87500
552.90000
565.95000
579.12500
592.47500
605.97500
619.67500
633.57500
647.67500
662.00000
676.55000
691.37500
706.52500
722.05000
738.05000
754.77500
827.10000
839.95000
853.02500
866.10000
879.35000
892.75000
906.32500
920.07500
934.05000
948.22500
962.65000
977.32500
992.30000
1007.62500
1023.40000
1039.65000
1056.30000
1127.12500
1140.02500
1153.12500
1166.25000
1179.55000
1193.00000
1206.65000
1220.47500
1234.52500
1248.77500
1263.30000
1278.07500
1293.20000
1308.70000
1324.70000
1341.12500
1358.20000
1427.15000
1440.07500
1453.22500
1466.40000
1479.75000
1493.25000
1506.95000
1520.85000
1534.95000
1549.27500
1563.90000
1578.77500
1594.02500
1609.72500
1625.97500
1642.52500
1727.17500
1740.15000
1753.32500
1766.55000
1779.92500
1793.47500
1807.22500
1821.15000
1835.32500
1849.75000
1864.42500
1879.42500
1894.82500
1910.67500
1926.95000
1943.80000
2027.20000
2040.20000
2053.42500
2066.65000
2080.07500
2093.67500
2107.47500
2121.47500
2135.70000
2150.17500
2164.95000
2180.05000
2195.57500
2211.57500
2227.92500
2245.70000
2327.22500
2340.25000
2353.50000
2366.77500
2380.22500
2393.87500
2407.70000
2421.75000
2436.05000
2450.60000
2465.45000
2480.67500
2496.35000
2512.42500
2528.92500
2627.25000
2640.30000
2653.57500
2666.87500
2680.37500
2694.05000
2707.92500
2722.02500
2736.37500
2751.00000
2765.92500
2781.25000
2797.05000
2813.30000
2830.10000
2927.27500
2940.32500
2953.65000
2966.97500
2980.50000
2994.22500
3008.15000
3022.30000
3036.70000
3051.40000
3066.40000
3081.85000
3097.77500
3114.02500
3130.77500
3227.27500
3240.37500
3253.72500
3267.10000
3280.65000
3294.40000
3308.37500
3322.57500
3337.02500
3351.77500
3366.90000
3382.45000
3398.35000
3414.75000
3432.30000
3527.30000
3540.42500
3553.80000
3567.20000
3580.77500
3594.57500
3608.57500
3622.82500
3637.35000
3652.17500
3667.37500
3683.05000
3699.12500
3715.82500
3827.32500
3840.47500
3853.85000
3867.27500
3880.90000
3894.72500
3908.77500
3923.07500
3937.65000
3952.52500
3967.82500
3983.62500
3999.82500
4016.60000
4127.32500
4140.50000
4153.92500
4167.37500
4181.02500
4194.87500
4208.97500
4223.30000
4237.92500
4252.90000
4268.30000
4284.20000
4300.55000
4317.40000
4427.35000
4440.55000
4453.97500
4467.45000
4481.15000
4495.02500
4509.15000
4523.55000
4538.22500
4553.27500
4568.77500
4584.77500
4601.35000
4727.37500
4740.57500
4754.05000
4767.55000
4781.25000
4795.17500
4809.35000
4823.77500
4838.50000
4853.62500
4869.22500
4885.30000
4902.15000
5027.37500
5040.60000
5054.10000
5067.62500
5081.35000
5095.32500
5109.52500
5124.00000
5138.77500
5153.97500
5169.67500
5185.82500
5202.85000
5327.40000
5340.65000
5354.15000
5367.70000
5381.47500
5395.45000
5409.70000
5424.20000
5439.05000
5454.32500
5470.15000
5486.50000
5627.40000
5640.67500
5654.20000
5667.77500
5681.57500
5695.57500
5709.85000
5724.42500
5739.32500
5754.67500
5770.60000
5786.97500
5927.42500
5940.70000
5954.25000
5967.85000
5981.65000
5995.70000
6010.02500
6024.62500
6039.57500
6055.02500
6071.02500
6087.47500
6104.57500
6227.42500
6240.75000
6254.32500
6267.92500
6281.77500
6295.85000
6310.20000
6324.85000
6339.87500
6355.40000
6371.55000
6388.35000
6527.45000
6540.77500
6554.37500
6568.00000
6581.85000
6595.97500
6610.35000
6625.05000
6640.12500
6655.77500
6671.97500
6688.82500
6827.45000
6840.80000
6854.42500
6868.05000
6881.95000
6896.10000
6910.50000
6925.25000
6940.40000
6956.12500
6972.37500
7127.47500
7140.82500
7154.45000
7168.12500
7182.05000
7196.20000
7210.65000
7225.45000
7240.65000
7256.42500
7272.85000
7427.47500
7440.85000
7454.50000
7468.17500
7482.12500
7496.32500
7510.80000
7525.62500
7540.90000
7556.82500
7573.47500
7591.35000
7727.47500
7740.87500
7754.55000
7768.25000
7782.22500
7796.45000
7810.97500
7825.85000
7841.20000
7857.22500
7874.05000
8027.50000
8040.90000
8054.60000
8068.32500
8082.30000
8096.55000
8111.10000
8126.02500
8141.45000
8157.50000
8174.12500
8327.50000
8340.92500
8354.62500
8368.37500
8382.40000
8396.67500
8411.25000
8426.22500
8441.72500
8457.97500
8627.52500
8640.95000
8654.67500
8668.42500
8682.47500
8696.77500
8711.40000
8726.40000
8741.97500
8758.25000
8775.17500
8927.52500
8940.97500
8954.72500
8968.50000
8982.55000
8996.87500
9011.55000
9026.60000
9042.27500
9058.57500
9075.70000
9227.52500
9241.00000
9254.75000
9268.55000
9282.62500
9297.00000
9311.70000
9326.80000
9342.57500
9359.12500
9527.55000
9541.02500
9554.80000
9568.60000
9582.70000
9597.10000
9611.82500
9627.00000
9642.85000
9659.67500
9827.55000
9841.05000
9854.82500
9868.65000
9882.77500
9897.20000
9911.95000
9927.17500
9943.10000
10127.55000
10141.05000
10154.87500
10168.70000
10182.85000
10197.27500
10212.07500
10227.35000
10243.30000
10427.57500
10441.07500
10454.90000
10468.75000
10482.90000
10497.37500
10512.20000
10527.52500
10543.57500
10560.32500
10727.57500
10741.10000
10754.95000
10768.80000
10782.97500
10797.47500
10812.32500
10827.70000
10843.87500
11027.57500
11041.12500
11054.97500
11068.85000
11083.05000
11097.55000
11112.45000
11127.87500
11144.05000
11327.60000
11341.15000
11355.00000
11368.90000
11383.12500
11397.65000
11412.57500
11428.07500
11444.32500
11627.60000
11641.15000
11655.02500
11668.92500
11683.17500
11697.72500
11712.70000
11728.25000
11744.67500
11927.60000
11941.17500
11955.07500
11968.97500
11983.25000
11997.82500
12012.82500
12028.45000
12045.40000
12227.60000
12241.20000
12255.10000
12269.02500
12283.30000
12297.90000
12312.95000
12328.62500
12345.02500
12527.62500
12541.20000
12555.12500
12569.07500
12583.37500
12598.00000
12613.07500
12628.82500
12645.35000
12827.62500
12841.22500
12855.15000
12869.12500
12883.42500
12898.10000
12913.20000
12929.05000
12945.75000
13127.62500
13141.25000
13155.20000
13169.15000
13183.50000
13198.17500
13213.32500
13229.25000
13427.65000
13441.25000
13455.22500
13469.20000
13483.55000
13498.25000
13513.42500
13529.35000
13727.65000
13741.27500
13755.25000
13769.22500
13783.60000
13798.32500
13813.55000
13829.42500
14027.65000
14041.30000
14055.27500
14069.27500
14083.65000
14098.40000
14113.65000
14129.62500
14327.65000
14341.30000
14355.30000
14369.30000
14383.70000
14398.47500
14413.77500
14429.85000
14627.65000
14641.32500
14655.32500
14669.35000
14683.77500
14698.55000
14713.87500
14729.90000
14927.67500
14941.32500
14955.35000
14969.37500
14983.82500
14998.62500

