$ Stimulation Interval(ms): 300
$ Delay(ms): 220.417228
$ Number of data : 607
$ TSTOP : 15000
$ PN stimulation current max : 0
$ LN stimulation current max : 15000
225.17500
238.12500
251.07500
264.07500
277.15000
290.40000
303.80000
317.37500
331.12500
345.10000
359.25000
373.65000
388.30000
403.25000
418.52500
434.22500
450.42500
467.30000
484.42500
501.32500
527.67500
540.57500
553.60000
566.65000
579.82500
593.20000
606.72500
620.42500
634.32500
648.45000
662.80000
677.37500
692.27500
707.47500
723.10000
739.22500
756.12500
773.27500
790.12500
807.70000
828.12500
841.05000
854.15000
867.25000
880.52500
893.97500
907.57500
921.40000
935.40000
949.65000
964.12500
978.90000
994.00000
1009.52500
1025.65000
1042.50000
1059.27500
1076.75000
1093.82500
1128.22500
1141.17500
1154.32500
1167.50000
1180.82500
1194.32500
1208.02500
1221.90000
1236.00000
1250.35000
1264.95000
1279.87500
1295.20000
1311.05000
1327.62500
1344.70000
1361.67500
1378.62500
1428.02500
1441.00000
1454.17500
1467.37500
1480.75000
1494.30000
1508.02500
1521.97500
1536.15000
1550.55000
1565.25000
1580.30000
1595.77500
1611.90000
1629.02500
1646.12500
1663.32500
1680.62500
1728.07500
1741.07500
1754.30000
1767.55000
1780.97500
1794.57500
1808.35000
1822.37500
1836.62500
1851.12500
1865.92500
1881.12500
1896.85000
1913.37500
2028.07500
2041.12500
2054.35000
2067.62500
2081.10000
2094.72500
2108.57500
2122.62500
2136.92500
2151.50000
2166.37500
2181.67500
2197.52500
2214.02500
2230.95000
2247.90000
2265.10000
2328.07500
2341.15000
2354.45000
2367.75000
2381.25000
2394.92500
2408.82500
2422.92500
2437.30000
2451.95000
2466.95000
2482.40000
2498.55000
2515.30000
2628.10000
2641.20000
2654.52500
2667.85000
2681.37500
2695.10000
2709.02500
2723.20000
2737.60000
2752.32500
2767.40000
2782.97500
2799.20000
2815.85000
2833.07500
2850.50000
2928.12500
2941.25000
2954.60000
2967.97500
2981.52500
2995.30000
3009.27500
3023.47500
3037.97500
3052.77500
3067.95000
3083.70000
3100.02500
3116.80000
3228.15000
3241.30000
3254.67500
3268.07500
3281.65000
3295.45000
3309.47500
3323.72500
3338.27500
3353.15000
3368.42500
3384.30000
3400.70000
3417.52500
3528.17500
3541.35000
3554.72500
3568.15000
3581.77500
3595.62500
3609.67500
3623.97500
3638.57500
3653.50000
3668.90000
3684.87500
3701.22500
3718.17500
3736.82500
3828.17500
3841.37500
3854.80000
3868.25000
3881.92500
3895.77500
3909.87500
3924.25000
3938.90000
3953.92500
3969.45000
3985.52500
4001.87500
4019.55000
4128.20000
4141.42500
4154.87500
4168.35000
4182.02500
4195.95000
4210.07500
4224.47500
4239.20000
4254.30000
4269.92500
4286.00000
4302.40000
4428.22500
4441.45000
4454.92500
4468.42500
4482.15000
4496.07500
4510.25000
4524.70000
4539.47500
4554.65000
4570.35000
4586.37500
4602.72500
4728.22500
4741.50000
4755.00000
4768.50000
4782.25000
4796.22500
4810.42500
4824.92500
4839.75000
4855.02500
4870.80000
4886.97500
4903.65000
5028.25000
5041.52500
5055.05000
5068.60000
5082.37500
5096.37500
5110.62500
5125.15000
5140.05000
5155.40000
5171.30000
5187.47500
5204.35000
5328.25000
5341.55000
5355.10000
5368.67500
5382.47500
5396.50000
5410.80000
5425.37500
5440.32500
5455.77500
5471.65000
5487.80000
5504.80000
5628.27500
5641.60000
5655.15000
5668.75000
5682.57500
5696.65000
5710.97500
5725.60000
5740.62500
5756.17500
5772.15000
5788.35000
5805.32500
5928.27500
5941.62500
5955.22500
5968.82500
5982.67500
5996.77500
6011.15000
6025.82500
6040.92500
6056.55000
6072.52500
6088.77500
6228.30000
6241.65000
6255.27500
6268.90000
6282.77500
6296.90000
6311.30000
6326.05000
6341.20000
6356.87500
6372.87500
6389.25000
6528.30000
6541.70000
6555.32500
6568.97500
6582.87500
6597.02500
6611.47500
6626.25000
6641.45000
6657.25000
6673.45000
6690.65000
6828.32500
6841.72500
6855.37500
6869.02500
6882.97500
6897.15000
6911.62500
6926.45000
6941.75000
6957.57500
6973.77500
6990.42500
7128.32500
7141.75000
7155.42500
7169.10000
7183.07500
7197.27500
7211.80000
7226.67500
7242.05000
7257.85000
7273.92500
7290.62500
7428.35000
7441.77500
7455.47500
7469.17500
7483.17500
7497.42500
7511.97500
7526.90000
7542.35000
7558.17500
7574.42500
7591.30000
7728.35000
7741.80000
7755.50000
7769.25000
7783.25000
7797.55000
7812.12500
7827.10000
7842.65000
7858.65000
7875.12500
8028.37500
8041.82500
8055.55000
8069.30000
8083.35000
8097.65000
8112.27500
8127.30000
8142.95000
8158.92500
8175.32500
8328.37500
8341.85000
8355.60000
8369.37500
8383.42500
8397.77500
8412.42500
8427.50000
8443.25000
8459.37500
8475.97500
8628.37500
8641.87500
8655.65000
8669.42500
8683.52500
8697.87500
8712.57500
8727.72500
8743.50000
8759.60000
8776.20000
8928.40000
8941.90000
8955.67500
8969.50000
8983.60000
8998.00000
9012.72500
9027.92500
9043.75000
9059.90000
9076.70000
9228.40000
9241.92500
9255.72500
9269.55000
9283.67500
9298.10000
9312.87500
9328.15000
9344.02500
9360.07500
9377.50000
9528.42500
9541.95000
9555.77500
9569.60000
9583.77500
9598.22500
9613.05000
9628.37500
9644.22500
9660.37500
9676.95000
9828.42500
9841.97500
9855.82500
9869.67500
9883.85000
9898.35000
9913.20000
9928.60000
9944.45000
9960.60000
10128.42500
10142.00000
10155.85000
10169.72500
10183.92500
10198.45000
10213.35000
10228.80000
10244.75000
10261.27500
10428.45000
10442.02500
10455.90000
10469.77500
10484.00000
10498.55000
10513.47500
10529.02500
10545.00000
10561.32500
10728.45000
10742.05000
10755.92500
10769.82500
10784.07500
10798.65000
10813.62500
10829.25000
10845.22500
10861.77500
11028.45000
11042.07500
11055.97500
11069.87500
11084.15000
11098.75000
11113.77500
11129.47500
11145.50000
11162.15000
11328.47500
11342.07500
11356.00000
11369.95000
11384.22500
11398.85000
11413.92500
11429.70000
11445.77500
11462.37500
11628.47500
11642.10000
11656.02500
11670.00000
11684.30000
11698.95000
11714.07500
11729.95000
11745.95000
11763.20000
11928.47500
11942.12500
11956.07500
11970.05000
11984.37500
11999.07500
12014.22500
12030.15000
12046.27500
12063.35000
12228.50000
12242.15000
12256.10000
12270.10000
12284.45000
12299.17500
12314.37500
12330.37500
12346.57500
12363.30000
12528.50000
12542.17500
12556.15000
12570.15000
12584.52500
12599.27500
12614.55000
12630.60000
12647.02500
12828.50000
12842.20000
12856.17500
12870.20000
12884.60000
12899.37500
12914.67500
12930.77500
12947.07500
13128.50000
13142.20000
13156.20000
13170.25000
13184.67500
13199.47500
13214.82500
13230.85000
13247.20000
13428.52500
13442.22500
13456.25000
13470.27500
13484.72500
13499.55000
13514.97500
13531.02500
13547.47500
13728.52500
13742.25000
13756.27500
13770.32500
13784.80000
13799.65000
13815.12500
13831.17500
13847.72500
14028.52500
14042.25000
14056.30000
14070.37500
14084.85000
14099.75000
14115.27500
14131.32500
14147.72500
14328.52500
14342.27500
14356.32500
14370.42500
14384.92500
14399.85000
14415.42500
14431.55000
14448.20000
14628.55000
14642.30000
14656.37500
14670.45000
14685.00000
14699.95000
14715.60000
14731.57500
14747.97500
14928.55000
14942.30000
14956.40000
14970.50000
14985.05000

