$ Stimulation Interval(ms): 300
$ Delay(ms): 38.357910
$ Number of data : 601
$ TSTOP : 15000
$ PN stimulation current max : 0
$ LN stimulation current max : 15000
44.22500
54.02500
62.70000
70.85000
78.67500
86.27500
93.80000
101.25000
108.70000
116.12500
123.55000
131.02500
138.50000
146.00000
153.57500
161.15000
168.80000
176.47500
184.22500
192.00000
199.85000
210.85000
1105.67500
1391.60000
1407.47500
1677.20000
1693.95000
1707.30000
1976.92500
1991.77500
2004.80000
2262.62500
2279.30000
2292.32500
2304.57500
2319.35000
2562.67500
2578.65000
2591.45000
2604.55000
2619.02500
2849.47500
2864.80000
2878.42500
2890.42500
2899.90000
2912.60000
3148.57500
3165.30000
3177.75000
3190.37500
3199.35000
3209.62500
3448.67500
3461.92500
3474.87500
3483.90000
3493.70000
3502.32500
3517.82500
3734.92500
3750.75000
3763.32500
3775.50000
3784.37500
3794.25000
3802.82500
3817.60000
4035.12500
4051.20000
4063.57500
4075.97500
4084.87500
4094.57500
4103.10000
4117.02500
4334.75000
4349.30000
4361.17500
4370.57500
4379.95000
4388.42500
4397.37500
4405.67500
4418.47500
4631.22500
4646.42500
4660.07500
4668.97500
4678.65000
4687.17500
4695.40000
4703.77500
4717.17500
4920.97500
4936.85000
4949.55000
4961.70000
4970.47500
4980.07500
4988.40000
4996.55000
5004.67500
5017.57500
5220.87500
5236.97500
5248.62500
5261.42500
5270.40000
5279.57500
5287.95000
5296.10000
5304.17500
5317.25000
5520.55000
5534.45000
5546.50000
5555.27500
5564.60000
5573.00000
5581.60000
5589.85000
5597.97500
5606.05000
5618.45000
5817.02500
5832.37500
5845.97500
5854.75000
5864.57500
5872.97500
5881.20000
5889.30000
5897.32500
5905.37500
5917.90000
6108.12500
6122.65000
6134.85000
6146.95000
6155.72500
6165.52500
6173.72500
6181.75000
6189.77500
6197.75000
6205.77500
6218.12500
6408.10000
6423.30000
6434.97500
6447.52500
6456.30000
6465.50000
6473.75000
6481.80000
6489.77500
6497.77500
6505.77500
6518.12500
6707.07500
6723.02500
6733.82500
6747.60000
6756.15000
6765.00000
6773.27500
6781.27500
6789.22500
6797.17500
6805.17500
6817.70000
7006.57500
7019.75000
7032.02500
7040.75000
7050.05000
7058.42500
7066.55000
7074.77500
7082.77500
7090.75000
7098.70000
7106.70000
7118.82500
7303.35000
7318.82500
7331.75000
7340.62500
7350.22500
7358.52500
7366.50000
7374.40000
7382.30000
7390.20000
7398.15000
7406.12500
7418.32500
7603.12500
7618.60000
7632.35000
7641.05000
7650.70000
7658.80000
7666.75000
7674.65000
7682.55000
7690.45000
7698.37500
7706.35000
7718.50000
7893.55000
7908.90000
7920.97500
7933.07500
7941.75000
7950.92500
7959.17500
7967.12500
7975.02500
7982.90000
7990.80000
7998.72500
8006.70000
8018.75000
8194.65000
8209.25000
8220.77500
8233.45000
8241.95000
8250.77500
8258.82500
8266.70000
8274.55000
8282.40000
8290.27500
8298.20000
8306.15000
8318.30000
8493.87500
8508.97500
8519.72500
8533.45000
8541.87500
8550.12500
8558.40000
8566.27500
8574.12500
8581.95000
8589.82500
8597.72500
8605.67500
8618.00000
8793.40000
8806.65000
8818.35000
8827.00000
8836.00000
8844.20000
8852.12500
8860.12500
8867.97500
8875.82500
8883.67500
8891.55000
8899.47500
8907.42500
8919.32500
9092.47500
9106.00000
9118.12500
9126.70000
9135.90000
9144.15000
9152.07500
9159.97500
9167.80000
9175.62500
9183.45000
9191.32500
9199.22500
9207.17500
9219.10000
9391.70000
9405.35000
9417.87500
9426.55000
9436.17500
9444.27500
9452.15000
9459.95000
9467.75000
9475.55000
9483.37500
9491.22500
9499.12500
9507.07500
9519.02500
9688.95000
9704.10000
9715.05000
9724.60000
9734.17500
9742.27500
9750.10000
9757.87500
9765.65000
9773.42500
9781.22500
9789.07500
9796.95000
9804.87500
9817.42500
9989.30000
10002.87500
10012.60000
10022.50000
10030.62500
10039.37500
10047.27500
10055.10000
10062.90000
10070.67500
10078.47500
10086.30000
10094.15000
10102.05000
10111.72500
10289.42500
10303.92500
10312.60000
10322.12500
10330.35000
10339.15000
10347.07500
10354.87500
10362.65000
10370.42500
10378.20000
10386.02500
10393.90000
10401.80000
10410.67500
10580.55000
10595.37500
10607.05000
10619.40000
10627.92500
10636.07500
10644.15000
10651.95000
10659.70000
10667.45000
10675.22500
10683.02500
10690.85000
10698.75000
10706.67500
10718.65000
10880.27500
10895.00000
10905.77500
10914.62500
10923.45000
10931.50000
10939.55000
10947.32500
10955.07500
10962.80000
10970.55000
10978.32500
10986.15000
10994.00000
11001.87500
11010.90000
11180.00000
11193.07500
11204.42500
11212.95000
11222.05000
11230.15000
11237.97500
11245.77500
11253.52500
11261.25000
11268.97500
11276.75000
11284.55000
11292.37500
11300.25000
11308.20000
11319.92500
11479.82500
11492.97500
11504.47500
11513.05000
11522.17500
11530.22500
11538.02500
11545.77500
11553.47500
11561.20000
11568.92500
11576.70000
11584.47500
11592.32500
11600.20000
11608.12500
11619.90000
11779.80000
11792.75000
11804.20000
11812.75000
11822.00000
11830.10000
11837.90000
11845.62500
11853.32500
11861.05000
11868.77500
11876.52500
11884.32500
11892.17500
11900.05000
11907.97500
11919.75000
12080.00000
12092.95000
12104.62500
12113.17500
12122.27500
12130.20000
12137.95000
12145.70000
12153.40000
12161.10000
12168.82500
12176.57500
12184.37500
12192.20000
12200.07500
12208.00000
12219.77500
12379.67500
12392.62500
12403.25000
12412.02500
12420.67500
12428.75000
12436.50000
12444.22500
12451.92500
12459.60000
12467.32500
12475.07500
12482.85000
12490.65000
12498.52500
12506.45000
12518.47500
12680.07500
12692.47500
12701.62500
12710.95000
12718.95000
12727.35000
12735.12500
12742.82500
12750.50000
12758.17500
12765.90000
12773.62500
12781.40000
12789.20000
12797.05000
12804.95000
12817.45000
12980.07500
12993.30000
13005.35000
13013.65000
13021.67500
13029.72500
13037.47500
13045.15000
13052.80000
13060.50000
13068.20000
13075.95000
13083.72500
13091.55000
13099.42500
13107.35000
13119.20000
13279.07500
13292.00000
13304.95000
13313.27500
13321.07500
13328.80000
13336.45000
13344.10000
13351.72500
13359.40000
13367.07500
13374.80000
13382.57500
13390.40000
13398.25000
13406.15000
13418.25000
13577.05000
13589.52500
13598.52500
13608.05000
13616.00000
13624.12500
13631.85000
13639.52500
13647.15000
13654.80000
13662.47500
13670.17500
13677.92500
13685.70000
13693.55000
13701.42500
13709.65000
13722.10000
13877.00000
13889.60000
13898.40000
13907.70000
13915.75000
13923.50000
13931.17500
13938.80000
13946.42500
13954.07500
13961.75000
13969.45000
13977.17500
13984.95000
13992.77500
14000.65000
14008.57500
14020.25000
14176.67500
14189.75000
14198.35000
14207.75000
14215.82500
14223.60000
14231.27500
14238.90000
14246.55000
14254.17500
14261.85000
14269.55000
14277.30000
14285.07500
14292.90000
14300.77500
14308.70000
14320.35000
14476.72500
14489.57500
14498.15000
14507.42500
14515.45000
14523.17500
14530.82500
14538.45000
14546.07500
14553.70000
14561.35000
14569.05000
14576.77500
14584.55000
14592.37500
14600.25000
14608.17500
14619.87500
14776.22500
14789.62500
14798.37500
14807.87500
14815.80000
14823.50000
14831.15000
14838.77500
14846.37500
14854.02500
14861.67500
14869.37500
14877.10000
14884.87500
14892.70000
14900.57500
14908.50000
14920.17500

