$ Stimulation Interval(ms): 300
$ Delay(ms): 34.595283
$ Number of data : 645
$ TSTOP : 15000
$ PN stimulation current max : 0
$ LN stimulation current max : 15000
40.47500
50.27500
58.97500
67.12500
74.95000
82.55000
90.07500
97.52500
104.95000
112.40000
119.82500
127.27500
134.77500
142.27500
149.82500
157.42500
165.07500
172.75000
180.50000
188.27500
196.12500
204.00000
216.07500
804.05000
1089.82500
1106.25000
1375.90000
1391.40000
1406.60000
1675.45000
1691.42500
1705.87500
1961.42500
1977.22500
1992.37500
2004.90000
2021.75000
2247.30000
2263.15000
2278.02500
2291.92500
2303.65000
2315.65000
2547.32500
2562.75000
2577.95000
2590.00000
2603.60000
2615.62500
2835.30000
2850.02500
2864.10000
2878.40000
2889.72500
2898.87500
2908.87500
3133.60000
3148.62500
3163.90000
3175.65000
3189.22500
3198.35000
3208.02500
3221.67500
3432.40000
3448.67500
3462.15000
3474.52500
3483.47500
3492.95000
3501.60000
3515.95000
3718.87500
3734.50000
3749.87500
3763.40000
3775.00000
3783.90000
3793.57500
3802.17500
3812.32500
4019.12500
4034.50000
4049.57500
4061.17500
4074.25000
4083.55000
4093.20000
4101.75000
4110.80000
4319.22500
4334.75000
4348.50000
4360.45000
4369.37500
4378.70000
4387.25000
4396.10000
4404.52500
4415.17500
4618.62500
4634.97500
4648.10000
4659.72500
4668.70000
4678.17500
4686.72500
4694.95000
4703.50000
4712.80000
4905.07500
4920.47500
4936.02500
4948.67500
4961.02500
4969.90000
4979.37500
4987.72500
4995.90000
5004.00000
5013.25000
5204.80000
5220.42500
5235.35000
5246.77500
5257.07500
5267.07500
5275.50000
5284.82500
5293.02500
5301.10000
5309.35000
5321.60000
5505.15000
5520.67500
5533.75000
5546.02500
5554.85000
5564.10000
5572.55000
5581.22500
5589.57500
5597.75000
5605.85000
5616.80000
5805.20000
5820.97500
5833.57500
5845.55000
5854.52500
5864.10000
5872.52500
5880.60000
5888.72500
5896.75000
5904.80000
5915.17500
6105.05000
6121.22500
6132.77500
6144.40000
6153.92500
6164.35000
6172.70000
6180.85000
6188.87500
6196.90000
6204.95000
6215.32500
6393.65000
6407.42500
6421.97500
6433.37500
6444.12500
6453.97500
6462.57500
6471.45000
6479.55000
6487.55000
6495.55000
6503.55000
6512.60000
6691.57500
6706.77500
6720.20000
6731.90000
6740.85000
6750.00000
6758.35000
6766.97500
6775.22500
6783.27500
6791.27500
6799.27500
6807.30000
6819.75000
6991.05000
7006.65000
7018.87500
7031.25000
7040.17500
7049.47500
7057.92500
7066.00000
7074.42500
7082.45000
7090.45000
7098.42500
7106.45000
7117.90000
7291.15000
7306.80000
7318.87500
7330.75000
7339.92500
7349.52500
7357.80000
7365.75000
7373.65000
7381.55000
7389.45000
7397.40000
7405.37500
7415.77500
7591.60000
7607.35000
7619.05000
7631.37500
7640.42500
7650.30000
7658.40000
7666.42500
7674.35000
7682.25000
7690.17500
7698.12500
7706.10000
7716.90000
7891.27500
7907.32500
7918.92500
7929.07500
7939.15000
7947.62500
7956.72500
7964.72500
7972.62500
7980.52500
7988.42500
7996.35000
8004.32500
8013.50000
8188.17500
8203.02500
8217.37500
8226.52500
8235.82500
8244.02500
8252.87500
8260.92500
8268.82500
8276.70000
8284.57500
8292.50000
8300.45000
8308.45000
8320.32500
8488.15000
8502.90000
8516.15000
8525.65000
8535.10000
8543.32500
8551.67500
8559.75000
8567.65000
8575.50000
8583.37500
8591.27500
8599.20000
8607.17500
8619.60000
8780.35000
8793.70000
8805.90000
8817.37500
8826.17500
8835.20000
8843.45000
8851.35000
8859.62500
8867.52500
8875.37500
8883.22500
8891.12500
8899.05000
8907.02500
8919.35000
9080.35000
9093.75000
9105.77500
9116.80000
9125.70000
9135.00000
9143.40000
9151.30000
9159.25000
9167.07500
9174.90000
9182.75000
9190.62500
9198.55000
9206.52500
9217.67500
9378.50000
9393.37500
9405.17500
9416.50000
9425.60000
9435.02500
9443.27500
9451.15000
9458.95000
9466.75000
9474.55000
9482.37500
9490.25000
9498.17500
9506.12500
9516.77500
9677.80000
9693.10000
9704.62500
9714.77500
9724.50000
9732.80000
9741.17500
9749.05000
9756.85000
9764.62500
9772.42500
9780.22500
9788.10000
9795.97500
9803.92500
9812.87500
9978.27500
9993.57500
10004.52500
10013.30000
10023.50000
10031.55000
10040.27500
10048.17500
10056.10000
10063.87500
10071.67500
10079.50000
10087.35000
10095.25000
10103.17500
10112.15000
10277.87500
10293.47500
10305.27500
10313.62500
10323.35000
10331.45000
10340.90000
10348.80000
10356.57500
10364.35000
10372.12500
10379.95000
10387.80000
10395.70000
10403.62500
10412.57500
10578.15000
10593.47500
10605.05000
10613.45000
10622.20000
10630.32500
10638.40000
10646.40000
10654.22500
10662.00000
10669.77500
10677.60000
10685.42500
10693.30000
10701.22500
10709.30000
10720.97500
10878.12500
10891.32500
10902.95000
10912.02500
10921.47500
10929.62500
10937.70000
10945.65000
10953.42500
10961.17500
10968.92500
10976.72500
10984.55000
10992.40000
11000.32500
11008.27500
11020.20000
11175.30000
11189.55000
11201.25000
11210.55000
11220.22500
11228.45000
11236.22500
11243.92500
11251.62500
11259.35000
11267.07500
11274.82500
11282.65000
11290.47500
11298.37500
11306.32500
11317.07500
11476.02500
11489.67500
11501.15000
11510.57500
11520.10000
11528.37500
11536.15000
11543.87500
11551.55000
11559.25000
11567.00000
11574.75000
11582.55000
11590.40000
11598.30000
11606.22500
11616.87500
11774.85000
11789.72500
11801.45000
11810.72500
11820.12500
11828.35000
11836.10000
11843.80000
11851.47500
11859.17500
11866.90000
11874.67500
11882.47500
11890.32500
11898.20000
11906.15000
11916.70000
12074.65000
12089.35000
12098.75000
12108.65000
12116.70000
12125.45000
12133.27500
12141.00000
12148.70000
12156.40000
12164.12500
12171.87500
12179.67500
12187.50000
12195.37500
12203.30000
12212.25000
12374.37500
12387.77500
12397.35000
12407.32500
12415.42500
12424.32500
12432.20000
12439.92500
12447.62500
12455.32500
12463.05000
12470.77500
12478.55000
12486.37500
12494.25000
12502.15000
12510.70000
12668.02500
12680.87500
12692.82500
12701.32500
12711.12500
12719.05000
12727.52500
12735.32500
12743.02500
12750.70000
12758.40000
12766.10000
12773.87500
12781.65000
12789.47500
12797.37500
12805.30000
12815.55000
12967.02500
12980.67500
12992.85000
13003.50000
13012.52500
13020.40000
13029.00000
13036.77500
13044.45000
13052.12500
13059.82500
13067.55000
13075.30000
13083.10000
13090.95000
13098.82500
13106.77500
13118.12500
13266.87500
13280.65000
13292.40000
13302.00000
13311.27500
13319.15000
13327.12500
13334.82500
13342.47500
13350.12500
13357.80000
13365.50000
13373.25000
13381.02500
13388.85000
13396.72500
13404.65000
13413.92500
13566.22500
13580.42500
13591.67500
13600.07500
13608.95000
13616.90000
13625.17500
13632.90000
13640.57500
13648.22500
13655.90000
13663.57500
13671.32500
13679.07500
13686.90000
13694.75000
13702.67500
13711.55000
13866.45000
13880.22500
13890.85000
13899.30000
13908.07500
13916.02500
13923.87500
13931.55000
13939.20000
13946.85000
13954.50000
13962.17500
13969.90000
13977.65000
13985.45000
13993.30000
14001.20000
14009.22500
14020.82500
14165.72500
14179.65000
14190.40000
14198.85000
14207.70000
14215.57500
14223.27500
14230.92500
14238.52500
14246.17500
14253.82500
14261.50000
14269.20000
14276.95000
14284.75000
14292.57500
14300.47500
14308.42500
14320.27500
14465.22500
14478.92500
14489.92500
14498.35000
14507.47500
14515.40000
14523.10000
14530.75000
14538.37500
14546.00000
14553.65000
14561.32500
14569.02500
14576.77500
14584.57500
14592.40000
14600.30000
14608.25000
14620.17500
14765.67500
14779.95000
14790.45000
14798.90000
14807.92500
14815.80000
14823.47500
14831.10000
14838.72500
14846.35000
14853.97500
14861.65000
14869.37500
14877.10000
14884.90000
14892.75000
14900.65000
14908.57500
14920.37500

