$ Stimulation Interval(ms): 300
$ Delay(ms): 242.006191
$ Number of data : 705
$ TSTOP : 15000
$ PN stimulation current max : 0
$ LN stimulation current max : 15000
246.82500
259.82500
272.75000
285.67500
298.70000
311.85000
325.15000
338.62500
352.25000
366.07500
380.07500
394.27500
408.70000
423.37500
438.27500
453.40000
468.82500
484.45000
500.27500
516.67500
549.72500
562.65000
575.62500
588.62500
601.72500
615.00000
628.42500
642.02500
655.80000
669.75000
683.92500
698.35000
712.97500
727.85000
742.95000
758.30000
773.87500
789.60000
805.62500
822.85000
849.30000
862.32500
875.37500
888.42500
901.60000
914.92500
928.40000
942.07500
955.90000
969.95000
984.20000
998.67500
1013.40000
1028.37500
1043.62500
1059.12500
1074.80000
1090.72500
1106.97500
1149.60000
1162.62500
1175.72500
1188.80000
1202.02500
1215.40000
1228.95000
1242.67500
1256.60000
1270.72500
1285.10000
1299.67500
1314.52500
1329.57500
1344.87500
1360.42500
1376.17500
1392.22500
1408.65000
1449.60000
1462.67500
1475.80000
1488.92500
1502.20000
1515.62500
1529.25000
1543.05000
1557.05000
1571.25000
1585.67500
1600.37500
1615.27500
1630.42500
1645.85000
1661.50000
1677.35000
1693.57500
1710.17500
1749.62500
1762.72500
1775.90000
1789.05000
1802.37500
1815.87500
1829.52500
1843.37500
1857.45000
1871.72500
1886.22500
1901.00000
1915.95000
1931.17500
1946.72500
1962.42500
1978.42500
1994.77500
2011.72500
2049.67500
2062.82500
2076.05000
2089.25000
2102.60000
2116.12500
2129.85000
2143.75000
2157.87500
2172.22500
2186.82500
2201.67500
2216.70000
2232.02500
2247.60000
2263.37500
2279.52500
2296.00000
2349.72500
2362.90000
2376.15000
2389.40000
2402.80000
2416.37500
2430.12500
2444.10000
2458.27500
2472.67500
2487.35000
2502.25000
2517.37500
2532.80000
2548.42500
2564.30000
2580.60000
2597.20000
2649.75000
2662.97500
2676.25000
2689.50000
2702.95000
2716.57500
2730.37500
2744.40000
2758.62500
2773.10000
2787.85000
2802.80000
2818.02500
2833.50000
2849.17500
2865.20000
2881.65000
2898.62500
2949.77500
2963.02500
2976.32500
2989.62500
3003.10000
3016.77500
3030.62500
3044.67500
3058.97500
3073.52500
3088.32500
3103.32500
3118.62500
3134.20000
3149.95000
3166.15000
3182.67500
3200.17500
3249.80000
3263.07500
3276.42500
3289.75000
3303.27500
3316.97500
3330.87500
3344.97500
3359.32500
3373.92500
3388.80000
3403.85000
3419.22500
3434.80000
3450.65000
3466.97500
3483.70000
3549.82500
3563.12500
3576.50000
3589.87500
3603.42500
3617.15000
3631.10000
3645.25000
3659.65000
3674.32500
3689.25000
3704.40000
3719.72500
3735.32500
3751.32500
3767.70000
3784.65000
3849.85000
3863.17500
3876.57500
3889.97500
3903.55000
3917.32500
3931.30000
3945.52500
3959.97500
3974.70000
3989.70000
4004.90000
4020.35000
4036.02500
4052.15000
4068.60000
4086.77500
4149.87500
4163.22500
4176.65000
4190.07500
4203.70000
4217.50000
4231.52500
4245.77500
4260.30000
4275.07500
4290.07500
4305.35000
4320.90000
4336.67500
4352.82500
4369.40000
4449.90000
4463.27500
4476.72500
4490.17500
4503.82500
4517.67500
4531.72500
4546.02500
4560.57500
4575.42500
4590.50000
4605.75000
4621.25000
4637.17500
4653.45000
4670.32500
4749.90000
4763.30000
4776.80000
4790.25000
4803.95000
4817.82500
4831.92500
4846.27500
4860.87500
4875.77500
4890.87500
4906.15000
4921.75000
4937.85000
4954.17500
4971.37500
5049.92500
5063.35000
5076.85000
5090.35000
5104.07500
5117.97500
5132.12500
5146.52500
5161.17500
5176.10000
5191.22500
5206.57500
5222.22500
5238.30000
5254.77500
5349.92500
5363.40000
5376.92500
5390.45000
5404.17500
5418.12500
5432.30000
5446.72500
5461.42500
5476.42500
5491.62500
5507.02500
5522.72500
5538.95000
5555.52500
5649.95000
5663.42500
5676.97500
5690.52500
5704.30000
5718.27500
5732.47500
5746.95000
5761.70000
5776.75000
5792.00000
5807.47500
5823.32500
5839.55000
5856.37500
5949.97500
5963.47500
5977.05000
5990.60000
6004.40000
6018.42500
6032.67500
6047.17500
6061.97500
6077.02500
6092.27500
6107.80000
6123.72500
6140.10000
6157.27500
6249.97500
6263.50000
6277.10000
6290.70000
6304.52500
6318.55000
6332.85000
6347.40000
6362.25000
6377.32500
6392.60000
6408.17500
6424.25000
6440.60000
6550.00000
6563.52500
6577.15000
6590.77500
6604.62500
6618.70000
6633.00000
6647.60000
6662.50000
6677.60000
6692.95000
6708.62500
6724.82500
6741.25000
6850.00000
6863.57500
6877.22500
6890.85000
6904.72500
6918.82500
6933.17500
6947.80000
6962.75000
6977.87500
6993.17500
7008.77500
7024.92500
7041.55000
7150.02500
7163.60000
7177.27500
7190.92500
7204.82500
7218.95000
7233.35000
7248.02500
7263.00000
7278.15000
7293.57500
7309.30000
7325.52500
7342.32500
7450.02500
7463.62500
7477.32500
7491.00000
7504.92500
7519.07500
7533.50000
7548.22500
7563.25000
7578.45000
7593.95000
7609.80000
7626.10000
7643.42500
7750.05000
7763.67500
7777.37500
7791.07500
7805.02500
7819.20000
7833.67500
7848.42500
7863.45000
7878.67500
7894.17500
7910.07500
7926.30000
8050.05000
8063.70000
8077.42500
8091.12500
8105.10000
8119.32500
8133.82500
8148.60000
8163.65000
8178.90000
8194.45000
8210.45000
8226.85000
8350.07500
8363.72500
8377.47500
8391.20000
8405.20000
8419.45000
8433.97500
8448.80000
8463.82500
8479.10000
8494.70000
8510.77500
8527.32500
8650.07500
8663.75000
8677.52500
8691.27500
8705.30000
8719.57500
8734.12500
8749.00000
8764.05000
8779.35000
8794.92500
8811.07500
8827.62500
8950.10000
8963.77500
8977.57500
8991.32500
9005.37500
9019.67500
9034.27500
9049.20000
9064.25000
9079.60000
9095.20000
9111.32500
9127.97500
9250.10000
9263.82500
9277.62500
9291.40000
9305.47500
9319.80000
9334.42500
9349.37500
9364.47500
9379.82500
9395.55000
9411.72500
9428.62500
9550.12500
9563.85000
9577.65000
9591.47500
9605.57500
9619.92500
9634.57500
9649.52500
9664.67500
9680.05000
9695.75000
9712.05000
9729.70000
9850.12500
9863.87500
9877.70000
9891.52500
9905.65000
9920.05000
9934.72500
9949.75000
9964.92500
9980.35000
9996.15000
10012.57500
10150.12500
10163.90000
10177.75000
10191.60000
10205.75000
10220.15000
10234.87500
10249.87500
10265.07500
10280.52500
10296.52500
10312.92500
10450.15000
10463.92500
10477.80000
10491.65000
10505.82500
10520.25000
10535.00000
10549.97500
10565.20000
10580.72500
10596.77500
10613.15000
10750.15000
10763.95000
10777.82500
10791.70000
10805.90000
10820.35000
10835.15000
10850.10000
10865.40000
10880.92500
10897.00000
10913.62500
11050.15000
11063.97500
11077.87500
11091.77500
11105.97500
11120.47500
11135.27500
11150.27500
11165.55000
11181.12500
11197.25000
11213.92500
11350.17500
11364.00000
11377.92500
11391.82500
11406.07500
11420.57500
11435.42500
11450.42500
11465.75000
11481.37500
11497.52500
11514.27500
11650.17500
11664.02500
11677.97500
11691.87500
11706.15000
11720.67500
11735.57500
11750.62500
11765.95000
11781.57500
11797.77500
11814.67500
11950.20000
11964.05000
11978.00000
11991.95000
12006.22500
12020.80000
12035.70000
12050.80000
12066.15000
12081.85000
12097.97500
12250.20000
12264.07500
12278.05000
12292.00000
12306.30000
12320.90000
12335.80000
12350.90000
12366.30000
12382.05000
12398.40000
12550.20000
12564.10000
12578.07500
12592.05000
12606.37500
12620.97500
12635.92500
12651.05000
12666.42500
12682.22500
12698.67500
12850.22500
12864.12500
12878.12500
12892.10000
12906.45000
12921.07500
12936.02500
12951.17500
12966.62500
12982.52500
12998.95000
13150.22500
13164.12500
13178.15000
13192.15000
13206.52500
13221.17500
13236.15000
13251.35000
13266.80000
13282.70000
13299.20000
13450.22500
13464.15000
13478.20000
13492.20000
13506.57500
13521.27500
13536.27500
13551.47500
13566.97500
13582.87500
13599.50000
13750.22500
13764.17500
13778.22500
13792.25000
13806.65000
13821.37500
13836.35000
13851.60000
13867.17500
13883.05000
13899.67500
14050.25000
14064.20000
14078.27500
14092.30000
14106.72500
14121.47500
14136.42500
14151.65000
14167.22500
14183.15000
14199.77500
14350.25000
14364.22500
14378.30000
14392.35000
14406.80000
14421.55000
14436.50000
14451.77500
14467.45000
14483.55000
14500.32500
14650.25000
14664.25000
14678.32500
14692.40000
14706.87500
14721.65000
14736.60000
14751.95000
14767.65000
14783.70000
14950.27500
14964.25000
14978.37500
14992.45000

