$ Stimulation Interval(ms): 300
$ Delay(ms): 205.652731
$ Number of data : 567
$ TSTOP : 15000
$ PN stimulation current max : 0
$ LN stimulation current max : 15000
210.37500
223.17500
235.95000
248.87500
261.95000
275.17500
288.55000
302.10000
315.82500
329.72500
343.85000
358.17500
372.75000
387.60000
402.77500
418.35000
434.55000
513.15000
525.95000
538.80000
551.80000
564.95000
578.27500
591.77500
605.45000
619.30000
633.37500
647.65000
662.17500
676.95000
692.07500
707.57500
723.72500
813.17500
825.97500
838.87500
851.90000
865.12500
878.50000
892.05000
905.80000
919.72500
933.85000
948.22500
962.82500
977.72500
992.97500
1008.70000
1025.35000
1113.22500
1126.02500
1138.95000
1152.02500
1165.30000
1178.75000
1192.35000
1206.15000
1220.15000
1234.35000
1248.80000
1263.52500
1278.55000
1293.97500
1310.00000
1413.25000
1426.07500
1439.05000
1452.15000
1465.47500
1478.95000
1492.60000
1506.45000
1520.52500
1534.80000
1549.32500
1564.15000
1579.27500
1594.87500
1611.22500
1713.22500
1726.07500
1739.07500
1752.22500
1765.57500
1779.10000
1792.80000
1806.70000
1820.82500
1835.15000
1849.77500
1864.65000
1879.92500
1895.67500
1912.32500
2013.20000
2026.10000
2039.10000
2052.30000
2065.67500
2079.25000
2093.00000
2106.95000
2121.12500
2135.52500
2150.20000
2165.20000
2180.57500
2196.50000
2313.22500
2326.12500
2339.17500
2352.37500
2365.80000
2379.40000
2393.17500
2407.17500
2421.40000
2435.85000
2450.60000
2465.67500
2481.17500
2497.27500
2613.25000
2626.17500
2639.25000
2652.47500
2665.92500
2679.57500
2693.40000
2707.42500
2721.70000
2736.22500
2751.05000
2766.22500
2781.85000
2798.12500
2913.25000
2926.20000
2939.30000
2952.57500
2966.05000
2979.72500
2993.60000
3007.67500
3022.00000
3036.57500
3051.47500
3066.72500
3082.47500
3099.17500
3213.30000
3226.27500
3239.37500
3252.67500
3266.17500
3279.90000
3293.80000
3307.92500
3322.30000
3336.95000
3351.90000
3367.27500
3383.17500
3399.92500
3513.32500
3526.30000
3539.45000
3552.75000
3566.30000
3580.05000
3594.00000
3608.17500
3622.57500
3637.30000
3652.32500
3667.82500
3683.82500
3700.90000
3813.30000
3826.32500
3839.47500
3852.82500
3866.40000
3880.17500
3894.15000
3908.37500
3922.85000
3937.60000
3952.72500
3968.32500
3984.52500
4113.30000
4126.35000
4139.52500
4152.87500
4166.50000
4180.30000
4194.32500
4208.57500
4223.10000
4237.92500
4253.12500
4268.80000
4285.27500
4413.32500
4426.37500
4439.57500
4452.97500
4466.60000
4480.42500
4494.47500
4508.77500
4523.35000
4538.25000
4553.52500
4569.32500
4585.95000
4713.35000
4726.40000
4739.65000
4753.05000
4766.70000
4780.57500
4794.65000
4809.00000
4823.62500
4838.57500
4853.95000
4869.82500
4886.52500
5013.35000
5026.45000
5039.67500
5053.12500
5066.80000
5080.70000
5094.82500
5109.20000
5123.87500
5138.90000
5154.37500
5170.40000
5187.35000
5313.37500
5326.47500
5339.75000
5353.20000
5366.90000
5380.82500
5395.00000
5409.40000
5424.12500
5439.22500
5454.80000
5471.05000
5613.37500
5626.50000
5639.80000
5653.25000
5667.00000
5680.95000
5695.15000
5709.60000
5724.37500
5739.52500
5755.22500
5771.80000
5913.40000
5926.52500
5939.82500
5953.32500
5967.10000
5981.07500
5995.30000
6009.80000
6024.62500
6039.85000
6055.62500
6072.45000
6213.40000
6226.55000
6239.87500
6253.40000
6267.17500
6281.20000
6295.45000
6310.00000
6324.85000
6340.15000
6356.02500
6373.00000
6513.42500
6526.60000
6539.92500
6553.45000
6567.27500
6581.32500
6595.60000
6610.17500
6625.10000
6640.47500
6656.50000
6813.42500
6826.62500
6839.97500
6853.52500
6867.35000
6881.42500
6895.75000
6910.35000
6925.32500
6940.77500
6956.77500
6973.70000
7113.45000
7126.65000
7140.02500
7153.57500
7167.45000
7181.55000
7195.90000
7210.55000
7225.57500
7241.12500
7257.32500
7274.72500
7413.45000
7426.67500
7440.07500
7453.65000
7467.52500
7481.65000
7496.05000
7510.75000
7525.82500
7541.47500
7557.95000
7713.45000
7726.70000
7740.10000
7753.70000
7767.62500
7781.77500
7796.17500
7810.92500
7826.07500
7841.82500
7858.67500
8013.47500
8026.72500
8040.15000
8053.77500
8067.70000
8081.87500
8096.32500
8111.10000
8126.30000
8142.17500
8159.67500
8313.47500
8326.75000
8340.17500
8353.82500
8367.77500
8381.97500
8396.45000
8411.27500
8426.52500
8442.55000
8613.50000
8626.77500
8640.22500
8653.87500
8667.85000
8682.07500
8696.57500
8711.42500
8726.75000
8742.82500
8913.50000
8926.80000
8940.25000
8953.92500
8967.92500
8982.17500
8996.70000
9011.60000
9026.97500
9043.12500
9213.50000
9226.80000
9240.30000
9253.97500
9268.00000
9282.25000
9296.82500
9311.77500
9327.20000
9343.50000
9513.52500
9526.82500
9540.32500
9554.02500
9568.05000
9582.35000
9596.95000
9611.92500
9627.45000
9643.77500
9813.52500
9826.85000
9840.35000
9854.07500
9868.12500
9882.45000
9897.07500
9912.10000
9927.70000
9944.22500
10113.52500
10126.87500
10140.40000
10154.12500
10168.20000
10182.55000
10197.20000
10212.27500
10227.95000
10244.75000
10413.55000
10426.90000
10440.42500
10454.17500
10468.27500
10482.62500
10497.32500
10512.42500
10528.20000
10713.55000
10726.92500
10740.45000
10754.22500
10768.32500
10782.72500
10797.42500
10812.57500
10828.45000
11013.55000
11026.92500
11040.50000
11054.27500
11068.40000
11082.80000
11097.55000
11112.72500
11128.70000
11313.57500
11326.95000
11340.52500
11354.30000
11368.45000
11382.87500
11397.65000
11412.87500
11428.97500
11613.57500
11626.97500
11640.55000
11654.35000
11668.50000
11682.95000
11697.77500
11713.05000
11729.27500
11913.57500
11926.97500
11940.57500
11954.40000
11968.57500
11983.05000
11997.87500
12013.20000
12029.50000
12213.57500
12227.00000
12240.60000
12254.42500
12268.62500
12283.12500
12298.00000
12313.37500
12329.85000
12513.60000
12527.02500
12540.62500
12554.47500
12568.70000
12583.20000
12598.10000
12613.52500
12630.40000
12813.60000
12827.02500
12840.65000
12854.52500
12868.75000
12883.30000
12898.22500
12913.70000
12930.60000
13113.60000
13127.05000
13140.70000
13154.55000
13168.80000
13183.37500
13198.32500
13213.87500
13230.32500
13413.62500
13427.07500
13440.72500
13454.60000
13468.87500
13483.45000
13498.45000
13514.05000
13530.85000
13713.62500
13727.10000
13740.75000
13754.65000
13768.92500
13783.52500
13798.55000
13814.22500
14013.62500
14027.10000
14040.77500
14054.67500
14068.97500
14083.60000
14098.65000
14114.37500
14313.62500
14327.12500
14340.80000
14354.70000
14369.02500
14383.67500
14398.75000
14414.55000
14613.62500
14627.12500
14640.82500
14654.75000
14669.07500
14683.75000
14698.85000
14714.72500
14913.65000
14927.15000
14940.85000
14954.77500
14969.12500
14983.80000
14998.95000

