$ Stimulation Interval(ms): 300
$ Delay(ms): 49.890862
$ Number of data : 597
$ TSTOP : 15000
$ PN stimulation current max : 0
$ LN stimulation current max : 15000
55.70000
65.50000
74.17500
82.30000
90.12500
97.72500
105.25000
112.70000
120.15000
127.57500
135.00000
142.45000
149.95000
157.45000
165.00000
172.60000
180.25000
187.92500
195.65000
203.45000
805.27500
1090.62500
1106.50000
1388.40000
1403.45000
1676.32500
1692.20000
1705.62500
1972.10000
1986.52500
2000.85000
2011.57500
2257.12500
2274.20000
2286.77500
2296.65000
2306.85000
2556.90000
2572.35000
2586.65000
2596.05000
2605.85000
2848.35000
2863.85000
2876.22500
2888.12500
2897.27500
2907.00000
3143.12500
3159.32500
3172.57500
3182.05000
3191.62500
3200.20000
3209.57500
3442.70000
3458.70000
3472.67500
3481.95000
3491.57500
3500.17500
3509.12500
3734.32500
3750.10000
3761.57500
3773.55000
3782.70000
3792.45000
3801.02500
3810.05000
4028.50000
4044.87500
4058.45000
4067.80000
4077.35000
4085.80000
4094.70000
4103.05000
4112.52500
4328.80000
4345.17500
4358.45000
4367.67500
4377.27500
4385.80000
4394.55000
4402.97500
4412.40000
4621.32500
4636.02500
4647.97500
4659.27500
4668.40000
4677.70000
4686.20000
4694.27500
4702.77500
4712.02500
4920.30000
4936.35000
4947.72500
4959.87500
4968.87500
4978.47500
4986.70000
4994.72500
5002.70000
5011.80000
5216.50000
5231.57500
5244.70000
5253.82500
5263.07500
5271.47500
5280.05000
5288.30000
5296.32500
5304.30000
5313.67500
5514.95000
5531.37500
5544.22500
5553.42500
5563.05000
5571.50000
5579.95000
5588.30000
5596.30000
5604.27500
5613.62500
5807.35000
5821.97500
5833.75000
5845.25000
5854.20000
5863.87500
5872.27500
5880.30000
5888.25000
5896.17500
5904.10000
5913.35000
6107.25000
6122.22500
6133.60000
6144.52500
6153.65000
6163.47500
6171.65000
6179.57500
6187.52500
6195.42500
6203.35000
6212.52500
6407.47500
6422.52500
6433.85000
6445.65000
6454.65000
6463.10000
6471.35000
6479.30000
6487.17500
6495.05000
6502.92500
6511.97500
6707.17500
6720.32500
6731.72500
6740.77500
6749.80000
6758.05000
6766.50000
6774.62500
6782.55000
6790.42500
6798.30000
6806.20000
7001.55000
7017.55000
7030.00000
7039.22500
7048.60000
7057.05000
7065.02500
7073.47500
7081.35000
7089.20000
7097.07500
7104.95000
7114.80000
7301.65000
7317.90000
7330.12500
7339.27500
7348.85000
7357.22500
7365.10000
7372.90000
7380.70000
7388.50000
7396.32500
7404.20000
7413.40000
7601.92500
7617.42500
7626.75000
7636.20000
7644.35000
7653.00000
7660.95000
7669.02500
7676.87500
7684.67500
7692.50000
7700.35000
7708.25000
7893.60000
7908.62500
7919.95000
7931.77500
7940.62500
7949.82500
7957.95000
7965.77500
7973.55000
7981.32500
7989.12500
7996.95000
8004.80000
8014.30000
8194.37500
8208.85000
8219.90000
8231.52500
8240.32500
8248.35000
8256.50000
8264.32500
8272.07500
8279.85000
8287.62500
8295.42500
8303.27500
8312.35000
8494.02500
8507.97500
8519.00000
8527.62500
8536.52500
8544.57500
8553.05000
8561.00000
8568.80000
8576.55000
8584.32500
8592.12500
8599.95000
8607.82500
8793.92500
8806.97500
8817.92500
8826.67500
8835.25000
8843.42500
8851.27500
8859.50000
8867.30000
8875.05000
8882.80000
8890.57500
8898.40000
8906.25000
9092.85000
9105.10000
9116.30000
9125.37500
9134.30000
9142.70000
9150.50000
9158.22500
9165.92500
9173.65000
9181.37500
9189.15000
9196.92500
9204.77500
9214.15000
9392.92500
9405.07500
9416.52500
9425.47500
9434.52500
9442.60000
9450.37500
9458.07500
9465.75000
9473.47500
9481.20000
9488.95000
9496.75000
9504.57500
9513.80000
9688.95000
9703.82500
9713.67500
9722.95000
9731.00000
9739.35000
9747.17500
9755.00000
9762.70000
9770.40000
9778.10000
9785.85000
9793.62500
9801.45000
9809.65000
9988.97500
10002.05000
10011.95000
10021.47500
10029.60000
10038.32500
10046.15000
10053.87500
10061.57500
10069.25000
10076.97500
10084.70000
10092.47500
10100.27500
10108.12500
10289.15000
10303.60000
10312.20000
10321.37500
10329.50000
10338.00000
10345.77500
10353.47500
10361.15000
10368.82500
10376.52500
10384.25000
10392.00000
10399.80000
10407.65000
10589.12500
10602.52500
10611.37500
10620.67500
10628.90000
10636.87500
10644.75000
10652.45000
10660.10000
10667.77500
10675.47500
10683.17500
10690.92500
10698.72500
10706.57500
10881.75000
10895.07500
10905.70000
10914.22500
10923.02500
10930.97500
10939.30000
10947.05000
10954.72500
10962.37500
10970.05000
10977.72500
10985.45000
10993.22500
11001.02500
11009.02500
11180.70000
11194.02500
11204.62500
11213.17500
11222.02500
11230.07500
11237.90000
11245.65000
11253.30000
11260.95000
11268.60000
11276.27500
11284.00000
11291.75000
11299.52500
11307.37500
11480.67500
11493.75000
11504.17500
11512.77500
11521.62500
11529.67500
11537.40000
11545.05000
11552.70000
11560.32500
11567.95000
11575.62500
11583.35000
11591.07500
11598.87500
11606.70000
11780.32500
11792.45000
11803.00000
11811.77500
11820.62500
11828.82500
11836.55000
11844.20000
11851.82500
11859.45000
11867.07500
11874.75000
11882.45000
11890.17500
11897.95000
11905.77500
11917.02500
12080.35000
12094.15000
12104.85000
12113.35000
12122.35000
12130.20000
12137.87500
12145.50000
12153.10000
12160.72500
12168.35000
12176.02500
12183.72500
12191.47500
12199.25000
12207.10000
12380.32500
12392.15000
12402.00000
12411.17500
12419.35000
12427.40000
12435.10000
12442.72500
12450.32500
12457.92500
12465.55000
12473.22500
12480.90000
12488.62500
12496.40000
12504.20000
12513.32500
12680.42500
12693.02500
12702.20000
12711.90000
12719.80000
12727.90000
12735.62500
12743.25000
12750.85000
12758.45000
12766.07500
12773.72500
12781.42500
12789.15000
12796.92500
12804.75000
12813.97500
12980.57500
12992.50000
13003.52500
13012.25000
13020.07500
13028.22500
13035.90000
13043.50000
13051.07500
13058.67500
13066.30000
13073.95000
13081.65000
13089.37500
13097.15000
13104.95000
13114.35000
13280.30000
13292.20000
13303.47500
13312.15000
13319.92500
13327.62500
13335.25000
13342.82500
13350.40000
13358.00000
13365.60000
13373.25000
13380.92500
13388.65000
13396.42500
13404.22500
13413.32500
13576.80000
13590.15000
13599.07500
13608.22500
13616.17500
13624.50000
13632.17500
13639.75000
13647.32500
13654.90000
13662.50000
13670.12500
13677.80000
13685.50000
13693.25000
13701.02500
13709.00000
13876.60000
13889.25000
13898.32500
13907.45000
13915.50000
13923.27500
13930.90000
13938.47500
13946.05000
13953.62500
13961.20000
13968.82500
13976.47500
13984.17500
13991.90000
13999.67500
14007.50000
14176.27500
14189.37500
14198.17500
14207.30000
14215.27500
14222.95000
14230.55000
14238.12500
14245.67500
14253.22500
14260.82500
14268.42500
14276.07500
14283.77500
14291.50000
14299.27500
14307.10000
14476.15000
14488.87500
14497.70000
14506.85000
14514.87500
14522.57500
14530.15000
14537.72500
14545.27500
14552.82500
14560.42500
14568.02500
14575.67500
14583.35000
14591.07500
14598.85000
14606.67500
14775.65000
14788.75000
14797.72500
14806.95000
14814.85000
14822.50000
14830.07500
14837.62500
14845.17500
14852.72500
14860.30000
14867.92500
14875.55000
14883.25000
14890.97500
14898.75000
14906.57500

