$ Stimulation Interval(ms): 300
$ Delay(ms): 4.926443
$ Number of data : 586
$ TSTOP : 15000
$ PN stimulation current max : 0
$ LN stimulation current max : 15000
11.02500
20.90000
29.62500
37.80000
45.62500
53.25000
60.77500
68.25000
75.67500
83.12500
90.55000
98.02500
105.50000
113.02500
120.57500
128.17500
135.82500
143.50000
151.25000
159.02500
166.87500
174.77500
182.72500
190.75000
198.80000
208.60000
1404.62500
1691.72500
1707.22500
1989.80000
2004.75000
2277.22500
2292.47500
2305.12500
2321.85000
2565.27500
2581.60000
2593.25000
2605.22500
2621.70000
2864.37500
2878.80000
2891.40000
2905.47500
2921.45000
3160.22500
3174.85000
3189.57500
3198.77500
3208.72500
3450.25000
3465.02500
3478.30000
3490.85000
3500.02500
3509.72500
3746.22500
3762.42500
3775.55000
3784.67500
3794.52500
3803.37500
3820.05000
4036.65000
4052.42500
4064.57500
4076.60000
4085.65000
4095.70000
4104.47500
4120.00000
4335.87500
4350.87500
4363.67500
4376.32500
4385.42500
4394.72500
4403.47500
4418.10000
4632.22500
4648.25000
4661.32500
4670.45000
4680.42500
4689.17500
4698.32500
4706.90000
4721.15000
4922.12500
4938.87500
4950.80000
4962.72500
4971.65000
4981.37500
4989.97500
4998.82500
5007.25000
5021.20000
5221.55000
5237.67500
5249.85000
5262.12500
5271.07500
5280.35000
5289.05000
5297.47500
5305.85000
5320.50000
5518.42500
5533.80000
5547.60000
5561.50000
5570.57500
5579.60000
5588.35000
5596.70000
5605.05000
5619.72500
5817.00000
5833.07500
5846.55000
5855.55000
5865.17500
5873.87500
5882.22500
5890.57500
5898.90000
5907.20000
5921.05000
6116.67500
6132.97500
6145.42500
6154.82500
6165.80000
6174.32500
6183.25000
6191.57500
6199.85000
6208.15000
6221.57500
6407.67500
6423.67500
6435.32500
6447.70000
6456.65000
6466.97500
6475.42500
6483.70000
6491.92500
6500.17500
6508.47500
6521.80000
6702.92500
6719.15000
6733.05000
6747.47500
6756.40000
6765.75000
6774.35000
6782.60000
6790.82500
6799.07500
6807.32500
6821.05000
7002.02500
7018.52500
7031.75000
7040.72500
7050.10000
7058.70000
7067.05000
7075.47500
7083.75000
7091.97500
7100.20000
7108.47500
7121.75000
7301.80000
7318.75000
7331.70000
7340.75000
7350.82500
7359.32500
7367.82500
7376.00000
7384.17500
7392.35000
7400.55000
7408.85000
7422.17500
7602.45000
7618.82500
7632.37500
7641.37500
7651.45000
7659.80000
7668.45000
7676.65000
7684.80000
7692.97500
7701.20000
7709.77500
7894.60000
7909.57500
7921.07500
7933.40000
7942.17500
7951.92500
7960.25000
7968.42500
7976.55000
7984.67500
7992.85000
8001.02500
8009.45000
8193.07500
8209.25000
8220.87500
8233.05000
8242.05000
8252.12500
8260.42500
8268.55000
8276.67500
8284.80000
8292.95000
8301.12500
8309.60000
8493.17500
8506.97500
8519.32500
8529.05000
8538.55000
8546.85000
8555.72500
8563.90000
8572.00000
8580.10000
8588.22500
8596.40000
8604.60000
8618.12500
8788.62500
8804.45000
8817.12500
8826.07500
8835.47500
8843.95000
8852.10000
8860.45000
8868.57500
8876.65000
8884.77500
8892.90000
8901.07500
8909.50000
9088.05000
9104.55000
9116.95000
9126.00000
9135.62500
9144.15000
9152.30000
9160.35000
9168.40000
9176.47500
9184.55000
9192.67500
9200.85000
9209.15000
9222.50000
9387.60000
9404.55000
9416.90000
9426.00000
9435.77500
9444.17500
9452.25000
9460.27500
9468.30000
9476.35000
9484.42500
9492.55000
9500.70000
9508.95000
9522.02500
9687.82500
9704.07500
9714.70000
9724.40000
9734.02500
9742.50000
9750.60000
9758.65000
9766.67500
9774.72500
9782.77500
9790.90000
9799.05000
9807.25000
9820.90000
9980.72500
9995.27500
10007.25000
10018.90000
10027.65000
10037.77500
10045.97500
10054.00000
10062.00000
10070.00000
10078.05000
10086.12500
10094.22500
10102.40000
10113.52500
10279.60000
10295.27500
10307.00000
10318.47500
10327.50000
10336.55000
10344.77500
10352.80000
10360.80000
10368.80000
10376.82500
10384.87500
10393.00000
10401.15000
10409.52500
10579.27500
10595.05000
10606.52500
10618.05000
10627.10000
10635.35000
10643.67500
10651.70000
10659.70000
10667.67500
10675.70000
10683.75000
10691.85000
10700.00000
10708.20000
10721.35000
10878.80000
10892.95000
10904.97500
10913.80000
10923.37500
10931.62500
10940.10000
10948.10000
10956.07500
10964.05000
10972.05000
10980.07500
10988.15000
10996.25000
11004.42500
11017.77500
11174.52500
11190.20000
11202.15000
11211.52500
11221.55000
11229.95000
11238.07500
11246.05000
11253.97500
11261.92500
11269.90000
11277.90000
11285.95000
11294.05000
11302.20000
11312.95000
11473.77500
11490.05000
11502.45000
11511.55000
11521.37500
11529.75000
11537.75000
11545.67500
11553.57500
11561.52500
11569.50000
11577.50000
11585.52500
11593.62500
11601.77500
11611.20000
11773.77500
11790.42500
11802.62500
11811.57500
11821.20000
11829.47500
11837.42500
11845.35000
11853.25000
11861.17500
11869.12500
11877.12500
11885.17500
11893.25000
11901.40000
11909.97500
12074.07500
12090.40000
12102.52500
12111.60000
12121.80000
12129.92500
12137.87500
12145.77500
12153.67500
12161.60000
12169.55000
12177.55000
12185.60000
12193.70000
12201.82500
12211.40000
12373.55000
12389.35000
12398.95000
12408.95000
12417.10000
12426.05000
12434.10000
12442.02500
12449.95000
12457.87500
12465.80000
12473.77500
12481.80000
12489.87500
12498.00000
12506.15000
12520.25000
12667.00000
12681.25000
12694.62500
12705.57500
12714.10000
12723.57500
12731.62500
12739.55000
12747.42500
12755.32500
12763.25000
12771.20000
12779.20000
12787.25000
12795.35000
12803.50000
12816.32500
12967.00000
12981.57500
12993.90000
13005.47500
13014.05000
13022.80000
13031.00000
13038.92500
13046.82500
13054.70000
13062.62500
13070.57500
13078.57500
13086.62500
13094.72500
13102.85000
13114.65000
13266.30000
13281.47500
13292.92500
13303.95000
13312.90000
13320.97500
13329.05000
13336.92500
13344.80000
13352.67500
13360.55000
13368.50000
13376.47500
13384.50000
13392.57500
13400.70000
13408.90000
13421.80000
13565.80000
13581.35000
13592.42500
13600.97500
13610.02500
13618.10000
13626.47500
13634.40000
13642.27500
13650.15000
13658.05000
13665.97500
13673.92500
13681.95000
13690.00000
13698.10000
13706.27500
13720.30000
13865.50000
13879.72500
13890.97500
13899.47500
13908.52500
13916.65000
13924.87500
13932.75000
13940.57500
13948.42500
13956.30000
13964.20000
13972.15000
13980.15000
13988.17500
13996.27500
14004.42500
14017.65000
14165.60000
14179.72500
14191.15000
14199.65000
14208.57500
14216.67500
14224.57500
14232.42500
14240.25000
14248.07500
14255.95000
14263.85000
14271.80000
14279.77500
14287.82500
14295.90000
14304.05000
14317.22500
14460.15000
14476.82500
14489.05000
14497.82500
14507.22500
14515.37500
14523.25000
14531.07500
14538.90000
14546.72500
14554.57500
14562.47500
14570.40000
14578.37500
14586.40000
14594.47500
14602.62500
14613.72500
14761.20000
14777.02500
14788.75000
14797.70000
14807.67500
14815.72500
14823.60000
14831.40000
14839.22500
14847.05000
14854.90000
14862.77500
14870.72500
14878.70000
14886.72500
14894.80000
14902.95000
14914.75000

