$ Stimulation Interval(ms): 300
$ Delay(ms): 214.464957
$ Number of data : 605
$ TSTOP : 15000
$ PN stimulation current max : 0
$ LN stimulation current max : 15000
219.17500
232.02500
244.87500
257.85000
270.90000
284.10000
297.47500
311.00000
324.72500
338.60000
352.70000
367.00000
381.55000
396.35000
411.42500
426.85000
442.72500
459.17500
476.25000
494.92500
521.55000
534.37500
547.30000
560.35000
573.52500
586.85000
600.35000
614.02500
627.87500
641.95000
656.22500
670.72500
685.50000
700.55000
715.95000
731.80000
748.30000
765.47500
821.95000
834.72500
847.70000
860.80000
874.02500
887.40000
900.97500
914.70000
928.65000
942.77500
957.15000
971.77500
986.67500
1001.92500
1017.57500
1033.90000
1051.60000
1121.97500
1134.80000
1147.80000
1160.92500
1174.20000
1187.65000
1201.25000
1215.05000
1229.05000
1243.27500
1257.72500
1272.42500
1287.42500
1302.80000
1318.67500
1335.25000
1421.97500
1434.82500
1447.87500
1461.05000
1474.37500
1487.85000
1501.52500
1515.37500
1529.45000
1543.72500
1558.25000
1573.07500
1588.20000
1603.75000
1619.92500
1637.00000
1722.00000
1734.87500
1747.97500
1761.15000
1774.52500
1788.05000
1801.75000
1815.67500
1829.80000
1844.15000
1858.75000
1873.67500
1888.95000
1904.70000
1921.10000
2022.02500
2034.92500
2048.05000
2061.27500
2074.67500
2088.22500
2102.00000
2115.95000
2130.12500
2144.55000
2159.22500
2174.22500
2189.62500
2205.57500
2222.22500
2322.05000
2334.97500
2348.12500
2361.37500
2374.80000
2388.42500
2402.22500
2416.22500
2430.45000
2444.92500
2459.70000
2474.77500
2490.30000
2506.37500
2523.20000
2622.07500
2635.02500
2648.20000
2661.50000
2674.95000
2688.60000
2702.42500
2716.47500
2730.77500
2745.30000
2760.15000
2775.35000
2791.00000
2807.20000
2922.07500
2935.07500
2948.27500
2961.57500
2975.07500
2988.75000
3002.62500
3016.72500
3031.05000
3045.65000
3060.55000
3075.85000
3091.62500
3108.00000
3222.10000
3235.10000
3248.32500
3261.67500
3275.20000
3288.90000
3302.82500
3316.95000
3331.35000
3346.00000
3360.97500
3376.37500
3392.22500
3408.85000
3522.12500
3535.15000
3548.40000
3561.77500
3575.32500
3589.05000
3603.02500
3617.20000
3631.62500
3646.35000
3661.40000
3676.90000
3692.82500
3709.52500
3822.12500
3835.17500
3848.45000
3861.85000
3875.42500
3889.20000
3903.20000
3917.42500
3931.90000
3946.67500
3961.80000
3977.40000
3993.45000
4010.37500
4122.15000
4135.22500
4148.52500
4161.92500
4175.55000
4189.35000
4203.37500
4217.65000
4232.17500
4247.00000
4262.22500
4277.92500
4294.07500
4422.17500
4435.25000
4448.57500
4462.02500
4475.65000
4489.50000
4503.55000
4517.85000
4532.42500
4547.32500
4562.60000
4578.35000
4594.65000
4611.97500
4722.17500
4735.30000
4748.65000
4762.10000
4775.77500
4789.65000
4803.72500
4818.07500
4832.70000
4847.65000
4863.02500
4878.85000
4895.30000
5022.20000
5035.32500
5048.70000
5062.17500
5075.87500
5089.77500
5103.90000
5118.27500
5132.95000
5147.97500
5163.42500
5179.27500
5195.67500
5322.20000
5335.35000
5348.75000
5362.25000
5375.97500
5389.90000
5404.07500
5418.50000
5433.20000
5448.27500
5463.82500
5479.77500
5496.47500
5622.22500
5635.40000
5648.80000
5662.32500
5676.07500
5690.02500
5704.22500
5718.70000
5733.47500
5748.60000
5764.25000
5780.25000
5797.27500
5922.22500
5935.42500
5948.85000
5962.40000
5976.17500
5990.17500
6004.40000
6018.90000
6033.72500
6048.92500
6064.60000
6080.82500
6098.02500
6222.25000
6235.45000
6248.90000
6262.47500
6276.27500
6290.30000
6304.55000
6319.10000
6333.97500
6349.25000
6364.92500
6381.05000
6522.25000
6535.47500
6548.95000
6562.55000
6576.37500
6590.42500
6604.70000
6619.30000
6634.20000
6649.55000
6665.27500
6681.40000
6822.27500
6835.50000
6849.00000
6862.62500
6876.45000
6890.52500
6904.85000
6919.47500
6934.42500
6949.85000
6965.65000
6981.92500
7122.27500
7135.55000
7149.05000
7162.67500
7176.55000
7190.65000
7205.00000
7219.65000
7234.67500
7250.15000
7265.97500
7282.30000
7422.30000
7435.57500
7449.10000
7462.75000
7476.62500
7490.77500
7505.15000
7519.85000
7534.90000
7550.45000
7566.35000
7582.80000
7722.30000
7735.60000
7749.15000
7762.80000
7776.72500
7790.87500
7805.30000
7820.02500
7835.15000
7850.77500
7866.75000
7883.55000
8022.32500
8035.62500
8049.20000
8062.87500
8076.82500
8091.00000
8105.45000
8120.22500
8135.37500
8151.05000
8167.15000
8322.32500
8335.65000
8349.22500
8362.92500
8376.90000
8391.10000
8405.57500
8420.37500
8435.60000
8451.25000
8467.37500
8622.35000
8635.67500
8649.27500
8663.00000
8676.97500
8691.20000
8705.72500
8720.55000
8735.82500
8751.52500
8767.72500
8922.35000
8935.70000
8949.32500
8963.05000
8977.05000
8991.30000
9005.85000
9020.72500
9036.05000
9051.77500
9068.02500
9222.35000
9235.72500
9249.35000
9263.10000
9277.12500
9291.40000
9305.97500
9320.90000
9336.27500
9352.10000
9368.47500
9522.37500
9535.75000
9549.40000
9563.15000
9577.20000
9591.50000
9606.10000
9621.07500
9636.50000
9652.50000
9668.77500
9822.37500
9835.77500
9849.42500
9863.22500
9877.27500
9891.62500
9906.25000
9921.25000
9936.72500
9952.60000
9969.02500
10122.37500
10135.80000
10149.47500
10163.27500
10177.35000
10191.72500
10206.37500
10221.42500
10236.97500
10253.02500
10269.85000
10422.40000
10435.82500
10449.50000
10463.32500
10477.45000
10491.82500
10506.52500
10521.60000
10537.22500
10553.35000
10722.40000
10735.82500
10749.55000
10763.37500
10777.50000
10791.90000
10806.62500
10821.75000
10837.40000
10853.40000
11022.40000
11035.85000
11049.57500
11063.42500
11077.57500
11092.00000
11106.75000
11121.90000
11137.50000
11153.50000
11322.42500
11335.87500
11349.62500
11363.47500
11377.65000
11392.10000
11406.87500
11422.07500
11437.75000
11453.90000
11622.42500
11635.90000
11649.65000
11663.52500
11677.70000
11692.17500
11707.00000
11722.22500
11737.97500
11754.10000
11922.42500
11935.92500
11949.67500
11963.57500
11977.77500
11992.27500
12007.10000
12022.40000
12038.20000
12054.47500
12222.45000
12235.92500
12249.72500
12263.62500
12277.85000
12292.37500
12307.22500
12322.57500
12338.47500
12354.95000
12522.45000
12535.95000
12549.75000
12563.67500
12577.92500
12592.45000
12607.35000
12622.72500
12638.70000
12655.47500
12822.45000
12835.97500
12849.77500
12863.72500
12877.97500
12892.55000
12907.47500
12922.90000
12938.97500
13122.47500
13136.00000
13149.82500
13163.75000
13178.05000
13192.62500
13207.57500
13223.05000
13238.97500
13255.55000
13422.47500
13436.00000
13449.85000
13463.80000
13478.10000
13492.72500
13507.70000
13523.20000
13539.02500
13555.70000
13722.47500
13736.02500
13749.87500
13763.85000
13778.17500
13792.80000
13807.82500
13823.37500
13839.30000
14022.50000
14036.05000
14049.90000
14063.90000
14078.22500
14092.87500
14107.95000
14123.50000
14139.40000
14322.50000
14336.05000
14349.92500
14363.92500
14378.30000
14392.97500
14408.05000
14423.62500
14439.55000
14622.50000
14636.07500
14649.97500
14663.97500
14678.35000
14693.05000
14708.15000
14723.72500
14739.65000
14922.50000
14936.10000
14950.00000
14964.02500
14978.40000
14993.12500

