$ Stimulation Interval(ms): 300
$ Delay(ms): 213.332257
$ Number of data : 608
$ TSTOP : 15000
$ PN stimulation current max : 0
$ LN stimulation current max : 15000
218.07500
230.92500
243.80000
256.80000
269.87500
283.10000
296.50000
310.05000
323.77500
337.70000
351.82500
366.15000
380.72500
395.57500
410.72500
426.27500
442.42500
459.27500
476.55000
493.95000
520.50000
533.37500
546.32500
559.37500
572.57500
585.92500
599.45000
613.12500
627.02500
641.10000
655.37500
669.90000
684.70000
699.82500
715.35000
731.47500
748.40000
765.55000
783.07500
820.75000
833.60000
846.60000
859.70000
872.95000
886.37500
899.95000
913.72500
927.67500
941.85000
956.22500
970.87500
985.82500
1001.15000
1017.00000
1033.62500
1120.80000
1133.67500
1146.72500
1159.87500
1173.17500
1186.62500
1200.27500
1214.10000
1228.12500
1242.37500
1256.85000
1271.60000
1286.67500
1302.17500
1318.35000
1420.82500
1433.72500
1446.80000
1460.00000
1473.32500
1486.85000
1500.52500
1514.42500
1528.50000
1542.82500
1557.40000
1572.25000
1587.47500
1603.17500
1619.62500
1720.85000
1733.80000
1746.90000
1760.12500
1773.50000
1787.05000
1800.77500
1814.72500
1828.87500
1843.25000
1857.87500
1872.82500
1888.17500
1904.10000
1921.00000
2020.90000
2033.85000
2046.97500
2060.22500
2073.65000
2087.25000
2101.02500
2115.00000
2129.20000
2143.65000
2158.37500
2173.40000
2188.87500
2205.00000
2221.92500
2320.90000
2333.87500
2347.05000
2360.32500
2373.77500
2387.42500
2401.25000
2415.27500
2429.52500
2444.05000
2458.82500
2473.97500
2489.60000
2505.67500
2522.55000
2620.92500
2633.92500
2647.12500
2660.42500
2673.92500
2687.60000
2701.45000
2715.55000
2729.85000
2744.42500
2759.30000
2774.55000
2790.32500
2806.45000
2823.30000
2920.92500
2933.97500
2947.20000
2960.52500
2974.05000
2987.77500
3001.67500
3015.80000
3030.17500
3044.80000
3059.75000
3075.10000
3091.02500
3107.50000
3220.95000
3234.02500
3247.27500
3260.62500
3274.17500
3287.92500
3301.87500
3316.05000
3330.47500
3345.15000
3360.17500
3375.65000
3391.45000
3407.87500
3520.97500
3534.05000
3547.32500
3560.72500
3574.30000
3588.07500
3602.07500
3616.27500
3630.75000
3645.50000
3660.60000
3676.17500
3692.07500
3708.62500
3820.97500
3834.10000
3847.40000
3860.80000
3874.42500
3888.22500
3902.25000
3916.52500
3931.02500
3945.85000
3961.02500
3976.70000
3992.67500
4009.47500
4121.00000
4134.12500
4147.45000
4160.90000
4174.55000
4188.37500
4202.45000
4216.75000
4231.30000
4246.17500
4261.45000
4277.20000
4293.30000
4421.02500
4434.17500
4447.52500
4460.97500
4474.65000
4488.52500
4502.62500
4516.95000
4531.57500
4546.50000
4561.85000
4577.65000
4593.77500
4721.02500
4734.20000
4747.57500
4761.05000
4774.75000
4788.67500
4802.80000
4817.17500
4831.82500
4846.82500
4862.25000
4878.00000
4894.22500
5021.05000
5034.22500
5047.62500
5061.12500
5074.87500
5088.80000
5102.95000
5117.37500
5132.07500
5147.15000
5162.65000
5178.45000
5194.67500
5321.05000
5334.27500
5347.67500
5361.22500
5374.97500
5388.92500
5403.12500
5417.57500
5432.35000
5447.45000
5463.07500
5479.00000
5495.40000
5621.07500
5634.30000
5647.72500
5661.30000
5675.07500
5689.07500
5703.30000
5717.80000
5732.60000
5747.77500
5763.50000
5779.42500
5796.05000
5921.10000
5934.32500
5947.80000
5961.37500
5975.17500
5989.20000
6003.45000
6018.00000
6032.85000
6048.10000
6063.87500
6079.90000
6096.70000
6221.10000
6234.37500
6247.85000
6261.45000
6275.27500
6289.32500
6303.62500
6318.20000
6333.12500
6348.45000
6364.22500
6380.45000
6521.12500
6534.40000
6547.90000
6561.50000
6575.37500
6589.45000
6603.77500
6618.40000
6633.35000
6648.75000
6664.57500
6680.67500
6821.12500
6834.42500
6847.95000
6861.57500
6875.45000
6889.57500
6903.92500
6918.57500
6933.60000
6949.07500
6964.90000
6981.07500
7121.15000
7134.45000
7148.00000
7161.65000
7175.55000
7189.67500
7204.07500
7218.77500
7233.82500
7249.37500
7265.30000
7281.57500
7421.15000
7434.47500
7448.02500
7461.70000
7475.65000
7489.80000
7504.22500
7518.97500
7534.07500
7549.72500
7565.70000
7582.27500
7721.17500
7734.50000
7748.07500
7761.77500
7775.72500
7789.92500
7804.37500
7819.15000
7834.32500
7850.05000
7866.05000
7883.02500
8021.17500
8034.55000
8048.12500
8061.85000
8075.82500
8090.02500
8104.52500
8119.35000
8134.57500
8150.40000
8166.47500
8183.55000
8321.17500
8334.57500
8348.17500
8361.90000
8375.90000
8390.15000
8404.67500
8419.52500
8434.82500
8450.67500
8466.72500
8621.20000
8634.60000
8648.22500
8661.97500
8675.97500
8690.25000
8704.82500
8719.70000
8735.05000
8750.87500
8766.97500
8921.20000
8934.62500
8948.25000
8962.02500
8976.07500
8990.37500
9004.95000
9019.87500
9035.27500
9051.10000
9067.25000
9221.22500
9234.65000
9248.30000
9262.07500
9276.15000
9290.47500
9305.07500
9320.07500
9335.52500
9351.45000
9367.80000
9521.22500
9534.67500
9548.35000
9562.12500
9576.22500
9590.57500
9605.22500
9620.25000
9635.77500
9651.70000
9667.87500
9821.22500
9834.70000
9848.37500
9862.20000
9876.30000
9890.67500
9905.35000
9920.42500
9936.02500
9952.00000
9968.35000
10121.25000
10134.72500
10148.42500
10162.25000
10176.37500
10190.77500
10205.50000
10220.60000
10236.27500
10252.37500
10268.85000
10421.25000
10434.75000
10448.45000
10462.30000
10476.45000
10490.87500
10505.62500
10520.77500
10536.55000
10552.57500
10569.77500
10721.27500
10734.75000
10748.50000
10762.37500
10776.55000
10791.00000
10805.77500
10820.97500
10836.80000
10852.87500
11021.27500
11034.77500
11048.52500
11062.42500
11076.60000
11091.07500
11105.90000
11121.12500
11136.95000
11153.10000
11321.27500
11334.80000
11348.57500
11362.47500
11376.67500
11391.17500
11406.02500
11421.30000
11437.25000
11453.40000
11621.30000
11634.82500
11648.60000
11662.50000
11676.75000
11691.27500
11706.15000
11721.47500
11737.42500
11753.60000
11921.30000
11934.85000
11948.65000
11962.55000
11976.82500
11991.37500
12006.27500
12021.65000
12037.60000
12053.90000
12221.30000
12234.87500
12248.67500
12262.60000
12276.87500
12291.45000
12306.40000
12321.82500
12337.80000
12354.02500
12521.30000
12534.87500
12548.70000
12562.65000
12576.95000
12591.55000
12606.52500
12622.00000
12637.97500
12654.42500
12821.32500
12834.90000
12848.75000
12862.70000
12877.02500
12891.65000
12906.65000
12922.17500
12938.12500
12954.52500
13121.32500
13134.92500
13148.77500
13162.75000
13177.10000
13191.72500
13206.77500
13222.37500
13238.27500
13254.82500
13421.32500
13434.95000
13448.80000
13462.80000
13477.15000
13491.82500
13506.90000
13522.55000
13538.52500
13555.15000
13721.35000
13734.97500
13748.85000
13762.85000
13777.22500
13791.92500
13807.02500
13822.75000
13838.90000
13855.97500
14021.35000
14034.97500
14048.87500
14062.90000
14077.30000
14092.02500
14107.15000
14122.92500
14138.95000
14156.02500
14321.35000
14335.00000
14348.90000
14362.95000
14377.35000
14392.10000
14407.30000
14423.12500
14439.22500
14621.37500
14635.02500
14648.92500
14662.97500
14677.42500
14692.20000
14707.40000
14723.30000
14739.45000
14921.37500
14935.02500
14948.97500
14963.02500
14977.47500
14992.27500

