$ Stimulation Interval(ms): 300
$ Delay(ms): 236.703375
$ Number of data : 662
$ TSTOP : 15000
$ PN stimulation current max : 0
$ LN stimulation current max : 15000
241.55000
254.60000
267.60000
280.60000
293.70000
306.97500
320.42500
334.02500
347.82500
361.82500
376.02500
390.47500
405.15000
420.10000
435.42500
451.05000
466.97500
483.05000
499.42500
544.27500
557.25000
570.35000
583.40000
596.62500
610.02500
623.57500
637.32500
651.27500
665.42500
679.80000
694.42500
709.32500
724.57500
740.17500
756.00000
772.05000
788.37500
804.87500
844.17500
857.25000
870.37500
883.50000
896.80000
910.27500
923.90000
937.75000
951.80000
966.05000
980.57500
995.35000
1010.47500
1025.97500
1041.70000
1057.62500
1073.80000
1090.27500
1107.22500
1144.32500
1157.42500
1170.62500
1183.80000
1197.15000
1210.67500
1224.37500
1238.30000
1252.42500
1266.77500
1281.40000
1296.30000
1311.57500
1327.22500
1343.07500
1359.17500
1375.52500
1392.12500
1409.07500
1444.47500
1457.62500
1470.85000
1484.07500
1497.47500
1511.05000
1524.82500
1538.82500
1553.02500
1567.47500
1582.20000
1597.25000
1612.67500
1628.40000
1644.32500
1660.50000
1676.97500
1693.92500
1711.62500
1744.50000
1757.67500
1770.95000
1784.22500
1797.67500
1811.32500
1825.15000
1839.20000
1853.50000
1868.05000
1882.87500
1898.07500
1913.60000
1929.40000
1945.52500
1961.72500
1978.35000
1995.25000
2044.42500
2057.65000
2070.95000
2084.27500
2097.77500
2111.45000
2125.35000
2139.47500
2153.82500
2168.47500
2183.42500
2198.75000
2214.37500
2230.27500
2246.37500
2262.72500
2279.72500
2296.90000
2344.45000
2357.72500
2371.07500
2384.42500
2397.97500
2411.70000
2425.65000
2439.82500
2454.27500
2469.00000
2484.07500
2499.52500
2515.25000
2531.25000
2547.45000
2563.90000
2580.97500
2598.10000
2644.50000
2657.80000
2671.17500
2684.55000
2698.15000
2711.92500
2725.95000
2740.20000
2754.70000
2769.52500
2784.70000
2800.27500
2816.12500
2832.20000
2848.45000
2865.15000
2882.52500
2944.50000
2957.82500
2971.25000
2984.67500
2998.30000
3012.12500
3026.17500
3040.50000
3055.07500
3070.00000
3085.30000
3100.90000
3116.87500
3133.07500
3149.40000
3166.40000
3183.52500
3244.52500
3257.87500
3271.32500
3284.80000
3298.45000
3312.35000
3326.45000
3340.82500
3355.47500
3370.50000
3385.92500
3401.62500
3417.60000
3433.85000
3450.35000
3467.30000
3484.45000
3544.55000
3557.92500
3571.42500
3584.90000
3598.62500
3612.55000
3626.70000
3641.15000
3655.87500
3670.97500
3686.47500
3702.25000
3718.12500
3734.37500
3751.20000
3768.45000
3787.95000
3844.57500
3857.97500
3871.50000
3885.02500
3898.77500
3912.75000
3926.97500
3941.47500
3956.27500
3971.47500
3987.05000
4002.92500
4018.90000
4035.12500
4052.37500
4069.42500
4144.57500
4158.02500
4171.60000
4185.12500
4198.92500
4212.95000
4227.20000
4241.77500
4256.65000
4271.95000
4287.55000
4303.45000
4319.75000
4336.17500
4353.30000
4370.37500
4444.60000
4458.07500
4471.67500
4485.25000
4499.07500
4513.12500
4527.45000
4542.07500
4557.02500
4572.42500
4588.12500
4603.92500
4620.15000
4636.85000
4653.67500
4671.50000
4744.62500
4758.12500
4771.75000
4785.35000
4799.22500
4813.32500
4827.67500
4842.35000
4857.40000
4872.85000
4888.62500
4904.50000
4920.85000
4938.17500
4955.10000
5044.62500
5058.17500
5071.82500
5085.45000
5099.35000
5113.50000
5127.90000
5142.65000
5157.77500
5173.32500
5189.17500
5205.10000
5221.40000
5238.30000
5255.62500
5344.65000
5358.22500
5371.87500
5385.55000
5399.47500
5413.67500
5428.12500
5442.92500
5458.12500
5473.67500
5489.52500
5505.52500
5521.95000
5644.67500
5658.25000
5671.95000
5685.62500
5699.60000
5713.82500
5728.32500
5743.17500
5758.45000
5774.05000
5789.87500
5805.92500
5822.55000
5839.30000
5944.67500
5958.30000
5972.00000
5985.72500
5999.72500
6013.97500
6028.52500
6043.42500
6058.77500
6074.47500
6090.22500
6106.45000
6123.40000
6140.85000
6244.70000
6258.32500
6272.07500
6285.80000
6299.85000
6314.12500
6328.72500
6343.70000
6359.10000
6374.90000
6390.72500
6407.10000
6544.70000
6558.35000
6572.12500
6585.87500
6599.95000
6614.27500
6628.90000
6643.92500
6659.42500
6675.22500
6691.10000
6707.50000
6724.45000
6741.70000
6844.72500
6858.40000
6872.20000
6885.97500
6900.07500
6914.42500
6929.12500
6944.20000
6959.75000
6975.67500
6991.55000
7007.82500
7024.82500
7042.10000
7144.72500
7158.42500
7172.25000
7186.07500
7200.20000
7214.60000
7229.32500
7244.47500
7260.00000
7275.70000
7291.62500
7308.10000
7325.00000
7444.75000
7458.47500
7472.30000
7486.15000
7500.30000
7514.75000
7529.52500
7544.75000
7560.32500
7576.07500
7592.12500
7609.27500
7626.70000
7744.75000
7758.50000
7772.37500
7786.22500
7800.40000
7814.87500
7829.72500
7845.00000
7860.62500
7876.40000
7892.65000
8044.77500
8058.52500
8072.42500
8086.27500
8100.50000
8115.00000
8129.87500
8145.22500
8160.92500
8176.77500
8193.12500
8344.77500
8358.55000
8372.45000
8386.35000
8400.60000
8415.12500
8430.05000
8445.40000
8461.20000
8477.00000
8493.32500
8510.40000
8527.80000
8644.80000
8658.60000
8672.52500
8686.42500
8700.70000
8715.27500
8730.25000
8745.67500
8761.52500
8777.40000
8793.77500
8810.80000
8827.92500
8944.80000
8958.62500
8972.57500
8986.50000
9000.80000
9015.42500
9030.45000
9045.95000
9061.80000
9077.67500
9094.00000
9110.77500
9128.25000
9244.82500
9258.65000
9272.62500
9286.60000
9300.92500
9315.57500
9330.65000
9346.15000
9362.10000
9378.07500
9394.62500
9411.20000
9544.82500
9558.70000
9572.67500
9586.65000
9601.02500
9615.72500
9630.82500
9646.35000
9662.02500
9677.85000
9694.15000
9711.37500
9844.85000
9858.72500
9872.72500
9886.72500
9901.12500
9915.85000
9931.02500
9946.57500
9962.27500
9978.25000
9995.22500
10144.85000
10158.75000
10172.77500
10186.80000
10201.22500
10215.97500
10231.20000
10246.75000
10262.52500
10278.85000
10444.85000
10458.77500
10472.82500
10486.85000
10501.30000
10516.10000
10531.35000
10547.00000
10562.82500
10579.17500
10744.87500
10758.80000
10772.85000
10786.90000
10801.37500
10816.20000
10831.50000
10847.25000
10863.15000
10879.55000
10896.70000
11044.87500
11058.82500
11072.90000
11086.97500
11101.47500
11116.32500
11131.70000
11147.47500
11163.30000
11179.70000
11196.92500
11214.65000
11344.87500
11358.85000
11372.95000
11387.05000
11401.57500
11416.47500
11431.85000
11447.72500
11463.57500
11480.02500
11644.90000
11658.87500
11673.00000
11687.10000
11701.65000
11716.60000
11732.00000
11747.97500
11763.85000
11780.20000
11796.77500
11944.90000
11958.90000
11973.05000
11987.17500
12001.75000
12016.72500
12032.12500
12048.20000
12064.07500
12080.52500
12244.90000
12258.92500
12273.07500
12287.22500
12301.82500
12316.82500
12332.25000
12348.02500
12363.92500
12380.57500
12544.92500
12558.95000
12573.12500
12587.27500
12601.90000
12616.95000
12632.37500
12648.22500
12664.25000
12682.27500
12844.92500
12858.97500
12873.15000
12887.32500
12901.97500
12917.07500
12932.60000
12948.40000
12964.42500
13144.92500
13158.97500
13173.20000
13187.37500
13202.05000
13217.17500
13232.70000
13248.52500
13264.75000
13444.95000
13459.00000
13473.22500
13487.42500
13502.12500
13517.27500
13532.85000
13548.62500
13565.00000
13744.95000
13759.02500
13773.25000
13787.47500
13802.20000
13817.37500
13832.97500
13848.87500
14044.95000
14059.05000
14073.27500
14087.52500
14102.25000
14117.47500
14133.15000
14149.07500
14166.27500
14182.92500
14199.67500
14344.95000
14359.07500
14373.32500
14387.57500
14402.35000
14417.62500
14433.37500
14449.42500
14466.10000
14482.95000
14499.62500
14644.97500
14659.10000
14673.37500
14687.65000
14702.45000
14717.77500
14733.55000
14749.35000
14765.77500
14944.97500
14959.10000
14973.40000
14987.70000

