$ Stimulation Interval(ms): 300
$ Delay(ms): 30.755971
$ Number of data : 641
$ TSTOP : 15000
$ PN stimulation current max : 0
$ LN stimulation current max : 15000
36.65000
46.47500
55.17500
63.30000
71.12500
78.75000
86.27500
93.72500
101.15000
108.60000
116.02500
123.47500
130.97500
138.47500
146.02500
153.62500
161.27500
168.95000
176.70000
184.47500
192.32500
200.20000
211.57500
802.20000
1087.92500
1104.42500
1375.02500
1390.05000
1405.80000
1669.05000
1688.52500
1701.47500
1959.65000
1975.90000
1991.67500
2003.45000
2248.07500
2262.55000
2276.62500
2291.40000
2303.52500
2320.07500
2547.27500
2561.97500
2577.02500
2588.65000
2598.10000
2608.40000
2840.95000
2856.82500
2871.92500
2881.85000
2893.72500
2905.40000
2921.30000
3134.50000
3148.52500
3162.90000
3175.07500
3189.10000
3198.25000
3207.77500
3431.95000
3447.82500
3461.47500
3473.87500
3482.77500
3492.45000
3501.12500
3517.32500
3731.67500
3746.42500
3759.70000
3773.92500
3783.10000
3793.00000
3801.60000
3816.42500
4019.07500
4034.42500
4048.42500
4060.57500
4074.60000
4083.77500
4093.20000
4101.77500
4113.77500
4319.10000
4334.10000
4347.80000
4359.70000
4368.62500
4378.17500
4386.75000
4395.35000
4403.75000
4416.55000
4618.02500
4633.62500
4646.87500
4659.37500
4668.42500
4677.95000
4686.52500
4694.77500
4703.30000
4716.12500
4906.15000
4920.57500
4934.92500
4948.12500
4960.47500
4969.50000
4979.02500
4987.45000
4995.65000
5003.80000
5016.37500
5205.52500
5220.30000
5233.90000
5246.07500
5255.32500
5264.47500
5272.92500
5281.72500
5290.02500
5298.17500
5306.32500
5319.50000
5505.12500
5519.95000
5533.12500
5545.10000
5554.00000
5563.47500
5571.92500
5580.37500
5588.70000
5596.85000
5604.97500
5617.15000
5804.40000
5819.10000
5832.07500
5845.05000
5854.10000
5863.70000
5872.25000
5880.37500
5888.60000
5896.70000
5904.77500
5916.95000
6103.57500
6117.45000
6131.07500
6140.65000
6151.17500
6160.70000
6169.50000
6177.65000
6185.95000
6194.02500
6202.10000
6213.50000
6400.75000
6416.30000
6430.72500
6440.45000
6450.75000
6459.05000
6468.92500
6477.10000
6485.15000
6493.15000
6501.20000
6509.95000
6691.75000
6707.05000
6719.55000
6731.52500
6740.35000
6749.60000
6757.95000
6766.40000
6774.65000
6782.70000
6790.70000
6798.72500
6806.77500
6820.10000
6990.87500
7005.85000
7018.57500
7030.67500
7039.55000
7049.05000
7057.47500
7065.57500
7073.95000
7082.00000
7089.97500
7098.00000
7106.02500
7118.07500
7290.62500
7305.67500
7318.57500
7330.72500
7339.72500
7349.45000
7357.80000
7365.80000
7373.75000
7381.67500
7389.62500
7397.60000
7405.62500
7417.52500
7590.35000
7604.70000
7618.27500
7631.12500
7640.17500
7650.07500
7658.20000
7666.32500
7674.30000
7682.25000
7690.20000
7698.17500
7706.20000
7718.27500
7890.35000
7904.22500
7917.47500
7926.67500
7936.77500
7945.00000
7954.72500
7962.80000
7970.75000
7978.65000
7986.57500
7994.52500
8002.52500
8013.80000
8188.15000
8202.90000
8216.67500
8225.87500
8235.40000
8243.65000
8252.47500
8260.55000
8268.47500
8276.37500
8284.30000
8292.22500
8300.20000
8308.22500
8321.75000
8488.00000
8502.92500
8515.72500
8524.85000
8534.40000
8542.65000
8550.70000
8558.82500
8566.72500
8574.60000
8582.47500
8590.40000
8598.35000
8606.35000
8618.45000
8786.05000
8802.35000
8812.72500
8822.87500
8833.32500
8841.82500
8849.75000
8858.20000
8866.10000
8873.95000
8881.82500
8889.72500
8897.67500
8905.67500
8917.52500
9078.00000
9092.15000
9104.80000
9116.45000
9125.37500
9134.67500
9143.10000
9151.02500
9158.87500
9166.70000
9174.52500
9182.40000
9190.30000
9198.25000
9206.22500
9218.17500
9377.65000
9392.35000
9404.92500
9416.72500
9425.70000
9435.12500
9443.42500
9451.32500
9459.15000
9466.97500
9474.82500
9482.67500
9490.57500
9498.52500
9506.52500
9518.67500
9677.45000
9692.02500
9704.27500
9714.12500
9724.02500
9732.77500
9741.20000
9749.12500
9757.02500
9764.82500
9772.65000
9780.50000
9788.40000
9796.32500
9804.30000
9816.42500
9977.27500
9991.72500
10003.92500
10012.65000
10022.95000
10031.05000
10040.02500
10047.95000
10055.90000
10063.72500
10071.52500
10079.37500
10087.25000
10095.17500
10103.15000
10114.60000
10277.32500
10291.17500
10303.97500
10312.62500
10322.17500
10330.32500
10339.37500
10347.32500
10355.15000
10362.95000
10370.75000
10378.57500
10386.45000
10394.35000
10402.32500
10413.50000
10577.45000
10590.90000
10603.12500
10611.85000
10621.10000
10629.30000
10637.52500
10645.52500
10653.35000
10661.15000
10668.95000
10676.77500
10684.62500
10692.52500
10700.47500
10708.47500
10721.87500
10876.25000
10889.90000
10901.67500
10910.85000
10920.47500
10928.72500
10936.65000
10944.52500
10952.30000
10960.07500
10967.85000
10975.65000
10983.50000
10991.40000
10999.32500
11007.30000
11020.60000
11173.50000
11188.22500
11197.92500
11208.02500
11218.50000
11226.97500
11234.77500
11242.52500
11250.25000
11257.97500
11265.72500
11273.50000
11281.32500
11289.20000
11297.10000
11305.07500
11316.97500
11474.77500
11489.52500
11501.92500
11510.87500
11520.37500
11528.65000
11536.45000
11544.17500
11551.90000
11559.62500
11567.37500
11575.17500
11583.00000
11590.87500
11598.80000
11606.77500
11619.20000
11772.82500
11788.27500
11797.72500
11807.20000
11815.57500
11823.70000
11831.57500
11839.32500
11847.05000
11854.75000
11862.50000
11870.27500
11878.07500
11885.92500
11893.80000
11901.75000
11911.35000
12065.30000
12079.02500
12091.65000
12103.00000
12111.90000
12121.10000
12129.15000
12136.95000
12144.72500
12152.45000
12160.20000
12167.95000
12175.75000
12183.57500
12191.45000
12199.37500
12207.35000
12220.62500
12372.90000
12386.97500
12396.62500
12407.00000
12415.10000
12424.25000
12432.10000
12439.85000
12447.57500
12455.30000
12463.02500
12470.80000
12478.60000
12486.45000
12494.35000
12502.30000
12513.42500
12664.80000
12679.15000
12691.55000
12700.00000
12710.27500
12718.27500
12726.87500
12734.70000
12742.42500
12750.15000
12757.87500
12765.60000
12773.37500
12781.20000
12789.05000
12796.97500
12804.92500
12816.87500
12964.65000
12979.27500
12992.22500
13003.22500
13012.15000
13019.97500
13028.42500
13036.17500
13043.87500
13051.57500
13059.30000
13067.05000
13074.82500
13082.65000
13090.50000
13098.42500
13106.37500
13118.22500
13266.12500
13279.45000
13291.92500
13300.62500
13309.35000
13317.27500
13325.37500
13333.10000
13340.77500
13348.45000
13356.12500
13363.85000
13371.60000
13379.40000
13387.25000
13395.12500
13403.07500
13414.30000
13565.37500
13579.15000
13590.77500
13599.25000
13608.57500
13616.57500
13625.22500
13632.97500
13640.67500
13648.35000
13656.05000
13663.77500
13671.52500
13679.32500
13687.15000
13695.05000
13703.00000
13714.17500
13865.02500
13879.20000
13889.97500
13898.42500
13907.37500
13915.32500
13923.15000
13930.85000
13938.50000
13946.15000
13953.85000
13961.55000
13969.27500
13977.05000
13984.87500
13992.75000
14000.67500
14008.70000
14021.97500
14164.95000
14178.80000
14189.52500
14198.10000
14207.10000
14215.05000
14222.75000
14230.40000
14238.05000
14245.70000
14253.37500
14261.07500
14268.80000
14276.57500
14284.40000
14292.25000
14300.17500
14308.15000
14321.40000
14464.47500
14478.40000
14489.30000
14497.82500
14506.90000
14514.80000
14522.50000
14530.15000
14537.80000
14545.42500
14553.10000
14560.80000
14568.52500
14576.30000
14584.12500
14591.97500
14599.90000
14607.87500
14621.12500
14764.37500
14778.47500
14789.22500
14797.85000
14807.42500
14815.37500
14823.10000
14830.75000
14838.40000
14846.05000
14853.70000
14861.40000
14869.15000
14876.92500
14884.72500
14892.60000
14900.52500
14908.50000
14921.72500

