$ Stimulation Interval(ms): 300
$ Delay(ms): 47.743593
$ Number of data : 631
$ TSTOP : 15000
$ PN stimulation current max : 0
$ LN stimulation current max : 15000
53.57500
63.35000
72.05000
80.17500
88.00000
95.60000
103.12500
110.57500
118.00000
125.42500
132.87500
140.32500
147.80000
155.32500
162.87500
170.47500
178.10000
185.80000
193.52500
201.30000
212.37500
804.00000
1090.30000
1107.15000
1375.82500
1392.15000
1406.87500
1662.02500
1677.82500
1693.07500
1707.22500
1955.27500
1977.15000
1992.07500
2002.60000
2247.87500
2263.45000
2278.85000
2292.40000
2302.85000
2316.20000
2547.92500
2563.52500
2579.00000
2589.87500
2602.50000
2615.90000
2843.72500
2858.27500
2871.77500
2882.40000
2893.52500
2904.37500
2917.90000
3134.27500
3149.45000
3165.00000
3176.97500
3188.45000
3197.70000
3206.87500
3433.30000
3449.50000
3462.42500
3473.52500
3482.40000
3491.65000
3500.22500
3508.92500
3720.42500
3735.25000
3750.47500
3764.12500
3774.47500
3783.37500
3792.57500
3801.12500
3815.00000
4019.95000
4035.57500
4050.52500
4061.67500
4073.37500
4082.80000
4092.00000
4100.72500
4109.15000
4320.35000
4335.55000
4349.67500
4360.07500
4369.02500
4377.92500
4386.35000
4394.85000
4403.22500
4415.12500
4619.55000
4635.72500
4647.95000
4658.95000
4668.10000
4677.42500
4685.97500
4694.05000
4702.65000
4714.50000
4919.90000
4936.37500
4947.05000
4958.70000
4968.15000
4977.77500
4986.07500
4994.10000
5002.10000
5013.92500
5206.45000
5221.52500
5236.17500
5246.57500
5255.77500
5264.90000
5273.15000
5282.17500
5290.35000
5298.37500
5306.37500
5319.22500
5506.55000
5521.57500
5534.70000
5545.47500
5554.22500
5563.20000
5571.55000
5579.90000
5588.25000
5596.27500
5604.25000
5615.70000
5806.65000
5821.85000
5833.77500
5844.62500
5853.77500
5863.35000
5871.85000
5879.82500
5887.85000
5895.77500
5903.70000
5915.17500
6106.22500
6122.12500
6133.15000
6143.52500
6153.20000
6162.77500
6171.02500
6178.97500
6186.95000
6194.87500
6202.80000
6214.30000
6406.47500
6422.45000
6432.87500
6442.37500
6452.45000
6460.75000
6469.75000
6477.72500
6485.62500
6493.50000
6501.40000
6510.05000
6706.32500
6719.32500
6730.82500
6740.00000
6749.15000
6757.37500
6765.82500
6774.00000
6781.92500
6789.80000
6797.70000
6805.60000
6816.85000
6994.80000
7008.75000
7021.40000
7031.65000
7040.25000
7049.12500
7057.40000
7065.42500
7073.80000
7081.70000
7089.57500
7097.45000
7105.35000
7116.55000
7293.45000
7308.10000
7319.65000
7330.42500
7339.52500
7348.85000
7357.22500
7365.10000
7372.92500
7380.72500
7388.55000
7396.37500
7404.25000
7415.55000
7594.00000
7608.47500
7620.35000
7630.95000
7640.02500
7649.37500
7657.37500
7665.20000
7673.10000
7680.90000
7688.72500
7696.57500
7704.45000
7715.70000
7893.15000
7908.65000
7920.05000
7930.80000
7940.02500
7948.70000
7957.12500
7965.00000
7972.77500
7980.57500
7988.37500
7996.22500
8004.07500
8015.37500
8193.57500
8208.80000
8219.70000
8229.02500
8238.30000
8246.27500
8254.95000
8262.80000
8270.57500
8278.35000
8286.12500
8293.95000
8301.80000
8311.82500
8492.97500
8506.82500
8517.25000
8526.35000
8535.27500
8543.37500
8551.52500
8559.52500
8567.32500
8575.10000
8582.85000
8590.65000
8598.50000
8606.37500
8617.95000
8792.82500
8805.62500
8816.27500
8825.20000
8834.12500
8842.52500
8850.35000
8858.72500
8866.55000
8874.30000
8882.07500
8889.87500
8897.70000
8905.55000
8916.67500
9088.32500
9103.40000
9114.75000
9124.15000
9133.50000
9142.07500
9149.87500
9157.60000
9165.30000
9173.02500
9180.75000
9188.52500
9196.32500
9204.17500
9215.42500
9392.60000
9404.67500
9415.75000
9424.92500
9434.02500
9442.20000
9449.95000
9457.65000
9465.35000
9473.05000
9480.77500
9488.55000
9496.35000
9504.20000
9515.45000
9687.20000
9702.12500
9712.37500
9721.75000
9729.77500
9738.45000
9746.30000
9754.07500
9761.77500
9769.47500
9777.20000
9784.95000
9792.72500
9800.55000
9808.45000
9821.27500
9981.32500
9995.32500
10009.20000
10019.07500
10027.60000
10036.82500
10044.75000
10052.50000
10060.20000
10067.90000
10075.62500
10083.35000
10091.12500
10098.95000
10106.82500
10119.27500
10280.60000
10295.17500
10307.17500
10317.47500
10326.37500
10334.25000
10342.60000
10350.35000
10358.05000
10365.75000
10373.45000
10381.17500
10388.92500
10396.72500
10404.57500
10415.77500
10580.50000
10595.17500
10606.30000
10614.90000
10623.92500
10631.82500
10640.00000
10647.77500
10655.45000
10663.12500
10670.80000
10678.52500
10686.27500
10694.05000
10701.87500
10711.62500
10880.20000
10894.57500
10904.80000
10913.45000
10922.35000
10930.32500
10938.45000
10946.25000
10953.92500
10961.57500
10969.25000
10976.95000
10984.67500
10992.45000
11000.27500
11008.12500
11020.95000
11180.37500
11193.35000
11203.60000
11212.20000
11221.22500
11229.32500
11237.10000
11244.85000
11252.50000
11260.15000
11267.80000
11275.47500
11283.20000
11290.95000
11298.77500
11306.62500
11318.32500
11480.20000
11493.27500
11503.50000
11512.12500
11521.02500
11529.15000
11536.87500
11544.52500
11552.15000
11559.77500
11567.42500
11575.10000
11582.82500
11590.57500
11598.37500
11606.22500
11617.42500
11779.95000
11792.15000
11802.50000
11811.42500
11820.27500
11828.40000
11836.07500
11843.70000
11851.32500
11858.92500
11866.57500
11874.25000
11881.95000
11889.70000
11897.47500
11905.32500
11916.40000
12079.90000
12093.80000
12103.77500
12112.45000
12121.37500
12129.35000
12137.05000
12144.72500
12152.35000
12159.97500
12167.62500
12175.30000
12183.02500
12190.77500
12198.57500
12206.42500
12217.77500
12380.22500
12393.82500
12403.52500
12412.35000
12421.00000
12428.97500
12436.67500
12444.35000
12451.95000
12459.57500
12467.22500
12474.90000
12482.60000
12490.35000
12498.15000
12506.00000
12517.10000
12680.20000
12695.27500
12704.65000
12713.27500
12721.50000
12729.40000
12737.07500
12744.67500
12752.27500
12759.90000
12767.55000
12775.20000
12782.92500
12790.67500
12798.47500
12806.30000
12817.55000
12980.35000
12993.70000
13004.22500
13012.80000
13020.57500
13028.70000
13036.37500
13043.97500
13051.57500
13059.17500
13066.80000
13074.47500
13082.17500
13089.92500
13097.70000
13105.55000
13116.60000
13279.52500
13291.80000
13300.30000
13308.60000
13316.52500
13324.42500
13332.10000
13339.67500
13347.25000
13354.85000
13362.45000
13370.10000
13377.77500
13385.47500
13393.22500
13401.05000
13409.00000
13421.90000
13576.55000
13588.10000
13597.45000
13606.92500
13614.95000
13622.97500
13630.65000
13638.25000
13645.82500
13653.40000
13661.00000
13668.62500
13676.30000
13684.00000
13691.75000
13699.55000
13707.40000
13720.37500
13869.77500
13882.67500
13893.87500
13903.85000
13912.10000
13919.80000
13927.47500
13935.02500
13942.60000
13950.15000
13957.72500
13965.35000
13972.97500
13980.67500
13988.40000
13996.17500
14003.97500
14015.17500
14169.47500
14182.17500
14192.47500
14200.75000
14208.90000
14216.72500
14224.35000
14231.92500
14239.50000
14247.05000
14254.62500
14262.20000
14269.82500
14277.50000
14285.20000
14292.95000
14300.75000
14308.62500
14321.32500
14468.37500
14482.17500
14492.52500
14500.85000
14508.90000
14516.70000
14524.32500
14531.87500
14539.42500
14546.97500
14554.55000
14562.12500
14569.75000
14577.42500
14585.12500
14592.87500
14600.67500
14608.52500
14621.22500
14767.95000
14781.80000
14792.02500
14800.25000
14809.12500
14816.90000
14824.55000
14832.10000
14839.65000
14847.20000
14854.77500
14862.37500
14870.00000
14877.65000
14885.35000
14893.10000
14900.90000
14908.80000
14921.52500

