$ Stimulation Interval(ms): 300
$ Delay(ms): 15.330667
$ Number of data : 601
$ TSTOP : 15000
$ PN stimulation current max : 0
$ LN stimulation current max : 15000
21.32500
31.17500
39.90000
48.05000
55.87500
63.50000
71.02500
78.47500
85.92500
93.35000
100.80000
108.25000
115.72500
123.25000
130.80000
138.40000
146.05000
153.72500
161.47500
169.25000
177.10000
185.00000
192.95000
200.95000
212.07500
1105.65000
1391.40000
1406.57500
1677.42500
1693.27500
1707.80000
1977.40000
1991.95000
2007.05000
2263.00000
2279.07500
2293.22500
2304.97500
2562.47500
2577.40000
2592.35000
2604.75000
2620.87500
2849.30000
2864.75000
2878.62500
2891.65000
2905.20000
2921.02500
3148.22500
3164.57500
3178.52500
3190.67500
3199.82500
3214.97500
3448.40000
3463.32500
3478.42500
3490.75000
3499.77500
3508.87500
3734.52500
3750.60000
3764.42500
3776.50000
3785.75000
3795.35000
3804.05000
3820.07500
4033.92500
4050.27500
4064.10000
4076.25000
4085.30000
4095.92500
4104.65000
4120.05000
4333.67500
4349.27500
4363.90000
4376.30000
4385.25000
4394.30000
4402.92500
4414.42500
4621.47500
4636.45000
4649.87500
4664.27500
4676.85000
4685.92500
4694.35000
4703.20000
4715.00000
4920.15000
4936.57500
4950.05000
4962.32500
4971.25000
4980.95000
4989.52500
4998.20000
5006.52500
5020.32500
5220.37500
5235.32500
5249.50000
5261.97500
5270.92500
5280.40000
5289.00000
5297.35000
5305.62500
5320.07500
5507.20000
5522.02500
5536.65000
5550.20000
5562.35000
5571.22500
5580.07500
5588.65000
5596.95000
5605.20000
5619.95000
5807.12500
5822.15000
5835.77500
5849.87500
5862.60000
5871.50000
5879.77500
5888.15000
5896.37500
5904.57500
5919.87500
6107.35000
6122.55000
6135.77500
6148.85000
6157.62500
6167.80000
6176.27500
6184.97500
6193.22500
6201.45000
6211.37500
6407.10000
6422.65000
6435.87500
6448.47500
6457.30000
6468.42500
6476.80000
6485.00000
6493.17500
6501.35000
6510.80000
6693.12500
6708.35000
6722.95000
6736.07500
6748.32500
6757.05000
6766.00000
6774.40000
6782.60000
6790.75000
6798.90000
6807.07500
6820.37500
6993.35000
7008.12500
7022.35000
7035.80000
7047.92500
7056.80000
7065.15000
7073.85000
7082.00000
7090.12500
7098.27500
7106.45000
7120.17500
7292.90000
7307.80000
7321.37500
7334.30000
7343.12500
7352.40000
7360.77500
7369.22500
7377.35000
7385.45000
7393.57500
7401.70000
7411.87500
7593.27500
7608.35000
7621.50000
7634.80000
7643.45000
7653.30000
7661.62500
7670.20000
7678.32500
7686.42500
7694.55000
7702.67500
7713.35000
7892.50000
7908.45000
7921.75000
7933.75000
7942.45000
7952.25000
7960.60000
7968.72500
7976.80000
7984.85000
7992.95000
8001.07500
8009.65000
8192.67500
8208.30000
8221.55000
8234.35000
8243.00000
8252.87500
8261.15000
8269.22500
8277.27500
8285.32500
8293.40000
8301.52500
8311.05000
8479.55000
8494.47500
8508.92500
8521.62500
8534.05000
8542.65000
8551.62500
8559.90000
8567.97500
8576.00000
8584.02500
8592.07500
8600.17500
8608.32500
8621.02500
8779.57500
8794.25000
8808.22500
8821.52500
8833.25000
8841.95000
8850.00000
8858.35000
8866.37500
8874.35000
8882.35000
8890.40000
8898.47500
8906.57500
8920.20000
9079.45000
9093.90000
9107.05000
9118.92500
9127.67500
9136.62500
9144.97500
9153.05000
9161.07500
9169.07500
9177.05000
9185.05000
9193.10000
9201.20000
9209.85000
9378.75000
9393.97500
9407.20000
9418.62500
9427.40000
9436.92500
9445.17500
9453.20000
9461.20000
9469.15000
9477.12500
9485.15000
9493.17500
9501.27500
9510.00000
9679.25000
9694.25000
9707.12500
9719.07500
9727.77500
9738.17500
9746.37500
9754.45000
9762.42500
9770.37500
9778.35000
9786.37500
9794.40000
9802.50000
9813.07500
9978.65000
9994.27500
10007.40000
10019.62500
10028.25000
10038.50000
10046.67500
10054.65000
10062.57500
10070.52500
10078.50000
10086.50000
10094.55000
10102.62500
10113.20000
10278.50000
10294.35000
10307.47500
10319.55000
10328.32500
10337.15000
10345.32500
10353.30000
10361.25000
10369.17500
10377.15000
10385.12500
10393.17500
10401.25000
10409.90000
10578.70000
10594.57500
10607.82500
10619.72500
10628.32500
10636.80000
10644.97500
10652.92500
10660.82500
10668.75000
10676.70000
10684.67500
10692.70000
10700.77500
10709.02500
10722.15000
10866.07500
10880.60000
10894.87500
10907.30000
10919.97500
10928.47500
10936.52500
10944.65000
10952.57500
10960.47500
10968.37500
10976.30000
10984.27500
10992.30000
11000.35000
11008.47500
11021.07500
11165.85000
11179.90000
11193.70000
11206.22500
11214.90000
11224.15000
11232.30000
11240.42500
11248.32500
11256.20000
11264.07500
11271.97500
11279.92500
11287.90000
11295.92500
11304.02500
11315.42500
11465.77500
11480.10000
11493.22500
11504.57500
11513.25000
11522.40000
11530.60000
11538.55000
11546.42500
11554.27500
11562.15000
11570.05000
11577.97500
11585.92500
11593.95000
11602.02500
11612.30000
11765.57500
11780.02500
11793.15000
11804.12500
11812.82500
11822.05000
11830.17500
11838.10000
11845.95000
11853.80000
11861.65000
11869.55000
11877.47500
11885.42500
11893.42500
11901.50000
11910.50000
12065.27500
12080.07500
12093.30000
12105.55000
12114.05000
12124.30000
12132.40000
12140.30000
12148.15000
12156.00000
12163.87500
12171.77500
12179.70000
12187.67500
12195.70000
12203.77500
12214.67500
12365.60000
12380.27500
12393.67500
12405.75000
12414.20000
12424.30000
12432.40000
12440.27500
12448.12500
12455.95000
12463.82500
12471.72500
12479.65000
12487.62500
12495.65000
12503.72500
12514.52500
12665.42500
12680.37500
12693.40000
12703.30000
12712.27500
12720.65000
12728.97500
12736.90000
12744.75000
12752.60000
12760.45000
12768.32500
12776.22500
12784.17500
12792.17500
12800.22500
12808.32500
12820.87500
12965.57500
12980.72500
12993.92500
13005.95000
13014.42500
13022.97500
13031.10000
13039.00000
13046.82500
13054.65000
13062.50000
13070.40000
13078.32500
13086.27500
13094.27500
13102.35000
13112.82500
13265.35000
13280.65000
13293.82500
13305.72500
13314.17500
13322.72500
13330.77500
13338.60000
13346.40000
13354.20000
13362.05000
13369.90000
13377.82500
13385.77500
13393.77500
13401.82500
13411.65000
13565.47500
13580.37500
13592.92500
13601.95000
13611.05000
13619.07500
13627.40000
13635.27500
13643.07500
13650.90000
13658.72500
13666.57500
13674.47500
13682.40000
13690.37500
13698.40000
13706.50000
13720.20000
13865.62500
13880.50000
13892.55000
13901.62500
13910.32500
13918.35000
13926.37500
13934.17500
13941.95000
13949.75000
13957.55000
13965.40000
13973.27500
13981.20000
13989.15000
13997.17500
14005.25000
14020.00000
14165.22500
14179.22500
14191.35000
14199.82500
14208.62500
14216.70000
14224.55000
14232.32500
14240.10000
14247.87500
14255.65000
14263.50000
14271.35000
14279.25000
14287.22500
14295.22500
14303.27500
14313.82500
14464.95000
14478.60000
14490.62500
14499.07500
14508.15000
14516.25000
14524.07500
14531.87500
14539.62500
14547.40000
14555.20000
14563.02500
14570.87500
14578.77500
14586.75000
14594.75000
14602.80000
14613.30000
14765.02500
14778.97500
14790.90000
14799.35000
14809.50000
14817.52500
14825.35000
14833.10000
14840.85000
14848.62500
14856.42500
14864.25000
14872.10000
14880.02500
14887.97500
14896.00000
14904.05000
14915.25000

