$ Stimulation Interval(ms): 300
$ Delay(ms): 41.229148
$ Number of data : 650
$ TSTOP : 15000
$ PN stimulation current max : 0
$ LN stimulation current max : 15000
47.07500
56.87500
65.57500
73.70000
81.52500
89.12500
96.65000
104.10000
111.55000
118.97500
126.40000
133.85000
141.35000
148.85000
156.40000
164.00000
171.65000
179.32500
187.07500
194.85000
202.70000
215.27500
797.82500
1083.20000
1099.72500
1378.37500
1393.35000
1406.27500
1668.62500
1684.77500
1699.72500
1720.37500
1954.35000
1971.10000
1985.42500
2000.75000
2019.90000
2254.02500
2270.72500
2285.32500
2295.22500
2305.82500
2319.95000
2540.50000
2556.32500
2570.80000
2586.05000
2595.50000
2605.37500
2619.62500
2839.85000
2856.55000
2870.80000
2881.67500
2892.27500
2904.25000
2919.17500
3128.75000
3144.15000
3158.10000
3171.97500
3181.47500
3191.25000
3199.85000
3209.25000
3221.42500
3426.82500
3442.15000
3457.80000
3472.32500
3481.60000
3491.22500
3499.95000
3508.50000
3520.75000
3726.50000
3742.52500
3757.25000
3767.80000
3778.42500
3790.32500
3799.25000
3807.50000
3819.95000
4026.02500
4042.72500
4056.92500
4066.32500
4076.12500
4084.75000
4093.92500
4102.45000
4113.92500
4315.12500
4329.32500
4343.97500
4357.80000
4367.10000
4376.77500
4385.37500
4393.80000
4402.30000
4413.77500
4614.42500
4628.97500
4643.35000
4653.95000
4664.37500
4675.72500
4684.67500
4692.80000
4701.57500
4713.57500
4913.37500
4928.72500
4942.90000
4952.92500
4962.45000
4970.90000
4979.77500
4988.00000
4996.10000
5004.15000
5014.87500
5212.37500
5228.87500
5239.75000
5250.20000
5261.02500
5269.82500
5278.60000
5287.10000
5295.17500
5303.20000
5314.12500
5506.42500
5521.52500
5532.67500
5544.32500
5553.37500
5562.87500
5571.40000
5579.85000
5588.27500
5596.37500
5604.40000
5615.07500
5806.82500
5822.00000
5833.15000
5844.77500
5853.82500
5863.32500
5871.85000
5879.90000
5888.07500
5896.07500
5904.05000
5914.72500
6101.52500
6115.45000
6129.42500
6140.40000
6149.87500
6158.10000
6166.92500
6175.00000
6183.35000
6191.32500
6199.27500
6207.25000
6219.62500
6400.02500
6415.17500
6426.17500
6436.70000
6446.97500
6455.65000
6464.45000
6472.70000
6480.67500
6488.60000
6496.55000
6504.50000
6515.07500
6699.52500
6715.35000
6726.02500
6736.52500
6747.25000
6755.87500
6764.35000
6772.82500
6780.77500
6788.70000
6796.60000
6804.55000
6815.12500
6993.47500
7007.70000
7018.85000
7030.25000
7039.27500
7048.67500
7057.15000
7065.12500
7073.60000
7081.55000
7089.45000
7097.37500
7105.32500
7116.70000
7294.07500
7308.02500
7318.97500
7330.42500
7339.45000
7348.92500
7357.45000
7365.40000
7373.25000
7381.10000
7388.95000
7396.85000
7404.77500
7415.27500
7593.90000
7608.47500
7619.45000
7631.02500
7640.02500
7649.15000
7657.12500
7664.97500
7672.85000
7680.70000
7688.55000
7696.42500
7704.35000
7714.87500
7891.82500
7904.05000
7916.70000
7926.22500
7935.35000
7943.50000
7952.22500
7960.22500
7968.10000
7975.92500
7983.75000
7991.62500
7999.52500
8007.45000
8019.67500
8187.87500
8202.40000
8214.65000
8224.60000
8234.10000
8242.45000
8250.82500
8258.95000
8266.80000
8274.62500
8282.45000
8290.30000
8298.17500
8306.10000
8319.12500
8487.07500
8501.95000
8513.95000
8523.80000
8533.62500
8542.05000
8550.20000
8558.55000
8566.40000
8574.22500
8582.02500
8589.87500
8597.75000
8605.67500
8618.67500
8786.25000
8801.57500
8812.05000
8822.10000
8832.55000
8841.27500
8849.12500
8857.57500
8865.40000
8873.20000
8881.00000
8888.82500
8896.67500
8904.57500
8915.05000
9086.17500
9101.55000
9112.15000
9121.65000
9132.32500
9141.10000
9148.95000
9156.70000
9164.42500
9172.17500
9179.95000
9187.75000
9195.60000
9203.50000
9214.17500
9380.10000
9394.12500
9405.12500
9416.37500
9425.42500
9434.57500
9442.80000
9450.62500
9458.35000
9466.10000
9473.85000
9481.62500
9489.45000
9497.30000
9505.20000
9515.80000
9685.75000
9700.50000
9711.42500
9720.57500
9728.65000
9737.42500
9745.25000
9752.97500
9760.70000
9768.45000
9776.20000
9783.97500
9791.80000
9799.67500
9807.57500
9819.72500
9979.82500
9994.30000
10004.42500
10013.35000
10022.60000
10030.62500
10039.12500
10046.97500
10054.70000
10062.42500
10070.15000
10077.92500
10085.70000
10093.52500
10101.40000
10109.65000
10120.67500
10280.25000
10295.00000
10305.32500
10313.77500
10322.70000
10330.75000
10339.25000
10347.10000
10354.85000
10362.55000
10370.27500
10378.02500
10385.82500
10393.65000
10401.52500
10409.90000
10420.82500
10579.42500
10594.77500
10604.97500
10613.42500
10621.80000
10629.82500
10637.72500
10645.65000
10653.40000
10661.12500
10668.85000
10676.60000
10684.37500
10692.20000
10700.05000
10707.97500
10719.87500
10879.42500
10894.67500
10904.47500
10913.17500
10922.05000
10930.10000
10938.07500
10945.90000
10953.62500
10961.32500
10969.05000
10976.80000
10984.57500
10992.37500
11000.25000
11008.15000
11019.95000
11179.20000
11191.27500
11202.22500
11211.35000
11220.42500
11228.62500
11236.37500
11244.17500
11251.85000
11259.52500
11267.22500
11274.95000
11282.70000
11290.50000
11298.35000
11306.25000
11319.20000
11476.40000
11489.45000
11501.42500
11510.62500
11519.95000
11528.27500
11536.00000
11543.67500
11551.32500
11558.97500
11566.67500
11574.37500
11582.15000
11589.92500
11597.77500
11605.65000
11617.62500
11773.97500
11788.92500
11801.30000
11810.50000
11819.75000
11827.82500
11835.55000
11843.17500
11850.82500
11858.47500
11866.15000
11873.85000
11881.60000
11889.40000
11897.22500
11905.12500
11915.57500
12073.35000
12086.87500
12096.85000
12106.05000
12114.25000
12122.95000
12130.75000
12138.42500
12146.07500
12153.72500
12161.37500
12169.07500
12176.80000
12184.55000
12192.35000
12200.20000
12208.10000
12219.92500
12373.57500
12386.72500
12397.40000
12406.97500
12415.02500
12423.85000
12431.65000
12439.32500
12446.95000
12454.60000
12462.27500
12469.95000
12477.67500
12485.45000
12493.25000
12501.10000
12509.12500
12520.37500
12673.10000
12686.52500
12697.05000
12705.97500
12714.10000
12722.37500
12730.17500
12737.85000
12745.47500
12753.12500
12760.77500
12768.45000
12776.15000
12783.90000
12791.70000
12799.55000
12807.45000
12819.67500
12973.35000
12984.32500
12995.50000
13005.02500
13013.47500
13021.35000
13029.65000
13037.37500
13045.02500
13052.65000
13060.30000
13067.97500
13075.70000
13083.45000
13091.25000
13099.07500
13106.97500
13119.50000
13273.02500
13283.77500
13294.72500
13304.62500
13313.27500
13321.10000
13329.02500
13336.67500
13344.30000
13351.92500
13359.57500
13367.22500
13374.92500
13382.67500
13390.47500
13398.30000
13406.17500
13419.15000
13570.77500
13582.87500
13593.42500
13601.80000
13610.30000
13618.10000
13626.17500
13633.82500
13641.42500
13649.02500
13656.65000
13664.30000
13672.00000
13679.72500
13687.47500
13695.30000
13703.15000
13714.00000
13868.75000
13882.30000
13892.22500
13900.52500
13908.72500
13916.60000
13924.30000
13931.90000
13939.50000
13947.10000
13954.70000
13962.35000
13970.02500
13977.72500
13985.47500
13993.27500
14001.12500
14009.15000
14020.40000
14171.67500
14182.87500
14192.45000
14200.77500
14208.90000
14216.72500
14224.37500
14231.97500
14239.57500
14247.15000
14254.77500
14262.40000
14270.07500
14277.77500
14285.52500
14293.32500
14301.17500
14309.20000
14320.42500
14468.00000
14481.57500
14491.17500
14499.45000
14507.95000
14515.85000
14523.52500
14531.12500
14538.72500
14546.30000
14553.92500
14561.55000
14569.22500
14576.92500
14584.67500
14592.45000
14600.30000
14608.20000
14619.97500
14767.82500
14780.62500
14790.30000
14798.77500
14807.40000
14815.22500
14822.87500
14830.47500
14838.05000
14845.62500
14853.22500
14860.85000
14868.50000
14876.20000
14883.95000
14891.72500
14899.55000
14907.45000
14919.70000

