$ Stimulation Interval(ms): 300
$ Delay(ms): 10.215429
$ Number of data : 585
$ TSTOP : 15000
$ PN stimulation current max : 0
$ LN stimulation current max : 15000
16.25000
26.12500
34.85000
43.00000
50.82500
58.45000
65.97500
73.45000
80.87500
88.30000
95.75000
103.20000
110.70000
118.22500
125.77500
133.37500
141.00000
148.70000
156.42500
164.22500
172.07500
179.95000
187.92500
195.92500
204.00000
1105.92500
1392.05000
1407.42500
1677.70000
1694.55000
1708.00000
1977.30000
1991.92500
2006.05000
2262.97500
2279.85000
2293.35000
2305.47500
2563.30000
2579.27500
2592.30000
2604.75000
2848.77500
2865.30000
2878.65000
2890.95000
2905.32500
3148.52500
3165.30000
3178.40000
3190.75000
3199.82500
3214.57500
3448.12500
3462.72500
3476.47500
3490.22500
3499.32500
3508.57500
3734.47500
3750.97500
3764.07500
3776.22500
3785.30000
3795.05000
3803.82500
4034.55000
4050.85000
4063.57500
4076.20000
4085.17500
4095.32500
4104.05000
4330.87500
4347.27500
4361.35000
4370.97500
4380.97500
4389.70000
4399.15000
4407.67500
4620.97500
4636.62500
4649.37500
4662.97500
4676.27500
4685.35000
4693.77500
4702.70000
4713.67500
4920.65000
4937.10000
4949.82500
4962.37500
4971.27500
4981.07500
4989.65000
4998.32500
5006.70000
5217.17500
5233.07500
5247.07500
5261.42500
5270.42500
5280.22500
5288.87500
5297.22500
5305.52500
5516.65000
5532.95000
5546.82500
5555.77500
5565.20000
5573.75000
5582.90000
5591.32500
5599.62500
5607.92500
5816.32500
5832.57500
5845.87500
5854.95000
5865.10000
5873.75000
5882.35000
5890.65000
5898.92500
5907.20000
6106.85000
6122.57500
6134.80000
6147.52500
6156.37500
6166.70000
6175.12500
6183.82500
6192.07500
6200.30000
6208.62500
6406.30000
6422.22500
6434.67500
6447.57500
6456.47500
6466.55000
6474.95000
6483.17500
6491.35000
6499.55000
6507.77500
6703.67500
6718.87500
6732.72500
6741.95000
6751.47500
6759.92500
6769.02500
6777.35000
6785.57500
6793.77500
6801.97500
6811.77500
7001.47500
7018.07500
7031.82500
7040.65000
7050.05000
7058.55000
7066.80000
7075.17500
7083.37500
7091.55000
7099.75000
7107.95000
7294.10000
7308.22500
7320.65000
7333.42500
7342.12500
7351.77500
7360.20000
7368.75000
7376.92500
7385.05000
7393.17500
7401.35000
7410.42500
7602.05000
7618.22500
7632.02500
7641.02500
7651.37500
7659.62500
7668.10000
7676.20000
7684.32500
7692.45000
7700.60000
7708.97500
7892.52500
7908.42500
7920.95000
7933.55000
7942.27500
7951.87500
7960.15000
7968.27500
7976.35000
7984.45000
7992.55000
8000.70000
8009.15000
8192.90000
8208.45000
8220.57500
8233.67500
8242.42500
8252.17500
8260.40000
8268.47500
8276.55000
8284.62500
8292.72500
8300.85000
8309.40000
8491.92500
8505.27500
8518.30000
8527.22500
8536.92500
8545.22500
8554.05000
8562.22500
8570.30000
8578.35000
8586.42500
8594.52500
8602.67500
8612.95000
8787.77500
8804.37500
8816.95000
8825.90000
8835.30000
8843.70000
8851.77500
8860.12500
8868.17500
8876.22500
8884.30000
8892.37500
8900.50000
8908.77500
9081.32500
9094.15000
9106.50000
9118.27500
9127.00000
9136.15000
9144.55000
9152.62500
9160.65000
9168.65000
9176.65000
9184.70000
9192.77500
9200.90000
9209.37500
9378.50000
9393.62500
9406.10000
9417.67500
9426.60000
9436.27500
9444.57500
9452.62500
9460.62500
9468.62500
9476.62500
9484.65000
9492.72500
9500.85000
9509.27500
9678.57500
9693.55000
9705.82500
9716.32500
9725.62500
9736.62500
9744.82500
9752.82500
9760.80000
9768.77500
9776.77500
9784.80000
9792.87500
9800.97500
9809.52500
9978.40000
9993.82500
10006.00000
10015.35000
10024.90000
10033.20000
10041.75000
10049.82500
10057.82500
10065.80000
10073.77500
10081.80000
10089.85000
10097.95000
10106.07500
10278.87500
10294.30000
10306.52500
10318.92500
10327.70000
10336.50000
10344.70000
10352.67500
10360.62500
10368.60000
10376.57500
10384.60000
10392.65000
10400.77500
10409.12500
10578.22500
10592.67500
10605.32500
10613.85000
10623.10000
10631.35000
10639.82500
10647.87500
10655.82500
10663.77500
10671.72500
10679.72500
10687.75000
10695.82500
10703.97500
10714.80000
10878.22500
10891.67500
10903.67500
10912.72500
10922.55000
10930.77500
10939.25000
10947.20000
10955.12500
10963.05000
10971.00000
10978.97500
10987.00000
10995.07500
11003.17500
11013.62500
11177.25000
11191.05000
11202.97500
11212.00000
11222.07500
11230.35000
11238.55000
11246.47500
11254.37500
11262.27500
11270.20000
11278.17500
11286.17500
11294.25000
11302.35000
11312.17500
11466.35000
11480.25000
11492.57500
11504.12500
11512.87500
11522.20000
11530.50000
11538.47500
11546.40000
11554.27500
11562.17500
11570.12500
11578.07500
11586.07500
11594.15000
11602.25000
11611.95000
11765.40000
11779.85000
11792.12500
11803.20000
11812.02500
11821.45000
11829.67500
11837.60000
11845.47500
11853.35000
11861.22500
11869.15000
11877.10000
11885.10000
11893.15000
11901.22500
11909.92500
12065.22500
12080.00000
12092.57500
12104.40000
12113.07500
12122.92500
12131.00000
12138.92500
12146.77500
12154.65000
12162.52500
12170.45000
12178.42500
12186.42500
12194.47500
12202.57500
12212.60000
12365.90000
12380.12500
12392.27500
12401.97500
12411.30000
12420.15000
12428.42500
12436.35000
12444.20000
12452.07500
12459.95000
12467.85000
12475.77500
12483.77500
12491.80000
12499.87500
12508.02500
12665.17500
12680.12500
12692.57500
12701.07500
12710.60000
12718.70000
12727.20000
12735.15000
12743.02500
12750.90000
12758.75000
12766.65000
12774.60000
12782.57500
12790.60000
12798.67500
12806.80000
12965.10000
12980.52500
12993.05000
13005.17500
13013.67500
13022.10000
13030.25000
13038.15000
13045.97500
13053.82500
13061.70000
13069.60000
13077.55000
13085.52500
13093.57500
13101.67500
13110.77500
13265.20000
13280.60000
13292.47500
13305.30000
13313.92500
13322.32500
13330.35000
13338.20000
13346.02500
13353.85000
13361.72500
13369.62500
13377.57500
13385.55000
13393.60000
13401.70000
13410.82500
13565.17500
13579.55000
13590.72500
13599.30000
13608.62500
13616.70000
13625.17500
13633.05000
13640.87500
13648.67500
13656.52500
13664.40000
13672.30000
13680.25000
13688.25000
13696.30000
13704.40000
13715.42500
13865.30000
13879.12500
13890.55000
13899.07500
13908.20000
13916.32500
13924.30000
13932.10000
13939.90000
13947.70000
13955.52500
13963.40000
13971.30000
13979.22500
13987.22500
13995.27500
14003.37500
14013.82500
14165.17500
14178.72500
14190.35000
14198.90000
14208.17500
14216.25000
14224.12500
14231.90000
14239.70000
14247.50000
14255.32500
14263.17500
14271.07500
14279.02500
14287.00000
14295.05000
14303.15000
14313.47500
14465.10000
14478.92500
14490.52500
14498.97500
14508.05000
14516.15000
14524.00000
14531.80000
14539.57500
14547.37500
14555.20000
14563.05000
14570.95000
14578.90000
14586.90000
14594.92500
14603.02500
14613.30000
14760.67500
14776.40000
14789.37500
14798.00000
14808.07500
14816.07500
14823.90000
14831.67500
14839.45000
14847.25000
14855.05000
14862.90000
14870.80000
14878.72500
14886.72500
14894.77500
14902.85000
14913.02500

