$ Stimulation Interval(ms): 300
$ Delay(ms): 244.756580
$ Number of data : 709
$ TSTOP : 15000
$ PN stimulation current max : 0
$ LN stimulation current max : 15000
249.60000
262.62500
275.57500
288.52500
301.57500
314.77500
328.15000
341.67500
355.35000
369.22500
383.30000
397.60000
412.12500
426.87500
441.92500
457.25000
472.80000
488.55000
504.57500
521.35000
552.20000
565.15000
578.17500
591.20000
604.35000
617.67500
631.15000
644.77500
658.60000
672.62500
686.87500
701.35000
716.05000
731.05000
746.32500
761.82500
777.57500
793.57500
809.85000
852.35000
865.35000
878.45000
891.52500
904.75000
918.12500
931.67500
945.40000
959.32500
973.45000
987.82500
1002.42500
1017.32500
1032.47500
1047.85000
1063.37500
1079.17500
1095.17500
1111.70000
1152.35000
1165.40000
1178.52500
1191.65000
1204.92500
1218.37500
1231.97500
1245.77500
1259.77500
1274.00000
1288.45000
1303.15000
1318.12500
1333.40000
1348.85000
1364.52500
1380.45000
1396.65000
1452.45000
1465.52500
1478.70000
1491.87500
1505.20000
1518.70000
1532.35000
1546.22500
1560.27500
1574.57500
1589.12500
1603.95000
1619.05000
1634.40000
1649.92500
1665.72500
1681.70000
1698.07500
1752.47500
1765.60000
1778.80000
1792.02500
1805.40000
1818.92500
1832.65000
1846.57500
1860.70000
1875.10000
1889.72500
1904.65000
1919.85000
1935.25000
1950.82500
1966.65000
1982.77500
1999.35000
2052.50000
2065.65000
2078.90000
2092.15000
2105.55000
2119.15000
2132.92500
2146.90000
2161.10000
2175.55000
2190.27500
2205.27500
2220.52500
2235.97500
2251.60000
2267.50000
2283.77500
2300.60000
2352.50000
2365.72500
2379.00000
2392.27500
2405.72500
2419.35000
2433.17500
2447.20000
2461.47500
2476.00000
2490.82500
2505.90000
2521.22500
2536.67500
2552.45000
2568.42500
2584.82500
2601.75000
2652.55000
2665.77500
2679.10000
2692.40000
2705.90000
2719.57500
2733.45000
2747.55000
2761.87500
2776.47500
2791.40000
2806.52500
2821.85000
2837.42500
2853.20000
2869.32500
2886.00000
2903.05000
2952.57500
2965.85000
2979.20000
2992.55000
3006.07500
3019.80000
3033.72500
3047.87500
3062.27500
3076.95000
3091.92500
3107.15000
3122.55000
3138.17500
3154.02500
3170.30000
3187.10000
3204.32500
3252.60000
3265.90000
3279.30000
3292.67500
3306.25000
3320.00000
3333.97500
3348.20000
3362.67500
3377.42500
3392.45000
3407.70000
3423.12500
3438.80000
3454.77500
3471.12500
3488.05000
3505.55000
3552.62500
3565.97500
3579.40000
3592.80000
3606.42500
3620.22500
3634.25000
3648.52500
3663.05000
3677.90000
3693.00000
3708.32500
3723.85000
3739.70000
3755.85000
3772.60000
3789.82500
3852.65000
3866.00000
3879.45000
3892.90000
3906.55000
3920.40000
3934.47500
3948.80000
3963.40000
3978.32500
3993.50000
4008.90000
4024.52500
4040.45000
4056.75000
4073.90000
4091.20000
4152.65000
4166.05000
4179.55000
4193.00000
4206.70000
4220.60000
4234.70000
4249.10000
4263.75000
4278.72500
4293.95000
4309.37500
4325.00000
4340.92500
4357.30000
4374.47500
4391.87500
4452.67500
4466.10000
4479.62500
4493.12500
4506.85000
4520.77500
4534.95000
4549.37500
4564.12500
4579.17500
4594.42500
4609.92500
4625.70000
4641.77500
4658.47500
4676.47500
4752.70000
4766.15000
4779.70000
4793.22500
4806.97500
4820.95000
4835.17500
4849.65000
4864.45000
4879.55000
4894.82500
4910.40000
4926.20000
4942.30000
4959.00000
4976.05000
5052.72500
5066.20000
5079.77500
5093.32500
5107.12500
5121.12500
5135.37500
5149.92500
5164.80000
5179.90000
5195.25000
5210.87500
5226.80000
5243.07500
5352.72500
5366.22500
5379.82500
5393.40000
5407.22500
5421.27500
5435.57500
5450.15000
5465.07500
5480.27500
5495.62500
5511.22500
5527.10000
5543.32500
5560.27500
5578.15000
5652.75000
5666.27500
5679.90000
5693.50000
5707.35000
5721.45000
5735.77500
5750.42500
5765.40000
5780.60000
5795.97500
5811.70000
5827.65000
5844.22500
5861.52500
5952.77500
5966.32500
5979.97500
5993.60000
6007.47500
6021.60000
6036.00000
6050.70000
6065.70000
6080.92500
6096.32500
6112.07500
6128.17500
6144.52500
6161.35000
6252.77500
6266.35000
6280.02500
6293.70000
6307.60000
6321.75000
6336.20000
6350.95000
6366.02500
6381.27500
6396.72500
6412.52500
6428.67500
6445.32500
6462.40000
6552.80000
6566.40000
6580.10000
6593.77500
6607.72500
6621.92500
6636.40000
6651.20000
6666.30000
6681.57500
6697.10000
6712.95000
6729.02500
6745.90000
6763.42500
6852.80000
6866.42500
6880.15000
6893.87500
6907.85000
6922.07500
6936.60000
6951.45000
6966.60000
6981.90000
6997.57500
7013.60000
7030.10000
7152.82500
7166.47500
7180.20000
7193.95000
7207.95000
7222.20000
7236.77500
7251.67500
7266.82500
7282.17500
7297.82500
7313.75000
7330.32500
7347.47500
7452.82500
7466.50000
7480.27500
7494.02500
7508.05000
7522.35000
7536.95000
7551.90000
7567.10000
7582.47500
7598.15000
7614.10000
7630.55000
7647.30000
7752.85000
7766.55000
7780.32500
7794.10000
7808.17500
7822.50000
7837.15000
7852.12500
7867.32500
7882.72500
7898.42500
7914.42500
7931.12500
7948.07500
8052.85000
8066.57500
8080.37500
8094.17500
8108.27500
8122.65000
8137.32500
8152.35000
8167.55000
8182.97500
8198.67500
8214.65000
8231.25000
8248.60000
8352.87500
8366.60000
8380.45000
8394.25000
8408.37500
8422.77500
8437.52500
8452.57500
8467.82500
8483.35000
8499.20000
8515.37500
8532.12500
8550.15000
8652.87500
8666.65000
8680.50000
8694.35000
8708.50000
8722.92500
8737.70000
8752.80000
8768.05000
8783.62500
8799.52500
8815.90000
8952.90000
8966.67500
8980.55000
8994.40000
9008.57500
9023.05000
9037.87500
9052.92500
9068.17500
9083.75000
9099.62500
9116.17500
9252.90000
9266.70000
9280.60000
9294.47500
9308.67500
9323.17500
9338.02500
9353.10000
9368.37500
9383.97500
9399.95000
9416.57500
9433.82500
9552.92500
9566.72500
9580.65000
9594.55000
9608.77500
9623.30000
9638.20000
9653.32500
9668.62500
9684.25000
9700.25000
9716.52500
9733.25000
9852.92500
9866.75000
9880.70000
9894.60000
9908.87500
9923.42500
9938.35000
9953.47500
9968.82500
9984.47500
10000.57500
10016.87500
10033.85000
10152.95000
10166.80000
10180.75000
10194.67500
10208.97500
10223.57500
10238.50000
10253.67500
10269.05000
10284.72500
10300.70000
10317.15000
10452.95000
10466.82500
10480.80000
10494.75000
10509.05000
10523.67500
10538.65000
10553.82500
10569.22500
10584.90000
10600.87500
10617.37500
10752.95000
10766.85000
10780.82500
10794.80000
10809.15000
10823.80000
10838.77500
10853.97500
10869.40000
10885.10000
10901.10000
10917.50000
11052.97500
11066.87500
11080.87500
11094.87500
11109.22500
11123.92500
11138.90000
11154.10000
11169.57500
11185.42500
11201.67500
11218.42500
11352.97500
11366.90000
11380.92500
11394.92500
11409.32500
11424.05000
11439.05000
11454.22500
11469.77500
11485.57500
11502.00000
11519.30000
11653.00000
11666.92500
11680.97500
11695.00000
11709.40000
11724.17500
11739.17500
11754.35000
11769.87500
11785.72500
11802.30000
11819.90000
11953.00000
11966.95000
11981.00000
11995.05000
12009.50000
12024.30000
12039.32500
12054.55000
12070.07500
12086.00000
12102.35000
12119.12500
12253.00000
12266.97500
12281.05000
12295.12500
12309.57500
12324.40000
12339.52500
12354.82500
12370.40000
12386.32500
12402.42500
12419.45000
12553.02500
12567.00000
12581.10000
12595.17500
12609.67500
12624.52500
12639.65000
12654.97500
12670.60000
12686.70000
12702.90000
12720.55000
12853.02500
12867.02500
12881.15000
12895.25000
12909.77500
12924.65000
12939.85000
12955.20000
12970.90000
12986.72500
13003.05000
13153.02500
13167.05000
13181.17500
13195.30000
13209.85000
13224.72500
13239.90000
13255.22500
13270.82500
13286.62500
13302.87500
13453.05000
13467.07500
13481.22500
13495.35000
13509.92500
13524.82500
13540.00000
13555.35000
13571.02500
13586.92500
13603.22500
13753.05000
13767.10000
13781.25000
13795.40000
13810.00000
13824.90000
13840.05000
13855.42500
13871.10000
13887.07500
13903.42500
14053.05000
14067.12500
14081.30000
14095.45000
14110.07500
14125.00000
14140.17500
14155.60000
14171.37500
14187.62500
14205.50000
14353.07500
14367.15000
14381.32500
14395.52500
14410.15000
14425.10000
14440.25000
14455.75000
14471.57500
14487.82500
14653.07500
14667.15000
14681.37500
14695.55000
14710.22500
14725.17500
14740.32500
14755.85000
14771.67500
14787.97500
14804.57500
14953.07500
14967.17500
14981.40000
14995.62500

