$ Stimulation Interval(ms): 300
$ Delay(ms): 0.854390
$ Number of data : 627
$ TSTOP : 15000
$ PN stimulation current max : 0
$ LN stimulation current max : 15000
6.97500
16.90000
25.62500
33.80000
41.62500
49.25000
56.77500
64.25000
71.70000
79.12500
86.57500
94.02500
101.50000
109.02500
116.57500
124.17500
131.82500
139.52500
147.25000
155.05000
162.87500
170.77500
178.75000
186.75000
194.82500
202.97500
216.85000
1091.75000
1107.67500
1389.80000
1405.70000
1676.77500
1692.72500
1706.92500
1976.07500
1991.50000
2004.17500
2261.92500
2277.82500
2291.85000
2304.00000
2320.60000
2560.12500
2576.35000
2589.27500
2603.97500
2620.42500
2847.92500
2863.95000
2877.65000
2890.02500
2899.42500
2915.00000
3145.72500
3161.72500
3174.75000
3189.42500
3198.60000
3208.52500
3434.00000
3449.62500
3462.82500
3475.30000
3484.95000
3495.02500
3503.97500
3520.30000
3733.72500
3749.95000
3762.82500
3775.12500
3784.22500
3794.05000
3802.90000
3815.15000
4029.65000
4047.02500
4060.55000
4075.07500
4084.25000
4093.95000
4102.72500
4114.50000
4329.67500
4346.87500
4359.95000
4369.07500
4378.67500
4387.45000
4396.35000
4404.97500
4420.12500
4620.50000
4635.65000
4648.90000
4661.22500
4670.25000
4679.65000
4688.37500
4697.02500
4705.57500
4720.25000
4918.30000
4933.37500
4947.12500
4960.85000
4969.95000
4980.05000
4988.65000
4997.35000
5005.75000
5020.22500
5207.22500
5221.92500
5236.30000
5248.40000
5261.52500
5270.57500
5279.87500
5288.52500
5296.92500
5305.30000
5320.05000
5506.35000
5521.47500
5534.30000
5547.07500
5556.17500
5565.55000
5574.17500
5583.20000
5591.67500
5600.05000
5608.47500
5621.70000
5805.10000
5821.07500
5834.07500
5846.52500
5855.50000
5865.32500
5873.95000
5882.45000
5890.80000
5899.12500
5907.45000
5920.82500
6105.62500
6121.10000
6133.65000
6145.95000
6155.05000
6165.80000
6174.27500
6182.95000
6191.25000
6199.55000
6207.87500
6221.05000
6402.25000
6417.92500
6432.30000
6442.15000
6452.55000
6461.15000
6470.42500
6478.77500
6487.05000
6495.32500
6503.62500
6514.80000
6691.85000
6707.45000
6720.70000
6733.17500
6742.77500
6752.12500
6760.62500
6769.62500
6777.97500
6786.22500
6794.45000
6802.72500
6814.17500
6990.87500
7006.67500
7019.50000
7031.82500
7040.72500
7050.15000
7058.77500
7067.12500
7075.60000
7083.87500
7092.12500
7100.37500
7108.77500
7121.75000
7289.00000
7305.07500
7318.87500
7331.32500
7340.30000
7350.17500
7358.72500
7367.20000
7375.40000
7383.57500
7391.75000
7399.97500
7408.27500
7421.20000
7589.45000
7605.07500
7618.95000
7632.22500
7641.15000
7651.30000
7659.62500
7668.15000
7676.32500
7684.47500
7692.65000
7700.87500
7709.55000
7890.45000
7905.10000
7918.80000
7932.05000
7940.95000
7950.12500
7958.55000
7966.70000
7974.82500
7982.95000
7991.12500
7999.32500
8007.57500
8020.77500
8188.00000
8203.87500
8218.27500
8227.62500
8237.32500
8245.72500
8254.92500
8263.15000
8271.30000
8279.42500
8287.60000
8295.77500
8304.02500
8315.05000
8487.90000
8503.95000
8516.85000
8526.10000
8536.10000
8544.50000
8553.30000
8561.55000
8569.67500
8577.80000
8585.95000
8594.12500
8602.32500
8613.95000
8777.30000
8792.67500
8805.20000
8817.32500
8826.12500
8835.50000
8843.95000
8852.10000
8860.42500
8868.52500
8876.62500
8884.75000
8892.90000
8901.10000
8910.00000
9076.57500
9092.20000
9105.02500
9117.12500
9126.00000
9135.52500
9143.97500
9152.10000
9160.22500
9168.27500
9176.37500
9184.47500
9192.62500
9200.80000
9209.30000
9222.37500
9376.25000
9391.20000
9404.75000
9416.90000
9425.87500
9435.40000
9443.75000
9451.85000
9459.87500
9467.90000
9475.97500
9484.07500
9492.20000
9500.37500
9508.67500
9521.45000
9674.72500
9689.60000
9704.05000
9714.60000
9724.25000
9732.90000
9741.15000
9749.25000
9757.25000
9765.27500
9773.32500
9781.40000
9789.50000
9797.67500
9805.87500
9820.10000
9975.40000
9990.20000
10002.77500
10012.10000
10021.67500
10029.95000
10038.82500
10046.95000
10054.97500
10063.00000
10071.02500
10079.07500
10087.17500
10095.32500
10103.52500
10114.62500
10274.65000
10289.92500
10304.17500
10312.85000
10322.17500
10330.52500
10339.27500
10347.40000
10355.40000
10363.42500
10371.45000
10379.50000
10387.60000
10395.75000
10403.95000
10414.95000
10574.82500
10590.05000
10602.95000
10611.87500
10621.60000
10629.92500
10638.47500
10646.60000
10654.60000
10662.60000
10670.62500
10678.70000
10686.77500
10694.92500
10703.12500
10714.37500
10874.07500
10890.00000
10902.12500
10911.62500
10921.67500
10929.97500
10938.67500
10946.72500
10954.72500
10962.70000
10970.72500
10978.75000
10986.85000
10994.97500
11003.17500
11014.40000
11163.97500
11178.62500
11191.12500
11202.85000
11211.75000
11221.55000
11229.82500
11238.00000
11245.97500
11253.92500
11261.87500
11269.87500
11277.90000
11285.97500
11294.10000
11302.27500
11313.90000
11464.05000
11478.82500
11491.47500
11503.45000
11512.27500
11521.85000
11530.12500
11538.12500
11546.07500
11554.00000
11561.97500
11569.97500
11578.00000
11586.07500
11594.20000
11602.37500
11613.95000
11762.90000
11777.92500
11791.07500
11802.85000
11811.65000
11821.05000
11829.27500
11837.22500
11845.15000
11853.07500
11861.02500
11869.00000
11877.02500
11885.07500
11893.20000
11901.35000
11910.65000
12062.22500
12077.07500
12090.72500
12103.02500
12111.80000
12120.92500
12129.05000
12137.00000
12144.90000
12152.80000
12160.72500
12168.70000
12176.72500
12184.77500
12192.87500
12201.05000
12209.62500
12223.30000
12360.95000
12375.60000
12389.40000
12398.35000
12408.15000
12416.30000
12425.30000
12433.35000
12441.27500
12449.17500
12457.10000
12465.05000
12473.05000
12481.07500
12489.17500
12497.30000
12505.50000
12520.02500
12661.40000
12676.50000
12688.55000
12697.77500
12707.17500
12715.35000
12724.22500
12732.25000
12740.15000
12748.05000
12755.97500
12763.92500
12771.90000
12779.92500
12788.00000
12796.12500
12804.30000
12815.22500
12962.35000
12977.52500
12990.60000
12999.15000
13008.20000
13016.37500
13024.82500
13032.82500
13040.75000
13048.67500
13056.57500
13064.52500
13072.52500
13080.55000
13088.62500
13096.77500
13104.95000
13117.47500
13261.80000
13276.52500
13290.02500
13298.47500
13307.55000
13315.72500
13324.07500
13332.05000
13339.92500
13347.80000
13355.72500
13363.65000
13371.62500
13379.65000
13387.72500
13395.85000
13404.02500
13414.97500
13561.40000
13576.15000
13588.00000
13597.40000
13607.37500
13615.50000
13624.17500
13632.10000
13639.95000
13647.82500
13655.72500
13663.65000
13671.62500
13679.62500
13687.70000
13695.82500
13704.00000
13714.95000
13861.47500
13876.25000
13888.37500
13897.10000
13907.00000
13915.22500
13923.32500
13931.22500
13939.07500
13946.95000
13954.82500
13962.75000
13970.70000
13978.72500
13986.77500
13994.90000
14003.05000
14014.32500
14160.37500
14175.72500
14188.67500
14197.50000
14207.00000
14215.10000
14222.97500
14230.80000
14238.62500
14246.47500
14254.35000
14262.27500
14270.22500
14278.22500
14286.27500
14294.40000
14302.55000
14314.05000
14451.02500
14465.47500
14477.90000
14489.25000
14497.82500
14507.15000
14515.32500
14523.20000
14531.05000
14538.87500
14546.72500
14554.60000
14562.50000
14570.45000
14578.47500
14586.52500
14594.62500
14602.77500
14614.17500
14759.77500
14775.20000
14784.42500
14794.12500
14802.32500
14810.72500
14818.65000
14826.50000
14834.30000
14842.15000
14850.00000
14857.87500
14865.80000
14873.77500
14881.80000
14889.87500
14898.00000
14906.20000
14920.20000

