$ Stimulation Interval(ms): 300
$ Delay(ms): 12.582163
$ Number of data : 604
$ TSTOP : 15000
$ PN stimulation current max : 0
$ LN stimulation current max : 15000
18.60000
28.47500
37.17500
45.35000
53.17500
60.77500
68.30000
75.77500
83.20000
90.65000
98.07500
105.55000
113.02500
120.55000
128.10000
135.70000
143.32500
151.02500
158.75000
166.55000
174.40000
182.27500
190.25000
198.25000
206.90000
1106.45000
1392.50000
1407.95000
1677.77500
1694.50000
1708.02500
1977.92500
1992.92500
2006.50000
2262.90000
2279.67500
2293.15000
2304.32500
2563.10000
2579.52500
2592.42500
2604.10000
2849.35000
2865.62500
2879.95000
2890.75000
2900.50000
2915.87500
3148.65000
3165.70000
3178.87500
3190.02500
3199.12500
3208.65000
3443.15000
3459.87500
3473.55000
3482.77500
3492.30000
3501.05000
3517.60000
3734.60000
3751.47500
3764.97500
3775.80000
3784.85000
3794.27500
3802.95000
3816.50000
4030.90000
4050.10000
4062.15000
4074.32500
4083.62500
4093.27500
4101.87500
4114.82500
4329.50000
4346.90000
4359.40000
4368.80000
4378.15000
4386.77500
4395.52500
4404.02500
4416.80000
4621.17500
4636.75000
4649.57500
4660.75000
4669.77500
4679.15000
4687.77500
4696.30000
4704.85000
4717.87500
4920.50000
4937.07500
4949.87500
4960.87500
4969.82500
4979.07500
4987.57500
4995.90000
5004.17500
5016.62500
5220.37500
5236.40000
5248.15000
5260.17500
5269.50000
5278.80000
5287.45000
5295.77500
5304.02500
5316.35000
5514.57500
5531.57500
5544.50000
5553.75000
5563.35000
5571.92500
5580.50000
5588.97500
5597.25000
5605.50000
5618.37500
5808.25000
5822.75000
5834.77500
5846.12500
5855.05000
5864.70000
5873.25000
5881.80000
5890.02500
5898.25000
5906.47500
5921.10000
6106.87500
6122.45000
6134.70000
6145.87500
6154.97500
6165.17500
6173.60000
6182.02500
6190.27500
6198.47500
6206.70000
6407.00000
6422.97500
6434.62500
6445.82500
6455.05000
6464.12500
6472.65000
6480.87500
6489.05000
6497.20000
6505.40000
6518.02500
6694.12500
6709.17500
6723.45000
6734.50000
6746.42500
6755.22500
6763.75000
6772.37500
6780.52500
6788.65000
6796.77500
6804.95000
6817.32500
7000.37500
7017.35000
7030.02500
7039.25000
7048.77500
7057.30000
7065.52500
7073.92500
7082.07500
7090.20000
7098.32500
7106.50000
7120.60000
7293.85000
7308.62500
7320.42500
7331.67500
7340.52500
7350.10000
7358.47500
7366.70000
7374.77500
7382.85000
7390.95000
7399.07500
7407.25000
7593.65000
7608.52500
7620.67500
7631.50000
7640.50000
7650.07500
7658.30000
7666.50000
7674.60000
7682.67500
7690.77500
7698.87500
7707.05000
7893.12500
7908.50000
7920.72500
7931.87500
7940.82500
7950.10000
7958.47500
7966.57500
7974.62500
7982.70000
7990.77500
7998.90000
8007.05000
8192.87500
8208.65000
8220.40000
8231.45000
8240.32500
8248.55000
8256.97500
8265.02500
8273.05000
8281.10000
8289.15000
8297.25000
8305.40000
8317.82500
8492.50000
8505.55000
8516.77500
8526.20000
8535.67500
8543.92500
8552.65000
8560.72500
8568.75000
8576.75000
8584.77500
8592.85000
8600.95000
8609.37500
8787.75000
8803.25000
8815.47500
8824.80000
8834.35000
8842.70000
8850.72500
8858.97500
8866.95000
8874.95000
8882.95000
8891.00000
8899.10000
8907.25000
9086.60000
9103.35000
9115.50000
9124.77500
9134.27500
9142.80000
9150.82500
9158.95000
9166.92500
9174.90000
9182.92500
9190.95000
9199.05000
9207.20000
9378.92500
9394.25000
9405.97500
9416.82500
9425.72500
9434.90000
9443.22500
9451.22500
9459.17500
9467.12500
9475.10000
9483.10000
9491.15000
9499.22500
9507.35000
9679.45000
9693.90000
9705.77500
9716.25000
9725.45000
9735.07500
9743.32500
9751.32500
9759.30000
9767.25000
9775.22500
9783.22500
9791.27500
9799.35000
9807.47500
9978.67500
9993.90000
10005.52500
10014.67500
10024.12500
10032.32500
10040.90000
10048.92500
10057.00000
10064.95000
10072.90000
10080.90000
10088.92500
10097.00000
10105.10000
10117.30000
10279.10000
10294.77500
10306.77500
10317.35000
10326.30000
10334.30000
10342.62500
10350.60000
10358.50000
10366.42500
10374.37500
10382.37500
10390.40000
10398.47500
10406.60000
10420.10000
10578.65000
10594.25000
10605.60000
10614.37500
10623.32500
10631.40000
10639.90000
10647.85000
10655.77500
10663.67500
10671.60000
10679.57500
10687.57500
10695.62500
10703.72500
10715.57500
10878.70000
10891.97500
10902.60000
10912.05000
10921.72500
10929.90000
10938.55000
10946.52500
10954.42500
10962.30000
10970.22500
10978.17500
10986.17500
10994.22500
11002.30000
11014.42500
11178.42500
11191.30000
11201.97500
11211.07500
11220.40000
11228.70000
11236.60000
11244.47500
11252.32500
11260.20000
11268.07500
11276.02500
11284.00000
11292.02500
11300.07500
11308.22500
11467.25000
11480.65000
11492.62500
11503.25000
11511.90000
11521.05000
11529.30000
11537.22500
11545.07500
11552.92500
11560.80000
11568.67500
11576.62500
11584.60000
11592.60000
11600.67500
11608.90000
11772.62500
11789.02500
11800.80000
11810.02500
11819.57500
11827.77500
11835.62500
11843.45000
11851.27500
11859.12500
11867.00000
11874.92500
11882.87500
11890.90000
11898.95000
11907.07500
11921.22500
12066.15000
12080.55000
12092.67500
12103.42500
12112.17500
12121.47500
12129.57500
12137.47500
12145.35000
12153.20000
12161.07500
12168.97500
12176.90000
12184.87500
12192.90000
12200.97500
12209.30000
12366.97500
12381.00000
12392.97500
12403.00000
12411.85000
12420.52500
12428.72500
12436.65000
12444.55000
12452.40000
12460.25000
12468.15000
12476.07500
12484.05000
12492.05000
12500.12500
12508.25000
12665.42500
12680.42500
12692.47500
12701.22500
12710.65000
12718.67500
12727.10000
12735.02500
12742.87500
12750.70000
12758.55000
12766.42500
12774.32500
12782.30000
12790.30000
12798.35000
12806.45000
12819.37500
12965.12500
12980.60000
12992.62500
13002.97500
13011.95000
13019.87500
13028.30000
13036.15000
13043.97500
13051.80000
13059.62500
13067.50000
13075.42500
13083.37500
13091.37500
13099.45000
13107.55000
13265.47500
13280.50000
13292.37500
13302.72500
13311.40000
13319.30000
13327.37500
13335.20000
13343.00000
13350.80000
13358.62500
13366.50000
13374.40000
13382.35000
13390.35000
13398.40000
13406.50000
13419.45000
13565.12500
13580.12500
13591.67500
13600.07500
13609.10000
13617.10000
13625.75000
13633.60000
13641.40000
13649.20000
13657.02500
13664.87500
13672.77500
13680.72500
13688.70000
13696.75000
13704.82500
13716.80000
13865.27500
13880.02500
13890.32500
13898.95000
13908.05000
13916.07500
13924.25000
13932.07500
13939.85000
13947.65000
13955.45000
13963.30000
13971.17500
13979.10000
13987.07500
13995.10000
14003.17500
14015.10000
14165.25000
14178.75000
14189.27500
14197.75000
14206.77500
14214.70000
14222.47500
14230.22500
14237.97500
14245.72500
14253.52500
14261.35000
14269.20000
14277.10000
14285.07500
14293.07500
14301.12500
14309.52500
14464.87500
14477.87500
14488.57500
14497.25000
14506.47500
14514.45000
14522.25000
14530.00000
14537.75000
14545.50000
14553.30000
14561.12500
14568.97500
14576.87500
14584.82500
14592.85000
14600.90000
14609.15000
14764.17500
14778.35000
14788.75000
14797.30000
14806.52500
14814.47500
14822.27500
14830.00000
14837.75000
14845.50000
14853.27500
14861.10000
14868.97500
14876.87500
14884.82500
14892.82500
14900.87500
14909.12500

