$ Stimulation Interval(ms): 300
$ Delay(ms): 237.154467
$ Number of data : 672
$ TSTOP : 15000
$ PN stimulation current max : 0
$ LN stimulation current max : 15000
241.95000
255.00000
267.97500
280.92500
294.00000
307.25000
320.65000
334.22500
347.97500
361.92500
376.10000
390.47500
405.10000
419.95000
435.10000
450.47500
466.10000
481.95000
498.15000
544.70000
557.65000
570.70000
583.72500
596.92500
610.27500
623.80000
637.50000
651.40000
665.52500
679.85000
694.40000
709.22500
724.32500
739.65000
755.20000
771.00000
787.17500
803.65000
844.65000
857.67500
870.77500
883.87500
897.12500
910.55000
924.15000
937.95000
951.95000
966.17500
980.62500
995.32500
1010.30000
1025.55000
1041.05000
1056.70000
1072.60000
1088.95000
1105.80000
1144.67500
1157.75000
1170.90000
1184.05000
1197.37500
1210.85000
1224.52500
1238.40000
1252.47500
1266.77500
1281.32500
1296.15000
1311.27500
1326.60000
1342.15000
1357.90000
1374.00000
1390.55000
1407.60000
1444.80000
1457.90000
1471.10000
1484.30000
1497.65000
1511.20000
1524.92500
1538.85000
1553.02500
1567.42500
1582.07500
1597.02500
1612.27500
1627.75000
1643.37500
1659.30000
1675.65000
1692.47500
1710.02500
1744.97500
1758.12500
1771.35000
1784.60000
1798.00000
1811.60000
1825.40000
1839.40000
1853.62500
1868.12500
1882.90000
1897.97500
1913.30000
1928.80000
1944.55000
1960.57500
1977.17500
1994.25000
2011.92500
2044.97500
2058.17500
2071.45000
2084.72500
2098.17500
2111.82500
2125.67500
2139.75000
2154.07500
2168.65000
2183.52500
2198.75000
2214.15000
2229.77500
2245.62500
2261.77500
2278.50000
2295.82500
2344.90000
2358.10000
2371.42500
2384.72500
2398.25000
2411.92500
2425.85000
2439.97500
2454.35000
2469.02500
2484.00000
2499.32500
2514.80000
2530.47500
2546.40000
2562.87500
2579.82500
2596.92500
2644.92500
2658.17500
2671.52500
2684.87500
2698.42500
2712.17500
2726.12500
2740.32500
2754.77500
2769.55000
2784.62500
2799.97500
2815.52500
2831.30000
2847.37500
2864.07500
2881.92500
2899.60000
2944.95000
2958.25000
2971.65000
2985.02500
2998.60000
3012.40000
3026.42500
3040.67500
3055.20000
3070.05000
3085.25000
3100.65000
3116.25000
3132.12500
3148.37500
3165.32500
3182.60000
3244.97500
3258.27500
3271.70000
3285.12500
3298.75000
3312.57500
3326.65000
3340.97500
3355.57500
3370.50000
3385.82500
3401.32500
3417.02500
3433.00000
3449.50000
3466.17500
3483.45000
3544.97500
3558.35000
3571.80000
3585.25000
3598.90000
3612.77500
3626.90000
3641.27500
3655.95000
3670.97500
3686.32500
3701.87500
3717.62500
3733.70000
3750.42500
3767.47500
3845.00000
3858.40000
3871.87500
3885.35000
3899.05000
3912.97500
3927.15000
3941.57500
3956.32500
3971.45000
3986.82500
4002.37500
4018.17500
4034.35000
4051.27500
4068.45000
4145.02500
4158.45000
4171.95000
4185.45000
4199.20000
4213.15000
4227.37500
4241.87500
4256.70000
4271.90000
4287.30000
4302.92500
4318.85000
4335.27500
4352.12500
4369.20000
4445.05000
4458.47500
4472.02500
4485.57500
4499.35000
4513.35000
4527.60000
4542.17500
4557.05000
4572.35000
4587.80000
4603.45000
4619.40000
4635.95000
4652.72500
4745.05000
4758.52500
4772.10000
4785.67500
4799.47500
4813.52500
4827.82500
4842.45000
4857.40000
4872.72500
4888.22500
4903.95000
4920.05000
4936.85000
4954.27500
5045.07500
5058.57500
5072.17500
5085.75000
5099.60000
5113.70000
5128.05000
5142.72500
5157.75000
5173.10000
5188.65000
5204.45000
5220.55000
5237.32500
5254.75000
5345.10000
5358.62500
5372.25000
5385.85000
5399.75000
5413.85000
5428.27500
5443.00000
5458.10000
5473.47500
5489.05000
5504.92500
5521.25000
5538.20000
5555.57500
5645.10000
5658.65000
5672.30000
5685.95000
5699.87500
5714.02500
5728.47500
5743.27500
5758.47500
5773.90000
5789.52500
5805.40000
5821.72500
5838.35000
5945.12500
5958.70000
5972.37500
5986.05000
6000.00000
6014.20000
6028.67500
6043.52500
6058.80000
6074.20000
6089.82500
6105.80000
6122.45000
6245.15000
6258.72500
6272.42500
6286.12500
6300.10000
6314.32500
6328.87500
6343.77500
6359.05000
6374.52500
6390.20000
6406.22500
6423.12500
6441.12500
6545.15000
6558.77500
6572.50000
6586.20000
6600.22500
6614.50000
6629.07500
6644.02500
6659.35000
6674.87500
6690.60000
6706.70000
6723.42500
6740.42500
6845.17500
6858.80000
6872.55000
6886.30000
6900.35000
6914.65000
6929.27500
6944.30000
6959.65000
6975.20000
6990.90000
7006.97500
7023.55000
7041.40000
7145.17500
7158.85000
7172.62500
7186.37500
7200.45000
7214.80000
7229.47500
7244.57500
7259.92500
7275.50000
7291.27500
7307.50000
7324.05000
7445.20000
7458.87500
7472.67500
7486.47500
7500.57500
7514.95000
7529.67500
7544.82500
7560.15000
7575.75000
7591.62500
7608.15000
7624.92500
7745.20000
7758.92500
7772.72500
7786.55000
7800.67500
7815.10000
7829.87500
7845.07500
7860.37500
7875.95000
7892.00000
7909.17500
7926.05000
8045.22500
8058.95000
8072.77500
8086.62500
8100.77500
8115.25000
8130.07500
8145.32500
8160.70000
8176.32500
8192.30000
8209.40000
8226.75000
8345.22500
8358.97500
8372.85000
8386.70000
8400.90000
8415.40000
8430.25000
8445.55000
8460.97500
8476.60000
8492.72500
8509.52500
8645.25000
8659.00000
8672.90000
8686.77500
8701.00000
8715.52500
8730.42500
8745.72500
8761.17500
8776.82500
8792.87500
8809.35000
8827.25000
8945.25000
8959.05000
8972.95000
8986.85000
9001.10000
9015.67500
9030.62500
9045.95000
9061.45000
9077.15000
9093.25000
9109.72500
9245.27500
9259.07500
9273.00000
9286.92500
9301.20000
9315.80000
9330.80000
9346.12500
9361.70000
9377.47500
9393.70000
9410.15000
9545.27500
9559.10000
9573.05000
9587.00000
9601.30000
9615.95000
9631.00000
9646.30000
9661.80000
9677.45000
9693.50000
9710.22500
9845.30000
9859.12500
9873.10000
9887.05000
9901.40000
9916.07500
9931.17500
9946.50000
9962.12500
9978.07500
9994.72500
10145.30000
10159.15000
10173.15000
10187.12500
10201.47500
10216.20000
10231.32500
10246.62500
10262.22500
10278.12500
10295.40000
10445.30000
10459.17500
10473.20000
10487.17500
10501.57500
10516.32500
10531.50000
10546.77500
10562.40000
10578.50000
10745.32500
10759.20000
10773.22500
10787.25000
10801.65000
10816.42500
10831.65000
10846.97500
10862.60000
10878.77500
10895.37500
10912.85000
11045.32500
11059.22500
11073.27500
11087.30000
11101.75000
11116.57500
11131.82500
11147.25000
11162.87500
11179.00000
11195.30000
11345.35000
11359.27500
11373.32500
11387.37500
11401.85000
11416.70000
11431.95000
11447.40000
11463.10000
11479.22500
11495.65000
11645.35000
11659.30000
11673.37500
11687.42500
11701.92500
11716.82500
11732.05000
11747.50000
11763.17500
11779.27500
11795.72500
11945.35000
11959.32500
11973.40000
11987.50000
12002.02500
12016.95000
12032.17500
12047.65000
12063.32500
12079.47500
12096.42500
12245.37500
12259.35000
12273.45000
12287.55000
12302.12500
12317.07500
12332.27500
12347.80000
12363.40000
12379.45000
12545.37500
12559.35000
12573.50000
12587.62500
12602.20000
12617.17500
12632.37500
12647.85000
12663.55000
12680.05000
12845.37500
12859.37500
12873.52500
12887.67500
12902.27500
12917.30000
12932.50000
12948.02500
12963.92500
13145.37500
13159.40000
13173.55000
13187.72500
13202.35000
13217.37500
13232.65000
13248.25000
13264.32500
13445.40000
13459.42500
13473.60000
13487.75000
13502.40000
13517.47500
13532.75000
13548.25000
13564.25000
13581.12500
13745.40000
13759.45000
13773.62500
13787.82500
13802.50000
13817.60000
13832.85000
13848.42500
13864.47500
13880.97500
14045.40000
14059.47500
14073.67500
14087.87500
14102.57500
14117.72500
14133.02500
14148.55000
14164.55000
14182.02500
14345.42500
14359.47500
14373.70000
14387.92500
14402.65000
14417.82500
14433.20000
14448.80000
14464.90000
14481.95000
14499.35000
14645.42500
14659.50000
14673.75000
14688.00000
14702.75000
14717.97500
14733.32500
14748.92500
14765.00000
14945.42500
14959.52500
14973.77500
14988.02500

