$ Stimulation Interval(ms): 300
$ Delay(ms): 46.472475
$ Number of data : 595
$ TSTOP : 15000
$ PN stimulation current max : 0
$ LN stimulation current max : 15000
52.30000
62.10000
70.77500
78.90000
86.72500
94.35000
101.85000
109.32500
116.75000
124.17500
131.60000
139.07500
146.55000
154.05000
161.62500
169.20000
176.85000
184.52500
192.27500
200.05000
210.47500
1100.42500
1390.75000
1406.02500
1677.47500
1692.87500
1706.62500
1973.00000
1988.47500
2003.10000
2262.80000
2278.72500
2292.10000
2304.55000
2557.20000
2573.12500
2588.37500
2597.85000
2608.35000
2849.85000
2865.35000
2878.70000
2890.42500
2899.50000
2913.75000
3143.02500
3160.02500
3174.07500
3183.40000
3194.45000
3205.95000
3443.12500
3459.30000
3474.10000
3483.15000
3492.85000
3501.45000
3515.45000
3734.70000
3751.00000
3763.97500
3775.95000
3784.70000
3794.37500
3802.92500
3814.82500
4028.82500
4045.60000
4060.20000
4069.70000
4080.67500
4090.82500
4099.87500
4108.15000
4328.85000
4345.55000
4359.82500
4369.02500
4378.42500
4386.90000
4395.37500
4403.70000
4414.37500
4629.20000
4645.40000
4659.87500
4668.82500
4678.72500
4687.17500
4695.45000
4703.75000
4714.32500
4920.97500
4937.25000
4949.57500
4961.45000
4970.15000
4979.70000
4988.05000
4996.15000
5004.20000
5014.62500
5216.62500
5231.77500
5246.05000
5255.17500
5264.97500
5273.37500
5282.52500
5290.75000
5298.80000
5306.82500
5322.12500
5515.30000
5531.67500
5545.82500
5554.70000
5564.17500
5572.57500
5580.90000
5589.12500
5597.17500
5605.20000
5615.97500
5815.27500
5831.95000
5845.97500
5854.75000
5864.57500
5872.95000
5881.22500
5889.27500
5897.25000
5905.22500
5915.90000
6115.35000
6131.57500
6141.62500
6152.07500
6162.87500
6171.25000
6179.25000
6187.22500
6195.15000
6203.10000
6213.70000
6407.70000
6423.05000
6434.60000
6447.12500
6455.82500
6464.77500
6473.05000
6481.02500
6488.95000
6496.87500
6504.82500
6515.07500
6707.65000
6722.72500
6734.12500
6747.80000
6756.35000
6764.87500
6773.17500
6781.10000
6789.00000
6796.90000
6804.85000
6815.07500
7001.35000
7017.22500
7031.40000
7040.27500
7049.65000
7058.02500
7066.00000
7074.25000
7082.17500
7090.07500
7097.97500
7105.90000
7121.75000
7301.32500
7317.65000
7331.67500
7340.55000
7350.30000
7358.62500
7366.70000
7374.57500
7382.42500
7390.27500
7398.15000
7406.07500
7421.50000
7601.90000
7617.92500
7632.35000
7641.05000
7650.82500
7658.87500
7666.87500
7674.75000
7682.57500
7690.42500
7698.30000
7706.20000
7721.47500
7901.92500
7917.70000
7926.77500
7936.67500
7944.87500
7954.02500
7962.05000
7969.90000
7977.72500
7985.55000
7993.40000
8001.27500
8010.77500
8194.62500
8209.35000
8220.97500
8233.37500
8241.90000
8250.50000
8258.65000
8266.52500
8274.32500
8282.12500
8289.95000
8297.80000
8305.70000
8316.75000
8494.32500
8508.92500
8519.92500
8529.25000
8538.42500
8546.50000
8554.80000
8562.70000
8570.52500
8578.32500
8586.12500
8593.95000
8601.82500
8613.07500
8793.65000
8806.50000
8818.50000
8827.17500
8835.97500
8844.15000
8852.05000
8860.12500
8867.97500
8875.77500
8883.55000
8891.37500
8899.22500
8907.12500
8921.52500
9093.47500
9105.90000
9117.92500
9126.65000
9135.90000
9144.10000
9151.97500
9159.75000
9167.52500
9175.27500
9183.05000
9190.87500
9198.70000
9206.60000
9221.40000
9389.85000
9404.50000
9417.52500
9426.30000
9435.75000
9443.95000
9451.80000
9459.57500
9467.30000
9475.05000
9482.82500
9490.62500
9498.45000
9506.35000
9521.42500
9688.37500
9703.90000
9715.02500
9724.70000
9734.00000
9742.12500
9749.92500
9757.65000
9765.37500
9773.10000
9780.85000
9788.62500
9796.45000
9804.30000
9814.45000
9988.50000
10003.37500
10012.75000
10022.72500
10030.85000
10039.52500
10047.37500
10055.12500
10062.82500
10070.55000
10078.27500
10086.05000
10093.85000
10101.70000
10113.02500
10288.80000
10303.57500
10312.35000
10321.75000
10329.87500
10338.55000
10346.42500
10354.17500
10361.87500
10369.60000
10377.32500
10385.10000
10392.87500
10400.72500
10408.67500
10588.47500
10603.42500
10612.30000
10621.57500
10629.70000
10637.85000
10645.77500
10653.52500
10661.22500
10668.92500
10676.65000
10684.42500
10692.20000
10700.02500
10707.92500
10721.82500
10888.82500
10902.75000
10912.35000
10922.02500
10930.15000
10938.35000
10946.20000
10953.90000
10961.60000
10969.30000
10977.02500
10984.77500
10992.57500
11000.40000
11008.27500
11022.25000
11189.07500
11202.70000
11211.85000
11221.35000
11229.45000
11237.25000
11245.05000
11252.72500
11260.40000
11268.07500
11275.77500
11283.52500
11291.30000
11299.12500
11307.00000
11321.45000
11480.70000
11493.60000
11504.65000
11513.27500
11522.12500
11530.17500
11537.95000
11545.62500
11553.30000
11560.97500
11568.65000
11576.35000
11584.07500
11591.85000
11599.67500
11607.55000
11621.60000
11780.72500
11793.37500
11804.32500
11812.90000
11821.95000
11830.05000
11837.82500
11845.50000
11853.17500
11860.82500
11868.50000
11876.20000
11883.95000
11891.72500
11899.52500
11907.40000
11921.55000
12080.90000
12094.57500
12105.60000
12114.00000
12123.07500
12130.97500
12138.70000
12146.35000
12153.97500
12161.62500
12169.30000
12177.00000
12184.75000
12192.52500
12200.32500
12208.20000
12222.00000
12380.75000
12394.05000
12405.05000
12413.50000
12422.37500
12430.30000
12438.00000
12445.65000
12453.27500
12460.92500
12468.57500
12476.27500
12484.00000
12491.77500
12499.57500
12507.45000
12521.57500
12680.77500
12695.80000
12705.62500
12714.12500
12722.90000
12730.80000
12738.47500
12746.12500
12753.75000
12761.40000
12769.05000
12776.75000
12784.47500
12792.25000
12800.07500
12807.92500
12821.80000
12981.15000
12993.72500
13005.25000
13013.75000
13021.92500
13030.02500
13037.72500
13045.37500
13053.00000
13060.62500
13068.27500
13075.97500
13083.70000
13091.45000
13099.27500
13107.12500
13121.47500
13281.02500
13293.32500
13305.12500
13313.62500
13321.72500
13329.62500
13337.30000
13344.90000
13352.50000
13360.12500
13367.77500
13375.45000
13383.17500
13390.92500
13398.75000
13406.60000
13421.42500
13576.70000
13589.97500
13599.07500
13608.47500
13616.52500
13624.82500
13632.52500
13640.17500
13647.77500
13655.37500
13663.00000
13670.67500
13678.35000
13686.10000
13693.85000
13701.67500
13713.00000
13875.72500
13889.65000
13898.57500
13908.15000
13916.17500
13924.12500
13931.80000
13939.42500
13947.00000
13954.62500
13962.25000
13969.90000
13977.57500
13985.30000
13993.07500
14000.87500
14008.85000
14176.45000
14189.87500
14198.67500
14207.82500
14215.80000
14223.52500
14231.15000
14238.75000
14246.35000
14253.95000
14261.55000
14269.20000
14276.87500
14284.60000
14292.35000
14300.17500
14308.02500
14321.82500
14475.22500
14489.40000
14498.15000
14507.60000
14515.55000
14523.27500
14530.90000
14538.47500
14546.07500
14553.65000
14561.27500
14568.90000
14576.57500
14584.30000
14592.05000
14599.87500
14607.72500
14621.67500
14775.00000
14789.37500
14798.22500
14807.87500
14815.77500
14823.45000
14831.05000
14838.62500
14846.20000
14853.80000
14861.40000
14869.02500
14876.70000
14884.42500
14892.17500
14900.00000
14907.85000
14921.70000

