$ Stimulation Interval(ms): 300
$ Delay(ms): 17.581766
$ Number of data : 593
$ TSTOP : 15000
$ PN stimulation current max : 0
$ LN stimulation current max : 15000
23.55000
33.40000
42.12500
50.27500
58.10000
65.72500
73.22500
80.70000
88.15000
95.57500
103.00000
110.47500
117.95000
125.47500
133.02500
140.62500
148.25000
155.95000
163.67500
171.47500
179.30000
187.20000
195.15000
203.17500
1100.22500
1388.50000
1404.72500
1685.20000
1701.62500
1973.10000
1989.37500
2003.05000
2263.17500
2278.72500
2292.25000
2304.17500
2558.35000
2573.00000
2588.15000
2598.10000
2608.97500
2856.92500
2872.80000
2888.42500
2897.92500
2908.07500
3144.50000
3160.72500
3174.12500
3189.47500
3198.70000
3208.47500
3442.70000
3458.70000
3474.02500
3483.25000
3493.42500
3502.27500
3734.77500
3750.80000
3763.52500
3775.20000
3784.35000
3794.00000
3802.82500
4028.50000
4044.95000
4059.47500
4069.15000
4080.30000
4089.60000
4099.10000
4107.57500
4328.55000
4345.12500
4359.57500
4368.82500
4378.62500
4387.35000
4396.35000
4404.90000
4620.65000
4636.07500
4648.97500
4660.80000
4669.90000
4679.20000
4687.87500
4696.27500
4704.80000
4919.80000
4936.40000
4948.82500
4961.07500
4970.07500
4979.52500
4988.00000
4996.30000
5004.55000
5214.72500
5230.92500
5245.32500
5254.67500
5264.25000
5272.87500
5281.92500
5290.40000
5298.67500
5306.92500
5514.32500
5530.70000
5545.27500
5554.32500
5563.97500
5572.60000
5581.17500
5589.62500
5597.92500
5606.15000
5806.50000
5821.67500
5833.67500
5846.22500
5855.22500
5864.72500
5873.35000
5881.60000
5889.90000
5898.10000
5906.30000
6106.72500
6122.07500
6133.77500
6145.02500
6154.37500
6163.82500
6172.27500
6180.45000
6188.60000
6196.75000
6204.90000
6402.05000
6417.02500
6431.05000
6441.17500
6451.35000
6459.77500
6469.47500
6477.70000
6485.85000
6493.95000
6502.10000
6516.00000
6700.77500
6716.55000
6731.05000
6740.40000
6749.90000
6758.42500
6766.97500
6775.32500
6783.50000
6791.62500
6799.77500
6807.95000
6992.97500
7008.00000
7020.35000
7032.02500
7040.90000
7050.25000
7058.75000
7066.97500
7075.32500
7083.47500
7091.60000
7099.72500
7107.87500
7292.90000
7307.67500
7319.82500
7332.00000
7340.92500
7350.17500
7358.67500
7366.82500
7374.90000
7382.95000
7391.02500
7399.10000
7407.25000
7592.65000
7608.02500
7619.90000
7632.37500
7641.30000
7650.65000
7658.85000
7666.90000
7674.95000
7682.97500
7691.02500
7699.10000
7707.22500
7891.95000
7904.97500
7917.75000
7927.15000
7937.10000
7945.42500
7954.92500
7963.07500
7971.10000
7979.10000
7987.12500
7995.17500
8003.27500
8022.52500
8188.22500
8203.12500
8217.05000
8226.62500
8235.85000
8244.25000
8252.90000
8261.05000
8269.07500
8277.10000
8285.12500
8293.17500
8301.25000
8309.65000
8487.25000
8502.67500
8516.70000
8526.22500
8535.60000
8543.90000
8552.10000
8560.30000
8568.32500
8576.32500
8584.32500
8592.37500
8600.45000
8608.57500
8786.57500
8802.75000
8816.60000
8825.62500
8835.10000
8843.57500
8851.62500
8860.10000
8868.12500
8876.12500
8884.12500
8892.17500
8900.25000
8908.37500
9079.50000
9093.95000
9105.55000
9117.27500
9126.27500
9135.52500
9144.00000
9152.05000
9160.02500
9167.97500
9175.92500
9183.90000
9191.92500
9199.97500
9208.07500
9378.77500
9393.70000
9405.52500
9417.50000
9426.45000
9435.70000
9444.02500
9452.02500
9459.97500
9467.90000
9475.85000
9483.82500
9491.82500
9499.87500
9507.97500
9677.70000
9691.22500
9703.57500
9714.47500
9724.15000
9732.77500
9741.17500
9749.12500
9757.10000
9765.00000
9772.92500
9780.85000
9788.85000
9796.87500
9804.95000
9822.77500
9977.82500
9990.92500
10002.90000
10012.55000
10021.92500
10030.12500
10039.00000
10047.02500
10054.92500
10062.80000
10070.70000
10078.62500
10086.60000
10094.62500
10102.67500
10278.45000
10291.40000
10303.65000
10312.65000
10321.77500
10330.12500
10338.67500
10346.67500
10354.60000
10362.50000
10370.40000
10378.32500
10386.30000
10394.30000
10402.35000
10414.77500
10578.20000
10590.80000
10603.20000
10612.10000
10621.17500
10629.50000
10637.47500
10645.55000
10653.45000
10661.32500
10669.20000
10677.12500
10685.07500
10693.07500
10701.12500
10709.37500
10873.75000
10888.95000
10902.25000
10911.65000
10920.97500
10929.30000
10937.32500
10945.37500
10953.27500
10961.15000
10969.02500
10976.92500
10984.90000
10992.87500
11000.92500
11009.12500
11172.80000
11188.50000
11201.90000
11211.15000
11220.62500
11228.97500
11236.87500
11244.70000
11252.52500
11260.37500
11268.22500
11276.12500
11284.07500
11292.05000
11300.10000
11308.17500
11473.30000
11488.92500
11502.35000
11511.35000
11520.85000
11529.22500
11537.12500
11544.95000
11552.77500
11560.60000
11568.47500
11576.37500
11584.30000
11592.30000
11600.32500
11608.42500
11772.62500
11788.77500
11802.27500
11811.35000
11820.72500
11828.90000
11836.75000
11844.57500
11852.37500
11860.20000
11868.05000
11875.95000
11883.87500
11891.87500
11899.90000
11907.97500
12065.82500
12080.25000
12092.17500
12103.77500
12112.57500
12121.30000
12129.32500
12137.17500
12145.00000
12152.80000
12160.62500
12168.47500
12176.37500
12184.30000
12192.27500
12200.30000
12208.40000
12365.65000
12380.10000
12391.72500
12400.90000
12410.30000
12418.35000
12427.02500
12434.92500
12442.72500
12450.52500
12458.32500
12466.17500
12474.05000
12481.95000
12489.92500
12497.92500
12506.00000
12665.15000
12680.12500
12691.10000
12699.90000
12709.45000
12717.50000
12726.30000
12734.17500
12741.97500
12749.77500
12757.57500
12765.40000
12773.27500
12781.17500
12789.12500
12797.15000
12805.20000
12822.47500
12965.20000
12980.60000
12992.05000
13003.75000
13012.65000
13020.55000
13029.12500
13036.97500
13044.77500
13052.55000
13060.37500
13068.20000
13076.10000
13084.02500
13092.00000
13100.02500
13108.10000
13266.42500
13280.72500
13292.22500
13304.27500
13313.07500
13320.97500
13328.95000
13336.72500
13344.50000
13352.27500
13360.07500
13367.90000
13375.77500
13383.70000
13391.67500
13399.70000
13407.77500
13565.60000
13580.32500
13590.90000
13599.47500
13608.40000
13616.40000
13624.72500
13632.52500
13640.30000
13648.05000
13655.85000
13663.65000
13671.50000
13679.40000
13687.32500
13695.32500
13703.37500
13722.02500
13866.32500
13880.70000
13890.75000
13899.35000
13908.17500
13916.27500
13924.12500
13931.90000
13939.65000
13947.42500
13955.20000
13963.00000
13970.85000
13978.72500
13986.67500
13994.65000
14002.70000
14165.65000
14179.25000
14189.95000
14198.52500
14207.47500
14215.57500
14223.40000
14231.15000
14238.90000
14246.65000
14254.40000
14262.20000
14270.05000
14277.92500
14285.85000
14293.82500
14301.85000
14311.05000
14465.30000
14478.60000
14489.55000
14498.22500
14507.37500
14515.45000
14523.25000
14531.00000
14538.75000
14546.47500
14554.25000
14562.05000
14569.87500
14577.75000
14585.67500
14593.67500
14601.70000
14610.40000
14760.15000
14774.97500
14784.30000
14794.32500
14802.72500
14811.30000
14819.17500
14826.92500
14834.65000
14842.35000
14850.10000
14857.87500
14865.67500
14873.52500
14881.42500
14889.37500
14897.37500
14905.42500
14922.50000

