$ Stimulation Interval(ms): 300
$ Delay(ms): 227.212768
$ Number of data : 653
$ TSTOP : 15000
$ PN stimulation current max : 0
$ LN stimulation current max : 15000
232.00000
244.95000
257.90000
270.87500
283.95000
297.15000
310.52500
324.07500
337.80000
351.72500
365.82500
380.15000
394.72500
409.57500
424.70000
440.15000
455.80000
471.80000
488.25000
505.40000
534.25000
547.15000
560.20000
573.25000
586.42500
599.77500
613.27500
626.97500
640.85000
654.92500
669.20000
683.72500
698.52500
713.62500
729.00000
744.62500
760.55000
776.90000
793.90000
834.65000
847.57500
860.67500
873.75000
887.00000
900.40000
913.97500
927.72500
941.67500
955.85000
970.25000
984.90000
999.82500
1015.07500
1030.57500
1046.27500
1062.37500
1079.12500
1134.75000
1147.72500
1160.87500
1174.00000
1187.30000
1200.75000
1214.40000
1228.22500
1242.25000
1256.50000
1271.00000
1285.77500
1300.85000
1316.22500
1331.82500
1347.72500
1364.10000
1381.15000
1434.77500
1447.80000
1460.97500
1474.15000
1487.50000
1501.00000
1514.70000
1528.60000
1542.70000
1557.02500
1571.62500
1586.50000
1601.70000
1617.15000
1632.82500
1648.87500
1665.57500
1734.80000
1747.85000
1761.07500
1774.30000
1787.67500
1801.22500
1814.97500
1828.92500
1843.07500
1857.47500
1872.15000
1887.12500
1902.42500
1917.92500
1933.67500
1949.87500
1966.85000
2034.82500
2047.92500
2061.17500
2074.42500
2087.85000
2101.45000
2115.22500
2129.22500
2143.47500
2157.95000
2172.70000
2187.77500
2203.12500
2218.70000
2234.57500
2250.95000
2268.30000
2334.85000
2347.97500
2361.27500
2374.55000
2388.00000
2401.65000
2415.50000
2429.55000
2443.85000
2458.40000
2473.25000
2488.40000
2503.80000
2519.42500
2535.42500
2551.92500
2634.87500
2648.02500
2661.35000
2674.65000
2688.15000
2701.85000
2715.72500
2729.85000
2744.20000
2758.80000
2773.72500
2788.97500
2804.40000
2820.15000
2836.27500
2852.90000
2934.90000
2948.07500
2961.42500
2974.77500
2988.30000
3002.02500
3015.95000
3030.12500
3044.52500
3059.20000
3074.20000
3089.50000
3105.05000
3120.85000
3137.05000
3153.87500
3234.92500
3248.12500
3261.50000
3274.87500
3288.45000
3302.22500
3316.20000
3330.40000
3344.87500
3359.62500
3374.70000
3390.00000
3405.52500
3421.37500
3437.62500
3454.72500
3534.95000
3548.17500
3561.57500
3575.00000
3588.60000
3602.40000
3616.42500
3630.67500
3645.20000
3660.00000
3675.17500
3690.52500
3706.20000
3722.22500
3738.75000
3834.97500
3848.22500
3861.65000
3875.07500
3888.72500
3902.55000
3916.62500
3930.92500
3945.50000
3960.37500
3975.60000
3991.05000
4006.80000
4022.87500
4039.50000
4134.97500
4148.25000
4161.72500
4175.17500
4188.85000
4202.72500
4216.82500
4231.17500
4245.80000
4260.75000
4276.02500
4291.50000
4307.30000
4323.50000
4340.32500
4435.00000
4448.30000
4461.80000
4475.27500
4488.97500
4502.87500
4517.02500
4531.42500
4546.10000
4561.12500
4576.45000
4592.02500
4607.90000
4624.25000
4642.22500
4735.02500
4748.35000
4761.85000
4775.37500
4789.10000
4803.05000
4817.22500
4831.67500
4846.40000
4861.50000
4876.80000
4892.42500
4908.35000
4924.77500
5035.02500
5048.37500
5061.92500
5075.45000
5089.22500
5103.20000
5117.40000
5131.90000
5146.67500
5161.82500
5177.17500
5192.80000
5208.80000
5225.30000
5335.05000
5348.42500
5361.97500
5375.55000
5389.32500
5403.35000
5417.60000
5432.12500
5446.97500
5462.17500
5477.65000
5493.30000
5509.35000
5525.92500
5635.05000
5648.45000
5662.05000
5675.62500
5689.45000
5703.47500
5717.77500
5732.35000
5747.25000
5762.52500
5778.00000
5793.75000
5809.97500
5826.70000
5935.07500
5948.50000
5962.10000
5975.70000
5989.55000
6003.62500
6017.95000
6032.57500
6047.52500
6062.85000
6078.40000
6094.20000
6110.47500
6127.90000
6235.10000
6248.52500
6262.17500
6275.80000
6289.67500
6303.77500
6318.15000
6332.80000
6347.82500
6363.17500
6378.80000
6394.65000
6411.05000
6535.10000
6548.55000
6562.22500
6575.87500
6589.77500
6603.90000
6618.30000
6633.02500
6648.10000
6663.47500
6679.07500
6695.02500
6711.60000
6835.12500
6848.60000
6862.27500
6875.95000
6889.87500
6904.02500
6918.47500
6933.22500
6948.35000
6963.72500
6979.35000
6995.27500
7011.67500
7135.12500
7148.62500
7162.32500
7176.00000
7189.97500
7204.17500
7218.65000
7233.45000
7248.62500
7264.10000
7279.77500
7295.82500
7312.47500
7435.15000
7448.65000
7462.37500
7476.07500
7490.07500
7504.30000
7518.80000
7533.65000
7548.90000
7564.42500
7580.15000
7596.45000
7613.55000
7735.15000
7748.70000
7762.42500
7776.15000
7790.17500
7804.42500
7818.97500
7833.87500
7849.17500
7864.70000
7880.52500
7896.70000
7914.25000
8035.17500
8048.72500
8062.47500
8076.22500
8090.27500
8104.55000
8119.15000
8134.07500
8149.45000
8165.02500
8180.87500
8197.17500
8335.17500
8348.75000
8362.52500
8376.30000
8390.35000
8404.67500
8419.30000
8434.27500
8449.67500
8465.17500
8481.15000
8497.60000
8635.20000
8648.77500
8662.57500
8676.37500
8690.45000
8704.80000
8719.45000
8734.47500
8749.87500
8765.45000
8781.45000
8797.87500
8935.20000
8948.80000
8962.62500
8976.42500
8990.55000
9004.92500
9019.60000
9034.70000
9050.10000
9065.72500
9081.72500
9098.27500
9235.20000
9248.82500
9262.67500
9276.50000
9290.62500
9305.02500
9319.75000
9334.90000
9350.35000
9366.00000
9382.00000
9399.07500
9535.22500
9548.85000
9562.72500
9576.55000
9590.72500
9605.15000
9619.92500
9635.10000
9650.62500
9666.32500
9682.40000
9699.47500
9835.22500
9848.90000
9862.75000
9876.62500
9890.80000
9905.27500
9920.07500
9935.32500
9950.85000
9966.57500
9982.67500
10135.25000
10148.90000
10162.80000
10176.67500
10190.90000
10205.37500
10220.22500
10235.52500
10251.02500
10266.82500
10283.02500
10435.25000
10448.92500
10462.85000
10476.75000
10490.97500
10505.50000
10520.37500
10535.70000
10551.17500
10566.97500
10583.25000
10735.25000
10748.95000
10762.87500
10776.80000
10791.05000
10805.60000
10820.50000
10835.90000
10851.37500
10867.27500
10883.60000
11035.27500
11048.97500
11062.92500
11076.85000
11091.12500
11105.70000
11120.65000
11136.02500
11151.50000
11167.42500
11183.95000
11335.27500
11349.00000
11362.97500
11376.92500
11391.20000
11405.82500
11420.80000
11436.25000
11451.75000
11467.72500
11484.55000
11635.27500
11649.02500
11663.00000
11676.97500
11691.30000
11705.92500
11720.95000
11736.42500
11752.00000
11767.92500
11784.67500
11935.30000
11949.05000
11963.05000
11977.02500
11991.37500
12006.02500
12021.10000
12036.60000
12052.20000
12068.22500
12085.35000
12235.30000
12249.07500
12263.10000
12277.07500
12291.45000
12306.15000
12321.25000
12336.65000
12352.32500
12368.47500
12385.55000
12535.30000
12549.10000
12563.12500
12577.15000
12591.52500
12606.25000
12621.40000
12636.90000
12652.62500
12668.70000
12835.32500
12849.12500
12863.17500
12877.20000
12891.60000
12906.35000
12921.55000
12937.02500
12952.82500
12969.10000
13135.32500
13149.15000
13163.20000
13177.25000
13191.67500
13206.45000
13221.67500
13237.17500
13253.00000
13269.45000
13435.32500
13449.17500
13463.22500
13477.30000
13491.75000
13506.55000
13521.82500
13537.25000
13553.12500
13569.57500
13735.35000
13749.17500
13763.27500
13777.35000
13791.82500
13806.65000
13821.95000
13837.40000
13853.32500
13869.97500
14035.35000
14049.20000
14063.30000
14077.40000
14091.90000
14106.75000
14122.10000
14137.55000
14153.47500
14169.97500
14335.35000
14349.22500
14363.35000
14377.45000
14391.95000
14406.85000
14422.22500
14437.65000
14453.62500
14470.62500
14635.37500
14649.25000
14663.37500
14677.47500
14692.02500
14706.95000
14722.35000
14737.80000
14753.87500
14935.37500
14949.27500
14963.40000
14977.52500
14992.10000

