$ Stimulation Interval(ms): 300
$ Delay(ms): 31.724716
$ Number of data : 600
$ TSTOP : 15000
$ PN stimulation current max : 0
$ LN stimulation current max : 15000
37.62500
47.42500
56.12500
64.27500
72.10000
79.70000
87.22500
94.67500
102.12500
109.55000
116.97500
124.45000
131.92500
139.45000
147.00000
154.57500
162.22500
169.90000
177.65000
185.42500
193.27500
201.17500
211.02500
1106.05000
1391.75000
1407.60000
1677.82500
1700.70000
1977.07500
1992.62500
2006.70000
2263.30000
2280.12500
2293.32500
2304.32500
2320.80000
2562.42500
2578.62500
2592.02500
2604.12500
2619.52500
2849.52500
2865.22500
2878.97500
2889.87500
2899.00000
2908.65000
3148.80000
3165.52500
3178.45000
3189.80000
3198.75000
3208.05000
3448.47500
3463.35000
3474.82500
3483.92500
3493.37500
3502.05000
3516.00000
3735.15000
3751.12500
3764.15000
3775.35000
3784.30000
3793.67500
3802.25000
3813.37500
4035.07500
4051.02500
4063.62500
4075.25000
4084.20000
4093.50000
4102.05000
4112.75000
4334.30000
4349.15000
4360.65000
4369.85000
4379.10000
4387.62500
4396.50000
4404.87500
4415.90000
4631.07500
4646.92500
4659.62500
4668.75000
4678.37500
4686.95000
4695.25000
4703.70000
4714.15000
4921.00000
4937.15000
4950.12500
4961.27500
4970.05000
4979.45000
4987.82500
4996.00000
5004.17500
5014.52500
5221.02500
5236.47500
5249.22500
5261.20000
5270.07500
5278.97500
5287.45000
5295.62500
5303.75000
5313.97500
5520.42500
5534.52500
5546.32500
5555.20000
5564.30000
5572.75000
5581.12500
5589.40000
5597.55000
5605.67500
5618.55000
5817.07500
5832.67500
5845.30000
5854.37500
5864.02500
5872.52500
5880.67500
5888.87500
5896.97500
5905.07500
5915.62500
6116.40000
6131.85000
6142.45000
6152.50000
6162.52500
6171.00000
6179.12500
6187.32500
6195.42500
6203.50000
6213.70000
6408.20000
6423.20000
6435.32500
6446.85000
6455.75000
6464.72500
6473.00000
6481.10000
6489.12500
6497.15000
6505.20000
6515.77500
6707.42500
6722.65000
6734.17500
6746.70000
6755.42500
6763.57500
6772.17500
6780.20000
6788.17500
6796.17500
6804.20000
6814.32500
7005.85000
7020.12500
7031.67500
7040.47500
7049.57500
7057.97500
7066.02500
7074.32500
7082.35000
7090.35000
7098.35000
7106.40000
7119.97500
7304.32500
7319.27500
7331.35000
7340.22500
7349.80000
7358.12500
7366.15000
7374.10000
7382.05000
7390.00000
7398.00000
7406.02500
7419.15000
7603.97500
7618.32500
7631.10000
7640.22500
7650.00000
7658.12500
7666.17500
7674.17500
7682.12500
7690.10000
7698.07500
7706.10000
7719.47500
7894.80000
7909.25000
7921.72500
7932.75000
7941.47500
7950.60000
7958.77500
7966.75000
7974.67500
7982.60000
7990.55000
7998.52500
8006.52500
8020.00000
8194.50000
8209.37500
8221.02500
8232.47500
8241.25000
8249.42500
8257.75000
8265.72500
8273.62500
8281.55000
8289.47500
8297.42500
8305.42500
8316.02500
8493.30000
8508.45000
8519.52500
8528.22500
8537.45000
8545.55000
8554.22500
8562.17500
8570.07500
8577.95000
8585.85000
8593.80000
8601.75000
8611.10000
8792.65000
8806.77500
8817.82500
8826.52500
8835.47500
8843.72500
8851.67500
8859.77500
8867.67500
8875.55000
8883.45000
8891.37500
8899.32500
8907.32500
8920.50000
9091.67500
9105.62500
9117.15000
9126.02500
9135.25000
9143.55000
9151.50000
9159.40000
9167.25000
9175.10000
9183.00000
9190.90000
9198.85000
9206.85000
9220.15000
9391.47500
9405.55000
9417.12500
9425.95000
9435.25000
9443.52500
9451.42500
9459.25000
9467.10000
9474.92500
9482.80000
9490.70000
9498.65000
9506.62500
9520.02500
9689.25000
9704.00000
9714.15000
9723.92500
9732.52500
9741.10000
9749.05000
9756.97500
9764.80000
9772.62500
9780.47500
9788.37500
9796.30000
9804.27500
9814.27500
9989.47500
10002.72500
10012.22500
10022.70000
10030.82500
10039.90000
10047.85000
10055.67500
10063.50000
10071.30000
10079.15000
10087.02500
10094.95000
10102.90000
10113.05000
10289.60000
10303.87500
10312.65000
10322.02500
10330.17500
10338.87500
10346.82500
10354.65000
10362.45000
10370.25000
10378.07500
10385.95000
10393.85000
10401.80000
10411.10000
10580.17500
10595.27500
10607.10000
10618.45000
10627.15000
10635.07500
10643.25000
10651.07500
10658.87500
10666.65000
10674.47500
10682.32500
10690.20000
10698.12500
10706.10000
10718.52500
10879.60000
10894.60000
10906.05000
10914.85000
10924.32500
10932.37500
10940.67500
10948.55000
10956.32500
10964.12500
10971.92500
10979.75000
10987.60000
10995.52500
11003.47500
11013.57500
11179.37500
11193.40000
11203.90000
11212.55000
11221.57500
11229.70000
11237.55000
11245.40000
11253.15000
11260.90000
11268.70000
11276.50000
11284.32500
11292.22500
11300.15000
11308.12500
11320.95000
11479.27500
11492.95000
11503.72500
11512.42500
11521.60000
11529.75000
11537.57500
11545.35000
11553.07500
11560.82500
11568.60000
11576.40000
11584.25000
11592.12500
11600.05000
11608.02500
11620.87500
11778.92500
11792.27500
11803.55000
11812.25000
11821.50000
11829.65000
11837.45000
11845.20000
11852.95000
11860.70000
11868.45000
11876.25000
11884.10000
11891.97500
11899.90000
11907.87500
11920.77500
12078.67500
12092.22500
12103.30000
12112.07500
12121.27500
12129.32500
12137.15000
12144.87500
12152.60000
12160.35000
12168.10000
12175.90000
12183.72500
12191.60000
12199.52500
12207.50000
12220.55000
12378.70000
12392.37500
12402.70000
12411.80000
12419.85000
12428.07500
12435.90000
12443.65000
12451.37500
12459.12500
12466.87500
12474.65000
12482.47500
12490.35000
12498.25000
12506.22500
12518.97500
12678.65000
12690.60000
12699.47500
12709.42500
12717.45000
12726.30000
12734.12500
12741.85000
12749.57500
12757.27500
12765.02500
12772.80000
12780.60000
12788.45000
12796.35000
12804.30000
12814.27500
12979.22500
12991.85000
13000.77500
13010.32500
13018.27500
13026.85000
13034.62500
13042.32500
13050.02500
13057.72500
13065.47500
13073.25000
13081.05000
13088.90000
13096.80000
13104.75000
13114.80000
13277.15000
13291.12500
13299.62500
13308.35000
13316.35000
13324.45000
13332.20000
13339.90000
13347.60000
13355.30000
13363.02500
13370.77500
13378.57500
13386.40000
13394.30000
13402.22500
13411.95000
13576.52500
13588.65000
13598.02500
13607.77500
13615.82500
13624.37500
13632.17500
13639.87500
13647.55000
13655.25000
13662.97500
13670.72500
13678.52500
13686.35000
13694.22500
13702.15000
13711.82500
13868.45000
13881.40000
13892.65000
13901.05000
13909.45000
13917.35000
13925.25000
13932.92500
13940.60000
13948.27500
13955.95000
13963.67500
13971.42500
13979.20000
13987.02500
13994.92500
14002.85000
14012.92500
14168.47500
14181.27500
14192.15000
14200.55000
14208.92500
14216.80000
14224.52500
14232.20000
14239.85000
14247.52500
14255.20000
14262.90000
14270.65000
14278.42500
14286.25000
14294.12500
14302.05000
14311.50000
14467.05000
14480.92500
14491.25000
14499.55000
14507.97500
14515.87500
14523.57500
14531.25000
14538.90000
14546.55000
14554.22500
14561.92500
14569.65000
14577.42500
14585.25000
14593.12500
14601.02500
14609.15000
14621.62500
14766.72500
14780.50000
14791.02500
14799.42500
14808.80000
14816.72500
14824.45000
14832.10000
14839.75000
14847.40000
14855.07500
14862.77500
14870.52500
14878.30000
14886.12500
14894.00000
14901.92500
14911.12500

