$ Stimulation Interval(ms): 300
$ Delay(ms): 209.047750
$ Number of data : 578
$ TSTOP : 15000
$ PN stimulation current max : 0
$ LN stimulation current max : 15000
213.75000
226.60000
239.45000
252.40000
265.47500
278.70000
292.07500
305.65000
319.40000
333.32500
347.47500
361.85000
376.45000
391.35000
406.52500
422.05000
437.97500
454.30000
471.20000
488.35000
516.00000
528.85000
541.75000
554.77500
567.95000
581.27500
594.80000
608.47500
622.35000
636.45000
650.75000
665.30000
680.15000
695.30000
710.82500
726.75000
743.15000
759.97500
816.55000
829.37500
842.32500
855.40000
868.65000
882.07500
895.67500
909.45000
923.42500
937.62500
952.05000
966.75000
981.75000
997.10000
1012.80000
1028.97500
1045.50000
1062.75000
1116.57500
1129.42500
1142.42500
1155.55000
1168.85000
1182.30000
1195.95000
1209.80000
1223.85000
1238.15000
1252.67500
1267.50000
1282.62500
1298.12500
1314.07500
1330.35000
1347.15000
1416.60000
1429.47500
1442.52500
1455.67500
1469.02500
1482.55000
1496.25000
1510.17500
1524.30000
1538.65000
1553.27500
1568.20000
1583.47500
1599.15000
1615.35000
1631.80000
1649.07500
1716.65000
1729.55000
1742.62500
1755.82500
1769.22500
1782.80000
1796.55000
1810.52500
1824.72500
1839.15000
1853.87500
1868.90000
1884.30000
1900.17500
1916.55000
1933.10000
2016.65000
2029.57500
2042.67500
2055.92500
2069.35000
2082.95000
2096.77500
2110.80000
2125.05000
2139.55000
2154.35000
2169.50000
2185.05000
2201.15000
2217.42500
2234.40000
2316.62500
2329.57500
2342.72500
2356.00000
2369.45000
2383.12500
2396.97500
2411.05000
2425.35000
2439.95000
2454.85000
2470.10000
2485.80000
2502.12500
2518.52500
2616.65000
2629.62500
2642.80000
2656.10000
2669.60000
2683.30000
2697.20000
2711.32500
2725.70000
2740.35000
2755.32500
2770.70000
2786.60000
2803.25000
2819.85000
2916.67500
2929.70000
2942.87500
2956.22500
2969.75000
2983.47500
2997.42500
3011.60000
3026.05000
3040.75000
3055.82500
3071.32500
3087.42500
3103.97500
3120.92500
3216.70000
3229.72500
3242.95000
3256.30000
3269.87500
3283.65000
3297.65000
3311.87500
3326.35000
3341.15000
3356.32500
3371.95000
3388.30000
3404.95000
3422.27500
3516.72500
3529.77500
3543.02500
3556.42500
3570.02500
3583.82500
3597.87500
3612.15000
3626.70000
3641.55000
3656.82500
3672.60000
3689.32500
3705.85000
3816.72500
3829.80000
3843.07500
3856.50000
3870.12500
3883.97500
3898.05000
3912.37500
3926.97500
3941.92500
3957.27500
3973.22500
3990.40000
4006.87500
4116.72500
4129.82500
4143.12500
4156.57500
4170.25000
4184.12500
4198.22500
4212.60000
4227.27500
4242.27500
4257.75000
4273.92500
4290.65000
4307.47500
4416.75000
4429.87500
4443.20000
4456.65000
4470.35000
4484.27500
4498.42500
4512.85000
4527.57500
4542.65000
4558.25000
4574.67500
4591.52500
4608.27500
4716.77500
4729.90000
4743.25000
4756.75000
4770.47500
4784.42500
4798.62500
4813.07500
4827.87500
4843.05000
4858.75000
4875.75000
4892.20000
4909.65000
5016.77500
5029.95000
5043.30000
5056.82500
5070.60000
5084.57500
5098.80000
5113.32500
5128.17500
5143.42500
5159.30000
5316.80000
5329.97500
5343.35000
5356.90000
5370.67500
5384.70000
5398.95000
5413.50000
5428.40000
5443.72500
5459.75000
5616.80000
5630.00000
5643.40000
5656.95000
5670.77500
5684.80000
5699.10000
5713.67500
5728.62500
5744.05000
5760.25000
5916.82500
5930.02500
5943.45000
5957.02500
5970.85000
5984.92500
5999.25000
6013.87500
6028.87500
6044.35000
6060.85000
6077.72500
6094.35000
6216.82500
6230.05000
6243.50000
6257.10000
6270.95000
6285.05000
6299.42500
6314.10000
6329.15000
6344.75000
6361.95000
6378.55000
6395.70000
6516.85000
6530.10000
6543.55000
6557.17500
6571.05000
6585.17500
6599.60000
6614.32500
6629.45000
6645.15000
6816.85000
6830.12500
6843.57500
6857.22500
6871.12500
6885.27500
6899.72500
6914.47500
6929.65000
6945.47500
7116.85000
7130.12500
7143.62500
7157.27500
7171.20000
7185.37500
7199.85000
7214.65000
7229.87500
7245.82500
7416.87500
7430.15000
7443.65000
7457.32500
7471.27500
7485.47500
7499.97500
7514.80000
7530.10000
7546.20000
7716.87500
7730.17500
7743.70000
7757.37500
7771.35000
7785.57500
7800.10000
7814.97500
7830.32500
7846.60000
7863.70000
7880.50000
8016.90000
8030.20000
8043.75000
8057.45000
8071.45000
8085.70000
8100.25000
8115.17500
8130.62500
8147.30000
8164.22500
8181.10000
8316.90000
8330.25000
8343.80000
8357.52500
8371.55000
8385.82500
8400.42500
8415.40000
8430.92500
8616.90000
8630.25000
8643.82500
8657.55000
8671.60000
8685.90000
8700.52500
8715.55000
8731.12500
8916.92500
8930.27500
8943.85000
8957.60000
8971.67500
8986.00000
9000.65000
9015.70000
9031.35000
9216.92500
9230.30000
9243.87500
9257.65000
9271.72500
9286.07500
9300.75000
9315.85000
9331.60000
9516.92500
9530.32500
9543.92500
9557.70000
9571.80000
9586.17500
9600.87500
9616.00000
9631.82500
9816.95000
9830.32500
9843.95000
9857.75000
9871.85000
9886.25000
9900.97500
9916.15000
9932.07500
10116.95000
10130.35000
10143.97500
10157.77500
10171.92500
10186.35000
10201.10000
10216.32500
10232.35000
10416.95000
10430.37500
10444.00000
10457.82500
10471.97500
10486.42500
10501.22500
10516.47500
10532.67500
10550.05000
10566.52500
10584.12500
10716.97500
10730.40000
10744.05000
10757.90000
10772.07500
10786.55000
10801.37500
10816.72500
10833.22500
10849.92500
10866.90000
11016.97500
11030.42500
11044.10000
11057.95000
11072.15000
11086.65000
11101.52500
11116.92500
11316.97500
11330.42500
11344.12500
11358.00000
11372.20000
11386.72500
11401.62500
11417.07500
11617.00000
11630.45000
11644.15000
11658.02500
11672.25000
11686.80000
11701.72500
11717.22500
11734.30000
11751.17500
11767.60000
11917.00000
11930.47500
11944.17500
11958.07500
11972.35000
11986.92500
12001.90000
12017.47500
12217.00000
12230.50000
12244.20000
12258.12500
12272.40000
12287.00000
12302.00000
12317.62500
12334.82500
12517.00000
12530.50000
12544.22500
12558.17500
12572.45000
12587.07500
12602.12500
12617.82500
12634.32500
12817.02500
12830.52500
12844.27500
12858.20000
12872.52500
12887.15000
12902.22500
12918.02500
12934.82500
13117.02500
13130.55000
13144.30000
13158.25000
13172.57500
13187.25000
13202.35000
13218.25000
13417.02500
13430.55000
13444.32500
13458.27500
13472.62500
13487.32500
13502.47500
13518.45000
13717.05000
13730.57500
13744.35000
13758.32500
13772.67500
13787.40000
13802.57500
13818.67500
14017.05000
14030.57500
14044.37500
14058.35000
14072.75000
14087.47500
14102.67500
14118.92500
14317.05000
14330.60000
14344.40000
14358.40000
14372.80000
14387.55000
14402.80000
14419.22500
14617.05000
14630.62500
14644.42500
14658.42500
14672.85000
14687.62500
14702.90000
14719.65000
14736.37500
14917.05000
14930.62500
14944.45000
14958.47500
14972.90000
14987.70000

