$ Stimulation Interval(ms): 300
$ Delay(ms): 42.015754
$ Number of data : 613
$ TSTOP : 15000
$ PN stimulation current max : 0
$ LN stimulation current max : 15000
47.85000
57.65000
66.35000
74.47500
82.30000
89.90000
97.42500
104.90000
112.32500
119.75000
127.17500
134.65000
142.12500
149.65000
157.20000
164.77500
172.42500
180.10000
187.85000
195.62500
203.47500
217.57500
804.60000
1090.07500
1106.55000
1376.45000
1391.92500
1406.75000
1675.77500
1692.15000
1706.87500
1961.95000
1977.72500
1992.82500
2007.62500
2249.05000
2264.50000
2278.67500
2292.77500
2304.07500
2548.37500
2563.37500
2578.77500
2593.10000
2604.55000
2847.85000
2864.02500
2878.42500
2889.77500
2898.75000
2916.02500
3135.32500
3149.52500
3164.60000
3178.72500
3190.10000
3199.07500
3209.25000
3434.10000
3449.42500
3463.67500
3475.32500
3484.52500
3496.17500
3504.77500
3733.70000
3749.92500
3763.95000
3775.00000
3783.92500
3793.50000
3802.02500
3820.87500
4019.87500
4035.20000
4050.07500
4064.45000
4075.60000
4084.60000
4093.95000
4102.57500
4114.45000
4320.72500
4335.60000
4350.10000
4363.60000
4375.32500
4384.42500
4392.95000
4401.80000
4412.77500
4619.82500
4635.70000
4649.57500
4660.77500
4669.60000
4678.90000
4687.37500
4695.70000
4704.05000
4720.87500
4920.20000
4936.27500
4950.20000
4961.30000
4970.12500
4979.87500
4988.25000
4996.52500
5004.62500
5020.75000
5206.50000
5221.22500
5235.82500
5249.55000
5260.97500
5270.05000
5279.02500
5287.55000
5295.70000
5303.75000
5506.40000
5521.45000
5535.65000
5547.57500
5556.55000
5566.82500
5575.12500
5585.30000
5593.42500
5601.47500
5610.47500
5806.40000
5821.67500
5835.27500
5846.65000
5855.40000
5864.87500
5873.25000
5881.60000
5889.75000
5897.80000
5905.82500
5920.87500
6106.05000
6121.90000
6135.87500
6145.87500
6154.95000
6165.32500
6173.57500
6181.85000
6189.85000
6197.85000
6205.82500
6220.85000
6406.00000
6421.77500
6434.47500
6445.87500
6455.22500
6464.42500
6472.97500
6481.05000
6489.02500
6497.00000
6504.97500
6520.62500
6701.17500
6716.60000
6729.10000
6738.87500
6748.77500
6757.20000
6765.90000
6774.22500
6782.25000
6790.20000
6798.15000
6806.10000
6820.90000
6992.57500
7007.10000
7020.82500
7032.02500
7040.70000
7049.70000
7058.07500
7066.12500
7074.52500
7082.52500
7090.45000
7098.40000
7106.35000
7120.97500
7293.02500
7307.77500
7321.12500
7332.20000
7340.95000
7350.37500
7358.72500
7366.90000
7374.80000
7382.67500
7390.57500
7398.47500
7406.42500
7420.95000
7593.37500
7608.10000
7621.65000
7632.97500
7641.65000
7651.67500
7659.77500
7668.00000
7675.90000
7683.75000
7691.62500
7699.55000
7707.47500
7723.02500
7892.67500
7908.10000
7921.72500
7932.77500
7941.57500
7950.72500
7959.07500
7967.05000
7974.92500
7982.77500
7990.65000
7998.55000
8006.50000
8020.97500
8192.30000
8208.00000
8220.27500
8231.30000
8240.70000
8248.85000
8257.72500
8265.70000
8273.57500
8281.42500
8289.30000
8297.17500
8305.10000
8320.57500
8492.20000
8506.72500
8517.97500
8526.92500
8536.50000
8544.65000
8553.52500
8561.55000
8569.42500
8577.27500
8585.10000
8592.97500
8600.87500
8608.97500
8792.42500
8806.12500
8817.25000
8826.00000
8834.92500
8843.20000
8851.10000
8859.37500
8867.25000
8875.05000
8882.87500
8890.72500
8898.60000
8906.52500
8920.95000
9086.57500
9103.07500
9114.45000
9124.47500
9133.97500
9142.52500
9150.42500
9158.27500
9166.02500
9173.80000
9181.60000
9189.42500
9197.27500
9205.17500
9220.57500
9387.27500
9403.17500
9414.30000
9424.57500
9434.07500
9442.70000
9450.57500
9458.35000
9466.10000
9473.85000
9481.65000
9489.47500
9497.32500
9505.22500
9520.57500
9686.50000
9702.72500
9712.50000
9723.10000
9731.15000
9740.12500
9748.00000
9755.77500
9763.50000
9771.25000
9779.02500
9786.82500
9794.67500
9802.55000
9813.02500
9980.20000
9994.20000
10009.35000
10019.90000
10028.30000
10038.35000
10046.30000
10054.10000
10061.85000
10069.60000
10077.37500
10085.17500
10093.00000
10100.87500
10108.92500
10280.17500
10294.47500
10308.07500
10318.87500
10327.77500
10336.02500
10344.30000
10352.17500
10359.95000
10367.70000
10375.47500
10383.25000
10391.07500
10398.95000
10406.85000
10421.07500
10579.75000
10594.40000
10607.27500
10618.55000
10627.37500
10635.37500
10643.90000
10651.70000
10659.45000
10667.17500
10674.92500
10682.70000
10690.50000
10698.37500
10706.25000
10720.80000
10879.82500
10894.15000
10906.05000
10914.77500
10924.70000
10932.72500
10941.07500
10948.87500
10956.60000
10964.32500
10972.05000
10979.80000
10987.60000
10995.42500
11003.30000
11014.07500
11178.97500
11193.10000
11203.77500
11212.40000
11221.80000
11229.85000
11237.77500
11245.57500
11253.27500
11260.97500
11268.67500
11276.42500
11284.17500
11292.00000
11299.85000
11307.75000
11321.92500
11479.05000
11492.87500
11503.35000
11512.07500
11521.17500
11529.30000
11537.05000
11544.75000
11552.40000
11560.07500
11567.77500
11575.50000
11583.25000
11591.05000
11598.87500
11606.77500
11620.97500
11778.90000
11792.70000
11803.07500
11811.95000
11820.80000
11829.00000
11836.75000
11844.42500
11852.07500
11859.75000
11867.42500
11875.15000
11882.90000
11890.70000
11898.55000
11906.42500
11920.82500
12079.00000
12093.72500
12104.37500
12113.00000
12122.42500
12130.40000
12138.15000
12145.85000
12153.52500
12161.20000
12168.90000
12176.62500
12184.40000
12192.20000
12200.05000
12207.95000
12222.77500
12375.90000
12389.27500
12398.52500
12409.85000
12417.87500
12426.80000
12434.62500
12442.42500
12450.10000
12457.75000
12465.45000
12473.15000
12480.90000
12488.67500
12496.50000
12504.37500
12517.77500
12679.42500
12695.40000
12705.22500
12713.82500
12723.90000
12731.82500
12739.55000
12747.20000
12754.87500
12762.55000
12770.25000
12777.97500
12785.75000
12793.55000
12801.42500
12809.80000
12979.92500
12994.55000
13005.02500
13013.72500
13021.87500
13030.30000
13038.10000
13045.77500
13053.45000
13061.10000
13068.80000
13076.52500
13084.30000
13092.10000
13099.95000
13107.85000
13122.02500
13274.00000
13284.87500
13295.72500
13305.70000
13314.22500
13322.52500
13330.57500
13338.25000
13345.90000
13353.55000
13361.20000
13368.87500
13376.57500
13384.35000
13392.12500
13399.97500
13407.87500
13421.95000
13574.00000
13584.67500
13596.10000
13606.52500
13614.82500
13623.25000
13631.02500
13638.70000
13646.32500
13653.95000
13661.60000
13669.30000
13677.00000
13684.75000
13692.55000
13700.40000
13708.30000
13873.50000
13883.80000
13895.37500
13905.50000
13913.70000
13921.42500
13929.10000
13936.72500
13944.32500
13951.95000
13959.57500
13967.25000
13974.92500
13982.67500
13990.45000
13998.27500
14006.15000
14020.75000
14167.75000
14181.20000
14193.60000
14205.00000
14213.15000
14220.85000
14228.45000
14236.05000
14243.62500
14251.22500
14258.85000
14266.50000
14274.20000
14281.92500
14289.70000
14297.52500
14305.37500
14320.62500
14467.60000
14481.37500
14492.55000
14501.12500
14509.32500
14517.10000
14524.75000
14532.35000
14539.92500
14547.52500
14555.12500
14562.75000
14570.42500
14578.12500
14585.87500
14593.67500
14601.52500
14609.92500
14767.40000
14781.22500
14792.42500
14800.72500
14810.22500
14818.12500
14825.80000
14833.40000
14841.00000
14848.60000
14856.20000
14863.85000
14871.52500
14879.25000
14887.00000
14894.80000
14902.65000
14913.07500

