$ Stimulation Interval(ms): 300
$ Delay(ms): 234.814702
$ Number of data : 658
$ TSTOP : 15000
$ PN stimulation current max : 0
$ LN stimulation current max : 15000
239.60000
252.62500
265.60000
278.57500
291.62500
304.85000
318.22500
331.80000
345.52500
359.42500
373.52500
387.85000
402.40000
417.20000
432.27500
447.65000
463.35000
479.27500
495.37500
512.42500
542.00000
554.95000
568.00000
581.02500
594.20000
607.55000
621.05000
634.70000
648.57500
662.62500
676.87500
691.37500
706.12500
721.12500
736.45000
752.12500
767.95000
784.02500
800.50000
842.35000
855.35000
868.45000
881.55000
894.80000
908.20000
921.80000
935.55000
949.52500
963.67500
978.05000
992.67500
1007.57500
1022.75000
1038.25000
1053.95000
1069.87500
1086.17500
1103.07500
1142.32500
1155.37500
1168.52500
1181.67500
1194.95000
1208.42500
1222.07500
1235.90000
1249.92500
1264.17500
1278.65000
1293.40000
1308.40000
1323.72500
1339.30000
1355.05000
1371.10000
1387.65000
1405.57500
1442.47500
1455.55000
1468.75000
1481.92500
1495.27500
1508.80000
1522.52500
1536.42500
1550.52500
1564.87500
1579.45000
1594.32500
1609.45000
1624.92500
1640.55000
1656.50000
1672.72500
1689.77500
1742.47500
1755.60000
1768.82500
1782.05000
1795.45000
1809.02500
1822.77500
1836.75000
1850.92500
1865.32500
1880.00000
1894.95000
1910.20000
1925.72500
1941.52500
1957.57500
1974.07500
2042.52500
2055.67500
2068.92500
2082.20000
2095.62500
2109.25000
2123.07500
2137.10000
2151.32500
2165.80000
2180.55000
2195.60000
2210.92500
2226.50000
2242.42500
2258.52500
2275.27500
2342.55000
2355.72500
2369.02500
2382.32500
2395.80000
2409.47500
2423.32500
2437.40000
2451.70000
2466.25000
2481.10000
2496.20000
2511.62500
2527.30000
2543.30000
2559.60000
2576.65000
2642.55000
2655.77500
2669.12500
2682.45000
2695.97500
2709.67500
2723.57500
2737.72500
2752.07500
2766.70000
2781.60000
2796.80000
2812.32500
2828.15000
2844.22500
2860.65000
2878.67500
2942.57500
2955.85000
2969.20000
2982.57500
2996.12500
3009.87500
3023.85000
3038.02500
3052.45000
3067.12500
3082.12500
3097.40000
3113.00000
3128.82500
3144.95000
3161.67500
3242.60000
3255.90000
3269.30000
3282.67500
3296.27500
3310.07500
3324.07500
3338.30000
3352.77500
3367.55000
3382.57500
3397.90000
3413.52500
3429.47500
3445.65000
3462.60000
3542.62500
3555.95000
3569.37500
3582.80000
3596.42500
3610.25000
3624.30000
3638.57500
3653.12500
3667.95000
3683.05000
3698.45000
3714.30000
3730.25000
3746.62500
3764.15000
3842.65000
3856.00000
3869.45000
3882.90000
3896.57500
3910.42500
3924.52500
3938.85000
3953.45000
3968.35000
3983.50000
3999.00000
4014.82500
4030.80000
4047.32500
4142.67500
4156.02500
4169.52500
4183.00000
4196.70000
4210.60000
4224.72500
4239.10000
4253.75000
4268.70000
4283.92500
4299.52500
4315.32500
4331.40000
4348.20000
4442.67500
4456.07500
4469.60000
4483.10000
4496.82500
4510.77500
4524.95000
4539.35000
4554.07500
4569.07500
4584.30000
4600.00000
4615.87500
4632.10000
4649.32500
4742.70000
4756.12500
4769.65000
4783.20000
4796.95000
4810.92500
4825.15000
4839.60000
4854.37500
4869.42500
4884.75000
4900.55000
4916.57500
4933.02500
4950.52500
5042.72500
5056.17500
5069.72500
5083.27500
5097.07500
5111.10000
5125.35000
5139.87500
5154.70000
5169.80000
5185.17500
5200.97500
5216.90000
5233.50000
5342.72500
5356.20000
5369.80000
5383.37500
5397.20000
5411.25000
5425.52500
5440.10000
5454.97500
5470.12500
5485.55000
5501.37500
5517.42500
5534.22500
5642.75000
5656.25000
5669.85000
5683.45000
5697.32500
5711.40000
5725.72500
5740.32500
5755.27500
5770.47500
5786.00000
5801.87500
5817.97500
5834.95000
5942.75000
5956.27500
5969.92500
5983.55000
5997.42500
6011.55000
6025.92500
6040.57500
6055.55000
6070.80000
6086.45000
6102.42500
6118.65000
6135.77500
6242.77500
6256.32500
6269.97500
6283.62500
6297.55000
6311.70000
6326.10000
6340.80000
6355.82500
6371.10000
6386.82500
6402.67500
6419.05000
6436.40000
6542.80000
6556.35000
6570.05000
6583.72500
6597.65000
6611.85000
6626.27500
6641.05000
6656.12500
6671.45000
6687.22500
6703.10000
6719.65000
6842.80000
6856.40000
6870.10000
6883.80000
6897.77500
6911.97500
6926.45000
6941.25000
6956.35000
6971.67500
6987.57500
7003.47500
7020.12500
7142.82500
7156.42500
7170.15000
7183.87500
7197.87500
7212.10000
7226.62500
7241.47500
7256.60000
7272.02500
7287.90000
7303.92500
7442.82500
7456.45000
7470.20000
7483.95000
7497.97500
7512.22500
7526.80000
7541.67500
7556.85000
7572.30000
7588.15000
7604.30000
7621.62500
7742.85000
7756.47500
7770.25000
7784.02500
7798.07500
7812.37500
7826.97500
7841.90000
7857.12500
7872.72500
7888.60000
7904.87500
7921.77500
8042.85000
8056.52500
8070.30000
8084.10000
8098.17500
8112.50000
8127.15000
8142.12500
8157.37500
8173.05000
8188.92500
8205.35000
8222.45000
8342.87500
8356.55000
8370.37500
8384.17500
8398.27500
8412.65000
8427.32500
8442.37500
8457.67500
8473.35000
8489.20000
8505.95000
8642.87500
8656.57500
8670.42500
8684.22500
8698.37500
8712.77500
8727.47500
8742.55000
8757.87500
8773.60000
8789.50000
8806.22500
8942.90000
8956.60000
8970.45000
8984.30000
8998.45000
9012.90000
9027.65000
9042.75000
9058.07500
9073.87500
9089.77500
9106.92500
9242.90000
9256.65000
9270.50000
9284.37500
9298.55000
9313.02500
9327.80000
9342.95000
9358.30000
9374.25000
9390.27500
9542.90000
9556.67500
9570.55000
9584.42500
9598.65000
9613.12500
9627.95000
9643.10000
9658.52500
9674.52500
9690.55000
9707.22500
9842.92500
9856.70000
9870.60000
9884.50000
9898.72500
9913.25000
9928.12500
9943.27500
9958.70000
9974.75000
9990.87500
10007.97500
10142.92500
10156.72500
10170.65000
10184.57500
10198.82500
10213.37500
10228.30000
10243.50000
10259.07500
10275.00000
10291.37500
10442.95000
10456.75000
10470.70000
10484.62500
10498.90000
10513.47500
10528.45000
10543.67500
10559.27500
10575.30000
10591.70000
10742.95000
10756.77500
10770.72500
10784.67500
10799.00000
10813.60000
10828.60000
10843.85000
10859.47500
10875.32500
10891.90000
11042.95000
11056.80000
11070.77500
11084.75000
11099.07500
11113.70000
11128.75000
11144.02500
11159.70000
11175.60000
11192.35000
11342.97500
11356.82500
11370.82500
11384.80000
11399.15000
11413.82500
11428.90000
11444.20000
11459.97500
11475.92500
11494.27500
11642.97500
11656.85000
11670.87500
11684.87500
11699.25000
11713.95000
11729.05000
11744.40000
11760.22500
11776.12500
11942.97500
11956.87500
11970.90000
11984.92500
11999.32500
12014.05000
12029.17500
12044.55000
12060.52500
12076.52500
12243.00000
12256.90000
12270.95000
12284.97500
12299.37500
12314.15000
12329.30000
12344.67500
12360.65000
12376.65000
12543.00000
12556.92500
12570.97500
12585.02500
12599.45000
12614.25000
12629.42500
12644.85000
12660.75000
12676.82500
12693.82500
12843.00000
12856.95000
12871.02500
12885.07500
12899.55000
12914.37500
12929.57500
12945.00000
12960.90000
12977.02500
13143.02500
13156.95000
13171.05000
13185.12500
13199.62500
13214.47500
13229.65000
13245.10000
13260.92500
13277.12500
13443.02500
13456.97500
13471.10000
13485.17500
13499.70000
13514.57500
13529.77500
13545.30000
13561.20000
13577.60000
13743.02500
13757.00000
13771.12500
13785.22500
13799.77500
13814.67500
13829.87500
13845.40000
13861.15000
13877.50000
14043.05000
14057.02500
14071.17500
14085.27500
14099.85000
14114.77500
14130.00000
14145.60000
14161.35000
14178.15000
14343.05000
14357.05000
14371.20000
14385.35000
14399.92500
14414.90000
14430.12500
14445.75000
14461.50000
14478.97500
14643.05000
14657.07500
14671.22500
14685.40000
14700.00000
14715.00000
14730.25000
14745.87500
14761.72500
14943.05000
14957.07500
14971.27500
14985.42500

