$ Stimulation Interval(ms): 300
$ Delay(ms): 46.706120
$ Number of data : 600
$ TSTOP : 15000
$ PN stimulation current max : 0
$ LN stimulation current max : 15000
52.52500
62.32500
71.00000
79.15000
86.95000
94.57500
102.07500
109.55000
116.97500
124.40000
131.85000
139.30000
146.77500
154.30000
161.85000
169.45000
177.07500
184.77500
192.50000
200.27500
210.05000
1104.50000
1390.45000
1406.32500
1677.72500
1693.52500
1707.55000
1976.97500
1992.35000
2005.75000
2262.90000
2278.47500
2292.62500
2304.40000
2319.02500
2562.37500
2577.97500
2590.55000
2604.00000
2618.52500
2849.25000
2864.85000
2878.77500
2890.20000
2899.32500
2909.65000
3148.02500
3164.57500
3177.42500
3189.97500
3198.90000
3208.40000
3222.20000
3444.55000
3460.92500
3474.27500
3483.22500
3492.60000
3501.20000
3517.62500
3734.47500
3750.77500
3764.00000
3775.80000
3784.62500
3794.12500
3802.65000
3814.37500
4034.40000
4050.60000
4063.17500
4075.50000
4084.40000
4093.97500
4102.50000
4112.92500
4331.07500
4347.40000
4360.55000
4369.97500
4379.00000
4387.45000
4395.92500
4404.27500
4415.30000
4622.35000
4636.97500
4649.47500
4661.37500
4670.17500
4679.70000
4688.20000
4696.65000
4705.00000
4717.95000
4920.42500
4936.80000
4949.92500
4961.82500
4970.55000
4980.02500
4988.35000
4996.55000
5004.65000
5015.62500
5220.82500
5236.37500
5248.67500
5261.30000
5270.17500
5279.45000
5287.87500
5295.95000
5303.97500
5314.45000
5520.60000
5534.27500
5547.35000
5556.92500
5565.92500
5574.17500
5582.50000
5590.65000
5598.67500
5606.70000
5618.92500
5816.62500
5833.07500
5845.97500
5854.87500
5864.65000
5873.10000
5881.42500
5889.42500
5897.40000
5905.37500
5917.95000
6107.87500
6122.85000
6135.20000
6147.07500
6155.82500
6165.95000
6174.15000
6182.62500
6190.62500
6198.57500
6206.55000
6218.77500
6407.87500
6423.15000
6435.20000
6447.47500
6456.30000
6465.77500
6473.90000
6481.87500
6489.80000
6497.72500
6505.65000
6518.17500
6707.50000
6722.57500
6734.27500
6747.70000
6756.32500
6765.07500
6773.42500
6781.37500
6789.27500
6797.17500
6805.10000
6816.32500
7006.17500
7020.00000
7032.45000
7041.10000
7050.07500
7058.35000
7066.42500
7074.62500
7082.55000
7090.45000
7098.35000
7106.27500
7118.57500
7303.42500
7318.97500
7331.80000
7340.65000
7350.50000
7358.80000
7366.90000
7374.80000
7382.65000
7390.52500
7398.40000
7406.30000
7418.57500
7603.85000
7619.52500
7632.47500
7641.30000
7651.07500
7659.15000
7667.25000
7675.15000
7683.00000
7690.85000
7698.72500
7706.65000
7718.77500
7894.62500
7909.37500
7921.77500
7933.60000
7942.20000
7951.42500
7959.50000
7967.40000
7975.22500
7983.05000
7990.87500
7998.75000
8006.65000
8018.72500
8194.82500
8209.40000
8221.42500
8233.80000
8242.42500
8251.65000
8259.67500
8267.52500
8275.32500
8283.12500
8290.97500
8298.82500
8306.72500
8318.77500
8494.00000
8508.77500
8520.32500
8533.27500
8541.82500
8550.15000
8558.42500
8566.27500
8574.07500
8581.87500
8589.70000
8597.55000
8605.42500
8617.50000
8794.05000
8808.45000
8819.90000
8829.07500
8837.62500
8845.65000
8853.47500
8861.40000
8869.20000
8877.00000
8884.77500
8892.60000
8900.45000
8908.35000
8919.95000
9093.32500
9106.35000
9118.00000
9126.70000
9135.92500
9144.22500
9152.10000
9159.92500
9167.70000
9175.47500
9183.25000
9191.05000
9198.90000
9206.77500
9218.80000
9393.10000
9406.27500
9417.95000
9426.72500
9436.12500
9444.25000
9452.10000
9459.85000
9467.60000
9475.35000
9483.12500
9490.92500
9498.75000
9506.62500
9518.70000
9690.40000
9705.27500
9716.60000
9725.85000
9735.95000
9743.97500
9751.77500
9759.52500
9767.25000
9774.97500
9782.75000
9790.52500
9798.37500
9806.25000
9818.47500
9990.75000
10004.77500
10013.92500
10023.75000
10031.87500
10040.45000
10048.35000
10056.10000
10063.82500
10071.55000
10079.30000
10087.07500
10094.90000
10102.75000
10112.47500
10290.72500
10305.95000
10318.45000
10327.17500
10335.37500
10343.40000
10351.17500
10358.87500
10366.57500
10374.30000
10382.05000
10389.82500
10397.65000
10405.52500
10417.50000
10590.35000
10604.70000
10613.50000
10622.35000
10630.45000
10638.67500
10646.50000
10654.22500
10661.92500
10669.62500
10677.35000
10685.12500
10692.90000
10700.75000
10708.65000
10720.15000
10890.65000
10903.35000
10912.70000
10922.57500
10930.70000
10939.22500
10947.00000
10954.70000
10962.37500
10970.07500
10977.80000
10985.57500
10993.35000
11001.20000
11009.25000
11020.72500
11181.60000
11195.70000
11206.95000
11219.12500
11227.72500
11235.52500
11243.30000
11250.97500
11258.65000
11266.32500
11274.02500
11281.75000
11289.52500
11297.32500
11305.17500
11315.80000
11481.32500
11494.52500
11505.57500
11514.05000
11522.70000
11530.80000
11538.57500
11546.27500
11553.95000
11561.62500
11569.30000
11577.00000
11584.75000
11592.52500
11600.35000
11608.22500
11619.77500
11780.70000
11793.22500
11804.20000
11812.85000
11821.85000
11829.92500
11837.70000
11845.37500
11853.02500
11860.70000
11868.37500
11876.07500
11883.80000
11891.57500
11899.37500
11907.25000
11919.05000
12080.87500
12094.47500
12105.57500
12114.05000
12123.55000
12131.45000
12139.17500
12146.82500
12154.47500
12162.12500
12169.80000
12177.50000
12185.22500
12193.00000
12200.82500
12208.72500
12220.22500
12381.10000
12395.00000
12406.67500
12414.95000
12424.42500
12432.25000
12439.95000
12447.57500
12455.22500
12462.87500
12470.52500
12478.22500
12485.97500
12493.75000
12501.57500
12509.97500
12521.52500
12681.02500
12695.85000
12706.60000
12714.95000
12724.12500
12731.92500
12739.60000
12747.22500
12754.85000
12762.50000
12770.15000
12777.85000
12785.60000
12793.37500
12801.20000
12809.20000
12820.65000
12981.12500
12994.27500
13005.65000
13014.05000
13022.42500
13030.42500
13038.12500
13045.75000
13053.37500
13061.02500
13068.67500
13076.37500
13084.10000
13091.85000
13099.67500
13107.52500
13119.25000
13280.90000
13293.62500
13305.32500
13313.95000
13322.20000
13330.07500
13337.72500
13345.32500
13352.95000
13360.57500
13368.22500
13375.90000
13383.62500
13391.37500
13399.17500
13407.05000
13418.92500
13580.40000
13592.87500
13601.62500
13610.42500
13618.32500
13626.62500
13634.32500
13641.95000
13649.55000
13657.17500
13664.80000
13672.47500
13680.17500
13687.90000
13695.70000
13703.52500
13713.37500
13879.42500
13891.72500
13900.27500
13908.97500
13916.95000
13925.02500
13932.67500
13940.27500
13947.87500
13955.47500
13963.10000
13970.75000
13978.45000
13986.17500
13993.95000
14001.77500
14010.40000
14022.10000
14178.40000
14190.87500
14199.45000
14208.37500
14216.32500
14224.05000
14231.67500
14239.27500
14246.87500
14254.45000
14262.07500
14269.72500
14277.40000
14285.12500
14292.87500
14300.70000
14308.55000
14320.05000
14477.30000
14489.95000
14498.65000
14507.75000
14515.75000
14523.47500
14531.10000
14538.67500
14546.25000
14553.85000
14561.45000
14569.10000
14576.77500
14584.47500
14592.25000
14600.05000
14607.90000
14619.52500
14778.62500
14790.72500
14799.35000
14809.00000
14816.90000
14824.57500
14832.17500
14839.75000
14847.35000
14854.92500
14862.55000
14870.17500
14877.87500
14885.57500
14893.35000
14901.17500
14909.12500
14920.55000

