$ Stimulation Interval(ms): 300
$ Delay(ms): 213.188140
$ Number of data : 607
$ TSTOP : 15000
$ PN stimulation current max : 0
$ LN stimulation current max : 15000
217.90000
230.77500
243.65000
256.62500
269.67500
282.90000
296.27500
309.82500
323.55000
337.47500
351.60000
365.95000
380.52500
395.37500
410.55000
426.10000
442.20000
458.97500
475.92500
494.00000
520.40000
533.25000
546.20000
559.25000
572.42500
585.75000
599.25000
612.95000
626.82500
640.92500
655.22500
669.77500
684.60000
699.72500
715.25000
731.32500
748.12500
764.95000
782.85000
820.62500
833.45000
846.45000
859.52500
872.75000
886.15000
899.72500
913.47500
927.45000
941.62500
956.02500
970.67500
985.62500
1000.95000
1016.77500
1033.42500
1050.80000
1120.70000
1133.55000
1146.60000
1159.72500
1173.00000
1186.45000
1200.10000
1213.92500
1227.95000
1242.20000
1256.70000
1271.47500
1286.57500
1302.07500
1318.20000
1335.17500
1420.70000
1433.60000
1446.67500
1459.85000
1473.17500
1486.67500
1500.35000
1514.25000
1528.35000
1542.67500
1557.27500
1572.15000
1587.37500
1603.12500
1619.67500
1720.72500
1733.65000
1746.77500
1759.97500
1773.32500
1786.87500
1800.60000
1814.52500
1828.67500
1843.07500
1857.72500
1872.70000
1888.07500
1904.05000
1920.72500
2020.77500
2033.70000
2046.85000
2060.07500
2073.47500
2087.07500
2100.85000
2114.82500
2129.02500
2143.47500
2158.22500
2173.30000
2188.80000
2204.92500
2221.60000
2320.77500
2333.75000
2346.92500
2360.17500
2373.62500
2387.25000
2401.07500
2415.10000
2429.35000
2443.87500
2458.70000
2473.87500
2489.52500
2505.67500
2522.62500
2620.80000
2633.80000
2647.00000
2660.30000
2673.75000
2687.42500
2701.27500
2715.37500
2729.67500
2744.27500
2759.15000
2774.42500
2790.25000
2806.60000
2824.32500
2920.82500
2933.85000
2947.07500
2960.40000
2973.90000
2987.60000
3001.50000
3015.62500
3030.00000
3044.65000
3059.62500
3075.00000
3090.95000
3107.55000
3220.82500
3233.87500
3247.15000
3260.50000
3274.02500
3287.75000
3301.70000
3315.87500
3330.30000
3345.00000
3360.05000
3375.55000
3391.50000
3408.27500
3520.85000
3533.92500
3547.20000
3560.57500
3574.15000
3587.92500
3601.90000
3616.10000
3630.57500
3645.35000
3660.47500
3676.07500
3692.10000
3709.02500
3820.87500
3833.95000
3847.27500
3860.67500
3874.27500
3888.07500
3902.07500
3916.35000
3930.85000
3945.70000
3960.90000
3976.60000
3992.90000
4120.87500
4134.00000
4147.32500
4160.75000
4174.37500
4188.20000
4202.25000
4216.55000
4231.12500
4246.00000
4261.30000
4277.07500
4293.35000
4420.90000
4434.02500
4447.37500
4460.82500
4474.47500
4488.35000
4502.42500
4516.77500
4531.37500
4546.32500
4561.70000
4577.55000
4594.00000
4720.90000
4734.07500
4747.45000
4760.90000
4774.60000
4788.47500
4802.60000
4816.97500
4831.65000
4846.65000
4862.10000
4877.95000
4894.32500
5020.92500
5034.10000
5047.50000
5061.00000
5074.70000
5088.62500
5102.77500
5117.20000
5131.90000
5146.97500
5162.52500
5178.47500
5194.90000
5320.95000
5334.12500
5347.55000
5361.07500
5374.80000
5388.75000
5402.95000
5417.40000
5432.15000
5447.30000
5462.95000
5479.05000
5495.60000
5620.95000
5634.17500
5647.60000
5661.15000
5674.90000
5688.90000
5703.12500
5717.60000
5732.42500
5747.62500
5763.32500
5779.52500
5796.37500
5920.97500
5934.20000
5947.65000
5961.22500
5975.02500
5989.02500
6003.27500
6017.82500
6032.67500
6047.95000
6063.72500
6080.02500
6097.25000
6220.97500
6234.22500
6247.72500
6261.30000
6275.12500
6289.15000
6303.45000
6318.02500
6332.95000
6348.30000
6364.12500
6380.42500
6521.00000
6534.25000
6547.77500
6561.37500
6575.20000
6589.27500
6603.60000
6618.22500
6633.17500
6648.60000
6664.57500
6680.72500
6821.00000
6834.30000
6847.80000
6861.42500
6875.30000
6889.40000
6903.75000
6918.42500
6933.42500
6948.92500
6964.87500
6981.22500
7121.02500
7134.32500
7147.85000
7161.50000
7175.40000
7189.52500
7203.90000
7218.60000
7233.67500
7249.25000
7265.35000
7281.87500
7421.02500
7434.35000
7447.90000
7461.57500
7475.47500
7489.65000
7504.07500
7518.80000
7533.92500
7549.60000
7565.70000
7582.35000
7721.05000
7734.37500
7747.95000
7761.62500
7775.57500
7789.75000
7804.22500
7819.00000
7834.17500
7849.95000
7866.05000
7883.10000
8021.05000
8034.40000
8048.00000
8061.70000
8075.67500
8089.87500
8104.37500
8119.17500
8134.42500
8150.25000
8166.67500
8321.07500
8334.42500
8348.05000
8361.75000
8375.75000
8389.97500
8404.50000
8419.35000
8434.65000
8450.55000
8466.57500
8621.07500
8634.45000
8648.07500
8661.82500
8675.82500
8690.10000
8704.65000
8719.55000
8734.87500
8750.77500
8766.90000
8921.07500
8934.47500
8948.12500
8961.87500
8975.90000
8990.20000
9004.77500
9019.72500
9035.12500
9051.05000
9067.15000
9221.10000
9234.50000
9248.17500
9261.95000
9276.00000
9290.30000
9304.92500
9319.90000
9335.37500
9351.45000
9367.80000
9521.10000
9534.52500
9548.20000
9562.00000
9576.07500
9590.40000
9605.05000
9620.07500
9635.62500
9651.70000
9668.02500
9821.12500
9834.55000
9848.25000
9862.05000
9876.15000
9890.52500
9905.20000
9920.25000
9935.87500
9952.12500
9968.65000
10121.12500
10134.57500
10148.30000
10162.10000
10176.22500
10190.62500
10205.32500
10220.45000
10236.15000
10252.42500
10269.30000
10421.12500
10434.60000
10448.32500
10462.17500
10476.30000
10490.72500
10505.47500
10520.62500
10536.42500
10552.42500
10569.25000
10721.15000
10734.62500
10748.37500
10762.22500
10776.40000
10790.85000
10805.62500
10820.82500
10836.72500
10852.65000
10869.82500
11021.15000
11034.65000
11048.40000
11062.27500
11076.47500
11090.95000
11105.75000
11121.00000
11136.90000
11152.90000
11321.15000
11334.67500
11348.45000
11362.32500
11376.55000
11391.05000
11405.87500
11421.17500
11437.22500
11453.30000
11621.17500
11634.67500
11648.47500
11662.37500
11676.60000
11691.12500
11706.00000
11721.35000
11737.42500
11753.57500
11921.17500
11934.70000
11948.52500
11962.42500
11976.67500
11991.22500
12006.15000
12021.55000
12037.72500
12054.02500
12221.17500
12234.72500
12248.55000
12262.47500
12276.75000
12291.32500
12306.27500
12321.72500
12337.82500
12354.07500
12521.20000
12534.75000
12548.57500
12562.52500
12576.82500
12591.42500
12606.40000
12621.90000
12637.90000
12654.37500
12821.20000
12834.77500
12848.62500
12862.57500
12876.90000
12891.52500
12906.52500
12922.07500
12938.12500
12954.97500
13121.20000
13134.77500
13148.65000
13162.62500
13176.95000
13191.60000
13206.65000
13222.27500
13238.22500
13254.87500
13421.22500
13434.80000
13448.70000
13462.67500
13477.02500
13491.70000
13506.77500
13522.47500
13538.47500
13555.20000
13721.22500
13734.82500
13748.72500
13762.72500
13777.10000
13791.80000
13806.92500
13822.67500
13838.75000
14021.22500
14034.85000
14048.75000
14062.77500
14077.15000
14091.87500
14107.02500
14122.87500
14139.00000
14321.22500
14334.85000
14348.77500
14362.82500
14377.22500
14391.97500
14407.15000
14423.07500
14439.05000
14621.25000
14634.87500
14648.80000
14662.85000
14677.27500
14692.05000
14707.27500
14723.30000
14739.27500
14921.25000
14934.90000
14948.85000
14962.90000
14977.35000
14992.15000

