$ Stimulation Interval(ms): 300
$ Delay(ms): 244.373033
$ Number of data : 703
$ TSTOP : 15000
$ PN stimulation current max : 0
$ LN stimulation current max : 15000
249.22500
262.20000
275.12500
288.05000
301.07500
314.25000
327.60000
341.10000
354.80000
368.67500
382.77500
397.07500
411.62500
426.42500
441.52500
456.92500
472.50000
488.35000
504.45000
521.35000
551.67500
564.60000
577.60000
590.60000
603.72500
617.02500
630.50000
644.12500
657.97500
672.00000
686.27500
700.75000
715.52500
730.57500
745.92500
761.47500
777.32500
793.45000
809.97500
827.72500
852.40000
865.40000
878.45000
891.50000
904.70000
918.05000
931.60000
945.32500
959.25000
973.42500
987.80000
1002.45000
1017.40000
1032.67500
1048.12500
1063.85000
1079.87500
1096.25000
1152.00000
1165.02500
1178.12500
1191.22500
1204.47500
1217.90000
1231.52500
1245.32500
1259.32500
1273.55000
1288.02500
1302.77500
1317.82500
1333.15000
1348.65000
1364.47500
1380.57500
1397.05000
1452.02500
1465.10000
1478.25000
1491.37500
1504.70000
1518.17500
1531.82500
1545.70000
1559.77500
1574.10000
1588.65000
1603.52500
1618.70000
1634.05000
1649.65000
1665.55000
1681.77500
1698.50000
1752.05000
1765.15000
1778.35000
1791.52500
1804.87500
1818.42500
1832.15000
1846.07500
1860.22500
1874.62500
1889.27500
1904.27500
1919.55000
1935.02500
1950.72500
1966.72500
1983.10000
2000.15000
2052.07500
2065.22500
2078.45000
2091.65000
2105.05000
2118.62500
2132.42500
2146.40000
2160.62500
2175.10000
2189.85000
2204.92500
2220.22500
2235.75000
2251.57500
2267.70000
2284.32500
2302.12500
2352.10000
2365.27500
2378.55000
2391.80000
2405.22500
2418.85000
2432.70000
2446.72500
2461.02500
2475.57500
2490.42500
2505.55000
2520.85000
2536.47500
2552.40000
2568.65000
2585.45000
2652.15000
2665.35000
2678.65000
2691.92500
2705.40000
2719.07500
2732.95000
2747.05000
2761.40000
2776.02500
2791.00000
2806.20000
2821.62500
2837.32500
2853.30000
2869.72500
2886.77500
2904.02500
2952.17500
2965.42500
2978.75000
2992.07500
3005.60000
3019.30000
3033.22500
3047.40000
3061.80000
3076.52500
3091.55000
3106.80000
3122.30000
3138.07500
3154.17500
3170.67500
3187.72500
3204.70000
3252.20000
3265.47500
3278.82500
3292.20000
3305.75000
3319.52500
3333.50000
3347.72500
3362.20000
3377.00000
3392.07500
3407.42500
3423.07500
3439.07500
3455.55000
3473.02500
3552.20000
3565.52500
3578.90000
3592.30000
3605.90000
3619.70000
3633.72500
3648.00000
3662.55000
3677.40000
3692.55000
3707.90000
3723.55000
3739.57500
3755.92500
3772.97500
3790.25000
3808.32500
3852.22500
3865.57500
3879.00000
3892.42500
3906.05000
3919.90000
3933.97500
3948.30000
3962.92500
3977.90000
3993.07500
4008.50000
4024.27500
4040.40000
4056.87500
4074.30000
4091.30000
4152.25000
4165.62500
4179.07500
4192.52500
4206.20000
4220.10000
4234.22500
4248.60000
4263.30000
4278.30000
4293.57500
4309.12500
4325.05000
4341.35000
4358.30000
4452.27500
4465.67500
4479.15000
4492.62500
4506.35000
4520.27500
4534.42500
4548.87500
4563.62500
4578.70000
4594.00000
4609.60000
4625.65000
4642.07500
4660.40000
4752.30000
4765.70000
4779.22500
4792.72500
4806.47500
4820.42500
4834.65000
4849.12500
4863.92500
4879.02500
4894.37500
4910.00000
4926.02500
4942.35000
4959.17500
4975.97500
5052.30000
5065.75000
5079.30000
5092.82500
5106.60000
5120.60000
5134.85000
5149.40000
5164.27500
5179.42500
5194.77500
5210.45000
5226.55000
5243.02500
5260.80000
5277.60000
5352.32500
5365.80000
5379.37500
5392.92500
5406.75000
5420.77500
5435.07500
5449.67500
5464.62500
5479.82500
5495.30000
5511.20000
5527.52500
5544.50000
5652.35000
5665.85000
5679.42500
5693.02500
5706.85000
5720.92500
5735.27500
5749.92500
5764.92500
5780.12500
5795.62500
5811.57500
5827.87500
5844.82500
5952.35000
5965.87500
5979.50000
5993.10000
6006.97500
6021.07500
6035.47500
6050.15000
6065.20000
6080.45000
6096.05000
6112.02500
6128.25000
6144.67500
6161.27500
6252.37500
6265.92500
6279.55000
6293.20000
6307.10000
6321.25000
6335.67500
6350.42500
6365.50000
6380.82500
6396.45000
6412.52500
6428.75000
6445.47500
6462.22500
6552.40000
6565.95000
6579.62500
6593.30000
6607.22500
6621.40000
6635.87500
6650.67500
6665.80000
6681.07500
6696.65000
6712.62500
6728.92500
6745.80000
6762.67500
6852.40000
6866.00000
6879.70000
6893.37500
6907.35000
6921.57500
6936.07500
6950.95000
6966.05000
6981.37500
6997.10000
7013.20000
7029.85000
7152.42500
7166.02500
7179.75000
7193.45000
7207.45000
7221.70000
7236.25000
7251.17500
7266.30000
7281.67500
7297.40000
7313.52500
7330.22500
7346.97500
7452.42500
7466.07500
7479.80000
7493.55000
7507.57500
7521.85000
7536.45000
7551.40000
7566.60000
7582.05000
7597.90000
7614.05000
7630.85000
7647.45000
7752.45000
7766.10000
7779.87500
7793.62500
7807.67500
7822.00000
7836.65000
7851.65000
7866.85000
7882.37500
7898.27500
7914.42500
7931.22500
7947.85000
8052.45000
8066.15000
8079.92500
8093.70000
8107.80000
8122.15000
8136.82500
8151.87500
8167.12500
8182.67500
8198.65000
8214.82500
8231.65000
8248.45000
8352.47500
8366.17500
8379.97500
8393.80000
8407.90000
8422.30000
8437.02500
8452.10000
8467.32500
8482.90000
8498.87500
8515.22500
8531.92500
8548.92500
8652.50000
8666.22500
8680.05000
8693.87500
8708.02500
8722.45000
8737.22500
8752.30000
8767.60000
8783.22500
8799.27500
8816.10000
8952.50000
8966.25000
8980.10000
8993.95000
9008.10000
9022.57500
9037.37500
9052.45000
9067.77500
9083.45000
9099.62500
9116.75000
9252.50000
9266.27500
9280.15000
9294.00000
9308.20000
9322.70000
9337.55000
9352.62500
9367.95000
9383.55000
9399.62500
9416.65000
9433.45000
9552.52500
9566.30000
9580.20000
9594.07500
9608.30000
9622.82500
9637.72500
9652.92500
9668.32500
9684.10000
9700.40000
9716.92500
9733.52500
9852.52500
9866.32500
9880.25000
9894.15000
9908.40000
9922.95000
9937.90000
9953.07500
9968.50000
9984.27500
10000.62500
10016.85000
10033.50000
10152.55000
10166.37500
10180.30000
10194.22500
10208.50000
10223.10000
10238.05000
10253.35000
10268.85000
10284.95000
10301.12500
10317.67500
10334.62500
10452.55000
10466.40000
10480.35000
10494.30000
10508.60000
10523.22500
10538.22500
10553.47500
10569.00000
10584.95000
10601.15000
10617.52500
10634.72500
10752.57500
10766.42500
10780.40000
10794.37500
10808.70000
10823.37500
10838.40000
10853.65000
10869.25000
10885.32500
10901.60000
10918.05000
11052.57500
11066.45000
11080.45000
11094.42500
11108.80000
11123.50000
11138.52500
11153.80000
11169.45000
11185.57500
11202.52500
11352.60000
11366.47500
11380.50000
11394.50000
11408.87500
11423.60000
11438.67500
11453.92500
11469.47500
11485.55000
11502.62500
11652.60000
11666.50000
11680.52500
11694.55000
11708.95000
11723.72500
11738.77500
11754.07500
11769.70000
11785.82500
11952.60000
11966.52500
11980.57500
11994.60000
12009.02500
12023.80000
12038.90000
12054.17500
12069.77500
12085.85000
12102.35000
12118.77500
12252.62500
12266.55000
12280.62500
12294.67500
12309.12500
12323.95000
12339.07500
12354.37500
12370.02500
12386.12500
12402.25000
12418.77500
12552.62500
12566.57500
12580.67500
12594.72500
12609.20000
12624.07500
12639.20000
12654.52500
12670.20000
12686.25000
12702.35000
12719.27500
12852.62500
12866.60000
12880.70000
12894.80000
12909.30000
12924.20000
12939.40000
12954.77500
12970.50000
12986.47500
13002.62500
13019.92500
13152.65000
13166.65000
13180.75000
13194.85000
13209.40000
13224.32500
13239.55000
13254.97500
13270.70000
13286.77500
13303.12500
13452.65000
13466.65000
13480.80000
13494.92500
13509.47500
13524.40000
13539.60000
13555.05000
13570.82500
13586.90000
13603.05000
13752.65000
13766.67500
13780.82500
13794.97500
13809.55000
13824.50000
13839.67500
13855.12500
13870.85000
13886.97500
13903.12500
14052.67500
14066.70000
14080.87500
14095.02500
14109.65000
14124.60000
14139.82500
14155.30000
14171.12500
14187.45000
14203.97500
14352.67500
14366.72500
14380.92500
14395.07500
14409.72500
14424.70000
14439.87500
14455.40000
14471.30000
14487.60000
14504.32500
14652.67500
14666.75000
14680.95000
14695.15000
14709.80000
14724.77500
14739.97500
14755.52500
14771.50000
14787.97500
14804.45000
14952.70000
14966.77500
14981.00000
14995.20000

