$ Stimulation Interval(ms): 300
$ Delay(ms): 217.753833
$ Number of data : 576
$ TSTOP : 15000
$ PN stimulation current max : 0
$ LN stimulation current max : 15000
222.52500
235.40000
248.32500
261.30000
274.37500
287.60000
300.97500
314.52500
328.25000
342.15000
356.25000
370.57500
385.12500
399.92500
415.02500
430.45000
446.35000
462.70000
479.40000
496.67500
524.75000
537.60000
550.60000
563.65000
576.82500
590.15000
603.65000
617.32500
631.20000
645.25000
659.50000
674.00000
688.75000
703.80000
719.22500
735.07500
751.40000
768.02500
785.27500
825.15000
838.02500
851.07500
864.17500
877.42500
890.82500
904.40000
918.15000
932.12500
946.27500
960.67500
975.30000
990.20000
1005.42500
1021.05000
1037.10000
1053.77500
1070.77500
1125.30000
1138.20000
1151.30000
1164.42500
1177.72500
1191.20000
1204.82500
1218.65000
1232.70000
1246.92500
1261.42500
1276.15000
1291.20000
1306.60000
1322.47500
1338.80000
1355.72500
1372.85000
1425.30000
1438.25000
1451.37500
1464.57500
1477.90000
1491.42500
1505.12500
1519.02500
1533.12500
1547.45000
1562.00000
1576.85000
1592.02500
1607.60000
1623.65000
1640.25000
1657.52500
1725.35000
1738.32500
1751.50000
1764.72500
1778.10000
1791.65000
1805.40000
1819.35000
1833.52500
1847.92500
1862.57500
1877.52500
1892.80000
1908.57500
1924.72500
1941.60000
1958.67500
2025.37500
2038.37500
2051.57500
2064.82500
2078.25000
2091.85000
2105.65000
2119.67500
2133.90000
2148.35000
2163.10000
2178.15000
2193.60000
2209.57500
2226.00000
2325.37500
2338.42500
2351.65000
2364.95000
2378.40000
2392.05000
2405.87500
2419.95000
2434.22500
2448.75000
2463.57500
2478.72500
2494.30000
2510.37500
2527.17500
2544.22500
2625.40000
2638.47500
2651.75000
2665.05000
2678.55000
2692.25000
2706.12500
2720.22500
2734.57500
2749.17500
2764.07500
2779.32500
2795.05000
2811.25000
2829.17500
2925.42500
2938.50000
2951.82500
2965.15000
2978.70000
2992.42500
3006.35000
3020.50000
3034.90000
3049.57500
3064.55000
3079.90000
3095.80000
3112.20000
3225.45000
3238.55000
3251.87500
3265.25000
3278.82500
3292.57500
3306.55000
3320.75000
3335.20000
3349.92500
3364.97500
3380.45000
3396.50000
3413.20000
3525.47500
3538.60000
3551.95000
3565.35000
3578.95000
3592.72500
3606.75000
3620.97500
3635.50000
3650.27500
3665.42500
3681.02500
3697.22500
3714.97500
3825.47500
3838.62500
3852.02500
3865.45000
3879.07500
3892.90000
3906.95000
3921.22500
3935.77500
3950.65000
3965.87500
3981.60000
3998.07500
4125.50000
4138.67500
4152.07500
4165.52500
4179.17500
4193.02500
4207.12500
4221.45000
4236.05000
4250.97500
4266.27500
4282.15000
4298.87500
4425.50000
4438.70000
4452.12500
4465.60000
4479.27500
4493.17500
4507.30000
4521.67500
4536.32500
4551.30000
4566.70000
4582.70000
4599.75000
4725.52500
4738.72500
4752.17500
4765.67500
4779.40000
4793.32500
4807.47500
4821.90000
4836.60000
4851.65000
4867.12500
4883.27500
4900.45000
5025.52500
5038.77500
5052.25000
5065.75000
5079.50000
5093.45000
5107.65000
5122.10000
5136.87500
5152.00000
5167.57500
5183.75000
5325.55000
5338.80000
5352.30000
5365.82500
5379.60000
5393.57500
5407.80000
5422.30000
5437.12500
5452.30000
5468.02500
5484.42500
5625.55000
5638.82500
5652.35000
5665.90000
5679.70000
5693.70000
5707.97500
5722.50000
5737.37500
5752.62500
5768.47500
5785.00000
5925.57500
5938.85000
5952.40000
5965.97500
5979.80000
5993.82500
6008.12500
6022.70000
6037.62500
6052.95000
6068.97500
6225.57500
6238.87500
6252.45000
6266.05000
6279.87500
6293.95000
6308.27500
6322.90000
6337.85000
6353.25000
6369.35000
6525.60000
6538.92500
6552.47500
6566.10000
6579.97500
6594.05000
6608.42500
6623.07500
6638.07500
6653.55000
6669.82500
6825.60000
6838.95000
6852.52500
6866.17500
6880.05000
6894.17500
6908.55000
6923.25000
6938.32500
6953.85000
6970.25000
7125.62500
7138.97500
7152.57500
7166.22500
7180.12500
7194.27500
7208.70000
7223.42500
7238.55000
7254.20000
7270.80000
7425.62500
7439.00000
7452.62500
7466.30000
7480.22500
7494.40000
7508.85000
7523.62500
7538.80000
7554.55000
7571.85000
7725.65000
7739.02500
7752.65000
7766.35000
7780.30000
7794.50000
7809.00000
7823.80000
7839.02500
7854.92500
8025.65000
8039.05000
8052.70000
8066.40000
8080.37500
8094.60000
8109.12500
8123.97500
8139.25000
8155.27500
8325.65000
8339.07500
8352.75000
8366.45000
8380.45000
8394.70000
8409.25000
8424.12500
8439.47500
8455.55000
8625.67500
8639.07500
8652.77500
8666.52500
8680.52500
8694.80000
8709.37500
8724.30000
8739.70000
8756.10000
8925.67500
8939.10000
8952.82500
8966.57500
8980.60000
8994.90000
9009.50000
9024.47500
9039.92500
9056.57500
9225.67500
9239.12500
9252.85000
9266.62500
9280.67500
9295.00000
9309.62500
9324.62500
9340.15000
9356.92500
9525.70000
9539.15000
9552.90000
9566.67500
9580.75000
9595.10000
9609.75000
9624.80000
9640.40000
9825.70000
9839.17500
9852.92500
9866.72500
9880.82500
9895.17500
9909.87500
9924.95000
9940.62500
9957.60000
10125.70000
10139.20000
10152.95000
10166.77500
10180.87500
10195.27500
10210.00000
10225.12500
10240.90000
10425.72500
10439.20000
10453.00000
10466.82500
10480.95000
10495.35000
10510.10000
10525.27500
10541.15000
10725.72500
10739.22500
10753.02500
10766.85000
10781.02500
10795.45000
10810.22500
10825.42500
10841.47500
11025.72500
11039.25000
11053.05000
11066.90000
11081.07500
11095.52500
11110.32500
11125.57500
11141.55000
11325.72500
11339.27500
11353.07500
11366.95000
11381.15000
11395.62500
11410.45000
11425.75000
11441.82500
11625.75000
11639.27500
11653.12500
11667.00000
11681.20000
11695.70000
11710.55000
11725.90000
11742.17500
11925.75000
11939.30000
11953.15000
11967.05000
11981.27500
11995.77500
12010.67500
12026.05000
12042.42500
12225.75000
12239.32500
12253.17500
12267.07500
12281.32500
12295.87500
12310.80000
12326.22500
12343.62500
12525.77500
12539.35000
12553.20000
12567.12500
12581.40000
12595.95000
12610.90000
12626.37500
12643.07500
12825.77500
12839.35000
12853.25000
12867.17500
12881.45000
12896.05000
12911.02500
12926.55000
12943.15000
13125.77500
13139.37500
13153.27500
13167.22500
13181.50000
13196.12500
13211.12500
13226.72500
13243.60000
13260.15000
13425.77500
13439.40000
13453.30000
13467.27500
13481.57500
13496.22500
13511.27500
13526.95000
13725.80000
13739.40000
13753.32500
13767.30000
13781.62500
13796.30000
13811.37500
13827.12500
14025.80000
14039.42500
14053.35000
14067.35000
14081.67500
14096.37500
14111.47500
14127.32500
14325.80000
14339.45000
14353.37500
14367.37500
14381.75000
14396.42500
14411.57500
14427.42500
14625.80000
14639.45000
14653.40000
14667.42500
14681.80000
14696.50000
14711.67500
14727.52500
14925.82500
14939.47500
14953.42500
14967.45000
14981.85000
14996.57500

