$ Stimulation Interval(ms): 300
$ Delay(ms): 18.462124
$ Number of data : 598
$ TSTOP : 15000
$ PN stimulation current max : 0
$ LN stimulation current max : 15000
24.42500
34.27500
43.00000
51.15000
58.97500
66.57500
74.10000
81.57500
89.00000
96.42500
103.87500
111.32500
118.82500
126.32500
133.90000
141.47500
149.12500
156.80000
164.55000
172.32500
180.17500
188.07500
196.02500
204.02500
217.80000
1106.80000
1392.27500
1408.37500
1692.27500
1707.75000
1978.15000
1993.30000
2007.60000
2277.42500
2293.25000
2304.62500
2563.55000
2579.80000
2593.15000
2604.30000
2621.52500
2863.20000
2878.70000
2889.80000
2899.05000
2909.20000
3149.45000
3165.77500
3179.42500
3190.52500
3199.75000
3209.45000
3449.52500
3464.72500
3477.82500
3489.90000
3499.15000
3507.90000
3749.27500
3763.92500
3775.20000
3784.27500
3793.92500
3802.67500
3821.20000
4035.77500
4051.42500
4064.90000
4075.85000
4085.00000
4094.37500
4103.07500
4114.67500
4335.52500
4351.55000
4364.05000
4375.50000
4384.70000
4393.37500
4402.25000
4413.30000
4635.40000
4649.70000
4660.97500
4670.00000
4679.65000
4688.32500
4697.20000
4705.75000
4721.05000
4921.22500
4937.30000
4950.95000
4961.95000
4970.90000
4980.30000
4988.82500
4997.40000
5005.70000
5020.90000
5221.57500
5237.30000
5250.32500
5261.22500
5270.57500
5279.50000
5288.15000
5296.47500
5304.72500
5320.87500
5521.10000
5537.47500
5548.92500
5560.90000
5570.20000
5578.65000
5587.65000
5595.95000
5604.20000
5616.30000
5816.65000
5832.80000
5845.02500
5854.45000
5864.17500
5872.82500
5881.32500
5889.62500
5897.85000
5906.05000
5920.90000
6116.52500
6131.50000
6142.45000
6153.20000
6163.22500
6171.85000
6180.05000
6188.22500
6196.35000
6204.52500
6221.07500
6409.37500
6423.67500
6436.95000
6447.55000
6456.52500
6465.75000
6474.17500
6482.40000
6490.55000
6498.70000
6506.85000
6521.10000
6707.75000
6723.30000
6734.57500
6746.37500
6755.52500
6764.07500
6772.92500
6781.12500
6789.22500
6797.35000
6805.50000
6820.80000
7007.05000
7023.20000
7033.95000
7043.77500
7053.52500
7061.80000
7071.50000
7079.67500
7087.75000
7095.85000
7103.97500
7115.05000
7302.22500
7318.57500
7330.57500
7339.97500
7349.85000
7358.35000
7366.60000
7374.67500
7382.75000
7390.80000
7398.90000
7407.02500
7421.10000
7602.57500
7617.90000
7630.70000
7640.20000
7650.12500
7658.35000
7666.50000
7674.55000
7682.57500
7690.62500
7698.70000
7706.82500
7721.02500
7893.35000
7909.07500
7922.32500
7933.05000
7941.92500
7951.00000
7959.40000
7967.50000
7975.55000
7983.60000
7991.65000
7999.72500
8007.85000
8021.45000
8194.12500
8209.22500
8222.12500
8232.57500
8241.55000
8250.60000
8259.02500
8267.10000
8275.12500
8283.12500
8291.17500
8299.25000
8307.37500
8321.20000
8493.90000
8509.25000
8519.75000
8529.32500
8539.05000
8547.22500
8556.35000
8564.45000
8572.45000
8580.45000
8588.47500
8596.52500
8604.62500
8617.07500
8793.52500
8808.82500
8819.17500
8827.87500
8836.32500
8844.60000
8852.65000
8860.95000
8868.97500
8876.97500
8884.97500
8893.02500
8901.10000
8909.22500
8923.20000
9090.17500
9105.10000
9116.55000
9125.75000
9134.90000
9143.57500
9151.65000
9159.72500
9167.70000
9175.65000
9183.65000
9191.65000
9199.72500
9207.82500
9221.37500
9380.47500
9394.97500
9407.55000
9417.77500
9426.75000
9435.80000
9444.20000
9452.22500
9460.17500
9468.12500
9476.07500
9484.02500
9492.05000
9500.10000
9508.20000
9521.57500
9688.17500
9703.65000
9714.12500
9724.62500
9733.42500
9741.92500
9749.90000
9757.82500
9765.72500
9773.65000
9781.60000
9789.60000
9797.62500
9805.70000
9820.80000
9979.62500
9995.02500
10009.35000
10019.17500
10027.82500
10036.90000
10045.02500
10052.97500
10060.87500
10068.80000
10076.72500
10084.70000
10092.70000
10100.75000
10108.85000
10122.02500
10279.70000
10295.17500
10307.87500
10318.00000
10327.25000
10335.62500
10344.05000
10352.02500
10359.95000
10367.85000
10375.77500
10383.72500
10391.72500
10399.77500
10407.87500
10421.40000
10580.00000
10595.32500
10607.50000
10618.10000
10627.17500
10635.37500
10643.92500
10651.87500
10659.77500
10667.67500
10675.60000
10683.55000
10691.52500
10699.57500
10707.65000
10721.30000
10879.60000
10894.90000
10904.95000
10913.47500
10922.35000
10930.50000
10938.67500
10946.65000
10954.52500
10962.40000
10970.27500
10978.20000
10986.15000
10994.15000
11002.20000
11010.60000
11179.32500
11193.90000
11204.17500
11212.77500
11221.85000
11230.05000
11238.05000
11245.97500
11253.82500
11261.67500
11269.55000
11277.47500
11285.40000
11293.40000
11301.45000
11309.60000
11479.65000
11493.25000
11503.70000
11512.45000
11521.47500
11529.77500
11537.70000
11545.57500
11553.40000
11561.25000
11569.12500
11577.02500
11584.95000
11592.95000
11600.97500
11609.07500
11622.17500
11776.80000
11791.02500
11802.45000
11811.57500
11820.67500
11829.00000
11836.90000
11844.72500
11852.52500
11860.35000
11868.22500
11876.10000
11884.02500
11892.00000
11900.02500
11908.12500
11921.47500
12074.62500
12089.57500
12098.67500
12108.92500
12117.07500
12126.12500
12134.02500
12141.92500
12149.75000
12157.57500
12165.40000
12173.27500
12181.17500
12189.15000
12197.15000
12205.20000
12220.87500
12374.50000
12388.37500
12398.15000
12408.47500
12416.62500
12425.87500
12433.82500
12441.77500
12449.60000
12457.40000
12465.25000
12473.12500
12481.02500
12488.97500
12497.00000
12505.05000
12520.95000
12674.32500
12687.72500
12697.90000
12707.25000
12715.42500
12724.85000
12732.85000
12740.67500
12748.47500
12756.27500
12764.10000
12771.97500
12779.87500
12787.82500
12795.82500
12803.87500
12814.65000
12967.45000
12981.50000
12994.92500
13005.20000
13013.82500
13022.27500
13030.50000
13038.37500
13046.17500
13053.97500
13061.80000
13069.65000
13077.55000
13085.47500
13093.45000
13101.47500
13109.62500
13124.15000
13267.27500
13281.42500
13294.42500
13304.77500
13313.45000
13321.60000
13329.65000
13337.45000
13345.22500
13353.00000
13360.80000
13368.65000
13376.52500
13384.45000
13392.40000
13400.42500
13408.50000
13421.70000
13566.60000
13581.20000
13592.72500
13601.27500
13610.07500
13618.05000
13626.30000
13634.10000
13641.87500
13649.65000
13657.42500
13665.25000
13673.10000
13681.00000
13688.92500
13696.92500
13704.97500
13721.05000
13866.40000
13881.05000
13891.17500
13899.62500
13908.35000
13916.35000
13924.40000
13932.17500
13939.92500
13947.67500
13955.45000
13963.27500
13971.10000
13978.97500
13986.92500
13994.90000
14002.92500
14013.32500
14166.67500
14180.85000
14191.02500
14199.42500
14208.12500
14216.05000
14223.85000
14231.60000
14239.32500
14247.05000
14254.82500
14262.62500
14270.45000
14278.32500
14286.25000
14294.22500
14302.25000
14310.62500
14466.17500
14480.62500
14490.52500
14498.90000
14507.55000
14515.47500
14523.27500
14531.00000
14538.72500
14546.45000
14554.20000
14562.00000
14569.82500
14577.70000
14585.62500
14593.57500
14601.60000
14609.77500
14766.42500
14780.47500
14790.62500
14799.15000
14808.07500
14816.02500
14823.82500
14831.55000
14839.27500
14847.02500
14854.77500
14862.57500
14870.40000
14878.27500
14886.20000
14894.17500
14902.20000
14910.55000

