$ Stimulation Interval(ms): 300
$ Delay(ms): 19.263042
$ Number of data : 563
$ TSTOP : 15000
$ PN stimulation current max : 0
$ LN stimulation current max : 15000
25.22500
35.07500
43.77500
51.92500
59.75000
67.37500
74.90000
82.35000
89.80000
97.22500
104.67500
112.12500
119.60000
127.12500
134.67500
142.27500
149.92500
157.60000
165.35000
173.12500
180.97500
188.85000
196.82500
204.82500
216.82500
1405.80000
1693.77500
1708.45000
1991.95000
2007.62500
2279.40000
2293.95000
2309.47500
2577.82500
2593.32500
2605.55000
2620.62500
2865.45000
2879.80000
2894.40000
2906.50000
3165.27500
3179.55000
3191.55000
3200.70000
3217.30000
3450.97500
3466.02500
3479.67500
3491.45000
3500.57500
3517.87500
3751.12500
3765.25000
3778.62500
3791.70000
3800.75000
3816.82500
4050.72500
4065.05000
4077.00000
4086.07500
4097.82500
4106.47500
4119.77500
4336.85000
4352.62500
4365.72500
4377.27500
4386.22500
4395.25000
4403.95000
4416.90000
4636.65000
4650.92500
4664.72500
4676.92500
4686.05000
4694.47500
4703.35000
4716.22500
4937.17500
4951.45000
4963.50000
4972.47500
4982.32500
4990.87500
4999.42500
5007.75000
5020.47500
5222.70000
5238.17500
5251.37500
5262.90000
5271.87500
5281.12500
5289.72500
5298.07500
5306.37500
5318.90000
5522.25000
5537.97500
5551.27500
5562.90000
5571.82500
5580.90000
5589.45000
5597.77500
5606.05000
5618.42500
5822.40000
5836.22500
5848.77500
5857.72500
5867.75000
5876.22500
5885.15000
5893.42500
5901.62500
5912.95000
6122.77500
6137.02500
6148.82500
6157.57500
6167.57500
6176.02500
6184.47500
6192.67500
6200.87500
6209.47500
6422.75000
6437.02500
6449.02500
6457.82500
6468.87500
6477.27500
6485.47500
6493.62500
6501.80000
6513.45000
6708.62500
6724.05000
6737.00000
6748.87500
6757.60000
6766.70000
6775.15000
6783.35000
6791.50000
6799.65000
6807.82500
6820.22500
7008.17500
7023.40000
7036.42500
7048.12500
7057.00000
7065.32500
7074.00000
7082.15000
7090.27500
7098.40000
7106.55000
7118.70000
7307.95000
7321.90000
7334.35000
7343.02500
7352.22500
7360.65000
7368.95000
7377.05000
7385.12500
7393.22500
7401.32500
7410.65000
7608.40000
7622.35000
7634.67500
7643.30000
7653.10000
7661.42500
7669.80000
7677.90000
7685.97500
7694.05000
7702.15000
7714.25000
7895.45000
7910.27500
7923.47500
7934.82500
7943.52500
7953.65000
7962.05000
7970.17500
7978.22500
7986.27500
7994.35000
8002.47500
8014.75000
8195.55000
8210.15000
8223.27500
8235.07500
8243.70000
8253.30000
8261.60000
8269.70000
8277.75000
8285.80000
8293.85000
8301.95000
8313.40000
8495.07500
8509.62500
8522.67500
8534.47500
8543.10000
8551.92500
8560.30000
8568.35000
8576.37500
8584.40000
8592.42500
8600.50000
8608.70000
8620.92500
8794.10000
8809.17500
8821.42500
8833.42500
8842.25000
8850.32500
8858.92500
8866.95000
8874.92500
8882.92500
8890.95000
8899.00000
8907.10000
8919.25000
9093.85000
9107.82500
9119.67500
9128.37500
9137.22500
9145.55000
9153.62500
9161.62500
9169.60000
9177.57500
9185.57500
9193.60000
9201.67500
9211.75000
9381.05000
9396.22500
9408.47500
9419.87500
9428.50000
9437.55000
9445.82500
9453.85000
9461.82500
9469.77500
9477.72500
9485.72500
9493.72500
9501.80000
9512.32500
9693.02500
9707.12500
9718.90000
9727.70000
9737.75000
9745.90000
9753.87500
9761.80000
9769.72500
9777.67500
9785.65000
9793.67500
9801.72500
9811.97500
9980.45000
9995.75000
10010.00000
10021.32500
10029.80000
10039.45000
10047.57500
10055.62500
10063.55000
10071.50000
10079.45000
10087.42500
10095.45000
10103.50000
10115.57500
10281.22500
10296.00000
10309.30000
10320.52500
10329.25000
10338.42500
10346.57500
10354.57500
10362.50000
10370.42500
10378.37500
10386.35000
10394.37500
10402.42500
10414.45000
10580.67500
10595.90000
10609.12500
10620.50000
10629.15000
10637.55000
10645.77500
10653.75000
10661.67500
10669.57500
10677.52500
10685.47500
10693.50000
10701.55000
10710.97500
10880.27500
10895.52500
10908.50000
10920.30000
10928.97500
10937.05000
10945.15000
10953.05000
10960.92500
10968.82500
10976.72500
10984.67500
10992.67500
11000.72500
11008.92500
11021.07500
11180.32500
11194.97500
11206.62500
11215.30000
11224.27500
11232.40000
11240.40000
11248.30000
11256.17500
11264.05000
11271.92500
11279.85000
11287.80000
11295.80000
11303.85000
11315.85000
11480.45000
11494.15000
11505.40000
11513.95000
11523.00000
11531.20000
11539.12500
11547.00000
11554.85000
11562.72500
11570.60000
11578.52500
11586.47500
11594.45000
11602.50000
11614.47500
11779.92500
11793.72500
11804.80000
11813.47500
11822.67500
11830.82500
11838.75000
11846.62500
11854.47500
11862.32500
11870.20000
11878.10000
11886.05000
11894.02500
11902.07500
11913.20000
12080.22500
12094.50000
12105.82500
12114.35000
12124.00000
12132.10000
12139.97500
12147.82500
12155.67500
12163.52500
12171.40000
12179.30000
12187.25000
12195.25000
12203.30000
12215.35000
12380.32500
12394.87500
12405.72500
12414.25000
12423.95000
12431.97500
12439.82500
12447.67500
12455.50000
12463.32500
12471.20000
12479.10000
12487.05000
12495.02500
12503.07500
12515.17500
12680.25000
12695.87500
12706.62500
12714.97500
12724.50000
12732.50000
12740.35000
12748.15000
12755.97500
12763.80000
12771.67500
12779.57500
12787.52500
12795.52500
12803.57500
12815.60000
12980.67500
12995.00000
13006.25000
13014.70000
13023.15000
13031.40000
13039.30000
13047.12500
13054.95000
13062.77500
13070.65000
13078.55000
13086.50000
13094.47500
13102.52500
13114.45000
13280.27500
13293.82500
13305.72500
13314.32500
13322.77500
13330.80000
13338.60000
13346.40000
13354.20000
13362.00000
13369.85000
13377.75000
13385.67500
13393.65000
13401.67500
13411.27500
13567.47500
13582.22500
13595.25000
13606.60000
13614.95000
13623.37500
13631.25000
13639.07500
13646.85000
13654.62500
13662.45000
13670.30000
13678.17500
13686.10000
13694.07500
13702.12500
13713.17500
13867.52500
13881.92500
13894.57500
13906.22500
13914.57500
13922.45000
13930.22500
13937.97500
13945.75000
13953.52500
13961.32500
13969.15000
13977.02500
13984.92500
13992.90000
14000.92500
14009.17500
14021.25000
14167.75000
14181.82500
14193.85000
14206.00000
14214.35000
14222.20000
14229.95000
14237.70000
14245.45000
14253.20000
14261.00000
14268.82500
14276.67500
14284.60000
14292.55000
14300.57500
14308.67500
14320.72500
14467.67500
14481.05000
14492.27500
14500.80000
14509.27500
14517.30000
14525.12500
14532.87500
14540.62500
14548.37500
14556.15000
14563.95000
14571.80000
14579.67500
14587.60000
14595.60000
14603.62500
14615.60000
14767.40000
14780.92500
14792.00000
14800.40000
14809.77500
14817.82500
14825.65000
14833.40000
14841.15000
14848.90000
14856.67500
14864.50000
14872.32500
14880.22500
14888.15000
14896.12500
14904.17500
14916.10000

