$ Stimulation Interval(ms): 300
$ Delay(ms): 11.426176
$ Number of data : 592
$ TSTOP : 15000
$ PN stimulation current max : 0
$ LN stimulation current max : 15000
17.45000
27.32500
36.05000
44.20000
52.02500
59.65000
67.17500
74.62500
82.07500
89.50000
96.95000
104.40000
111.87500
119.40000
126.95000
134.55000
142.20000
149.87500
157.62500
165.40000
173.25000
181.15000
189.10000
197.12500
205.20000
1105.87500
1392.10000
1407.45000
1677.75000
1694.25000
1707.85000
1977.67500
1993.32500
2006.65000
2263.35000
2279.85000
2293.15000
2304.42500
2563.30000
2579.47500
2592.25000
2604.25000
2858.25000
2873.55000
2887.97500
2897.57500
2907.67500
3148.85000
3165.67500
3178.55000
3190.10000
3199.25000
3208.95000
3444.05000
3460.75000
3474.30000
3483.62500
3493.35000
3502.20000
3734.82500
3751.05000
3763.97500
3775.27500
3784.40000
3793.80000
3802.52500
3813.17500
4029.35000
4045.87500
4060.37500
4074.42500
4083.72500
4093.20000
4101.92500
4111.32500
4329.70000
4346.50000
4359.85000
4369.25000
4378.65000
4387.37500
4396.05000
4404.57500
4415.87500
4622.57500
4637.05000
4649.40000
4660.82500
4669.87500
4679.22500
4687.92500
4696.52500
4705.07500
4920.85000
4937.22500
4950.00000
4961.37500
4970.30000
4979.97500
4988.52500
4996.92500
5005.27500
5215.57500
5231.70000
5245.82500
5255.37500
5265.07500
5273.70000
5282.95000
5291.35000
5299.65000
5307.92500
5515.22500
5531.75000
5545.17500
5554.37500
5563.77500
5572.40000
5580.90000
5589.35000
5597.67500
5605.95000
5807.65000
5822.62500
5834.82500
5846.65000
5855.52500
5864.82500
5873.42500
5881.72500
5890.05000
5898.30000
5906.55000
6107.17500
6122.62500
6134.60000
6145.67500
6154.80000
6164.52500
6172.95000
6181.20000
6189.42500
6197.62500
6205.85000
6407.12500
6422.82500
6434.37500
6446.25000
6455.35000
6464.62500
6473.02500
6481.22500
6489.40000
6497.57500
6505.77500
6702.05000
6717.47500
6731.22500
6740.62500
6750.00000
6758.47500
6767.07500
6775.40000
6783.60000
6791.75000
6799.95000
6808.15000
6993.67500
7008.35000
7021.15000
7032.55000
7041.37500
7050.32500
7058.75000
7066.97500
7075.27500
7083.45000
7091.60000
7099.77500
7107.97500
7301.15000
7317.77500
7330.75000
7339.90000
7349.52500
7358.00000
7366.15000
7374.25000
7382.35000
7390.45000
7398.60000
7406.77500
7594.12500
7608.87500
7620.70000
7632.52500
7641.35000
7651.02500
7659.27500
7667.50000
7675.60000
7683.70000
7691.80000
7699.95000
7708.12500
7892.57500
7908.62500
7920.72500
7932.10000
7941.02500
7950.17500
7958.52500
7966.62500
7974.70000
7982.77500
7990.85000
7998.97500
8007.15000
8192.97500
8208.77500
8220.27500
8232.00000
8240.92500
8249.20000
8257.62500
8265.72500
8273.75000
8281.82500
8289.90000
8298.00000
8306.17500
8488.45000
8503.82500
8516.47500
8525.92500
8535.55000
8543.87500
8552.47500
8560.62500
8568.67500
8576.70000
8584.75000
8592.85000
8600.95000
8609.22500
8787.42500
8803.02500
8816.15000
8825.35000
8834.60000
8843.02500
8851.07500
8859.37500
8867.42500
8875.42500
8883.47500
8891.55000
8899.65000
8907.80000
9087.02500
9103.35000
9116.25000
9125.32500
9134.70000
9143.15000
9151.20000
9159.25000
9167.22500
9175.22500
9183.25000
9191.30000
9199.40000
9207.55000
9378.40000
9393.97500
9405.87500
9417.42500
9426.27500
9435.70000
9444.05000
9452.10000
9460.10000
9468.07500
9476.05000
9484.07500
9492.15000
9500.25000
9508.40000
9678.55000
9693.72500
9705.17500
9715.80000
9725.00000
9733.87500
9742.17500
9750.17500
9758.17500
9766.12500
9774.10000
9782.10000
9790.12500
9798.22500
9806.35000
9978.35000
9994.27500
10005.42500
10014.62500
10024.20000
10032.40000
10041.05000
10049.10000
10057.17500
10065.12500
10073.10000
10081.10000
10089.12500
10097.22500
10105.35000
10116.97500
10278.57500
10294.57500
10306.45000
10317.90000
10326.80000
10334.87500
10343.20000
10351.20000
10359.12500
10367.05000
10375.02500
10383.02500
10391.07500
10399.15000
10407.30000
10578.15000
10594.40000
10605.35000
10613.85000
10622.52500
10630.67500
10638.90000
10646.87500
10654.80000
10662.72500
10670.67500
10678.62500
10686.65000
10694.70000
10702.80000
10712.05000
10876.52500
10890.17500
10902.20000
10911.77500
10921.50000
10929.72500
10937.97500
10945.97500
10953.90000
10961.80000
10969.72500
10977.70000
10985.70000
10993.75000
11001.85000
11010.42500
11173.95000
11189.40000
11201.60000
11210.90000
11220.35000
11228.70000
11236.62500
11244.62500
11252.50000
11260.37500
11268.30000
11276.25000
11284.22500
11292.25000
11300.35000
11308.50000
11466.00000
11480.12500
11492.05000
11503.07500
11511.90000
11521.05000
11529.30000
11537.25000
11545.12500
11552.97500
11560.85000
11568.77500
11576.70000
11584.70000
11592.72500
11600.80000
11609.00000
11765.95000
11780.05000
11791.57500
11802.95000
11811.70000
11820.80000
11829.07500
11837.00000
11844.85000
11852.70000
11860.57500
11868.47500
11876.42500
11884.40000
11892.42500
11900.50000
11908.67500
12064.92500
12080.02500
12091.92500
12103.35000
12112.17500
12121.25000
12129.37500
12137.27500
12145.20000
12153.05000
12160.92500
12168.82500
12176.77500
12184.75000
12192.80000
12200.87500
12209.07500
12366.62500
12380.85000
12392.35000
12402.77500
12411.67500
12420.07500
12428.22500
12436.12500
12444.05000
12451.90000
12459.75000
12467.65000
12475.57500
12483.55000
12491.57500
12499.65000
12507.77500
12665.20000
12680.45000
12691.57500
12700.22500
12709.60000
12717.67500
12726.35000
12734.27500
12742.12500
12749.95000
12757.80000
12765.67500
12773.60000
12781.55000
12789.55000
12797.62500
12805.72500
12965.32500
12980.72500
12992.30000
13003.62500
13012.52500
13020.50000
13028.82500
13036.67500
13044.50000
13052.35000
13060.20000
13068.07500
13076.00000
13083.97500
13092.00000
13100.07500
13108.20000
13265.25000
13280.70000
13292.05000
13300.67500
13309.35000
13317.35000
13325.37500
13333.25000
13341.07500
13348.87500
13356.70000
13364.57500
13372.47500
13380.42500
13388.40000
13396.45000
13404.55000
13414.67500
13564.85000
13580.30000
13591.20000
13599.70000
13608.95000
13617.00000
13625.65000
13633.52500
13641.35000
13649.15000
13656.97500
13664.85000
13672.75000
13680.70000
13688.70000
13696.75000
13704.85000
13715.10000
13865.17500
13879.45000
13889.85000
13898.47500
13907.50000
13915.52500
13923.37500
13931.17500
13938.95000
13946.75000
13954.55000
13962.40000
13970.27500
13978.20000
13986.17500
13994.20000
14002.27500
14011.07500
14164.80000
14178.55000
14189.37500
14197.90000
14207.10000
14215.05000
14222.85000
14230.62500
14238.37500
14246.15000
14253.95000
14261.80000
14269.67500
14277.60000
14285.55000
14293.57500
14301.65000
14310.05000
14460.35000
14475.70000
14487.62500
14496.62500
14506.15000
14514.15000
14521.95000
14529.70000
14537.45000
14545.20000
14553.00000
14560.82500
14568.70000
14576.60000
14584.57500
14592.57500
14600.65000
14608.80000
14760.77500
14775.75000
14788.20000
14797.17500
14806.57500
14814.57500
14822.37500
14830.12500
14837.87500
14845.65000
14853.42500
14861.25000
14869.12500
14877.05000
14885.02500
14893.02500
14901.10000
14909.32500

