$ Stimulation Interval(ms): 300
$ Delay(ms): 39.783039
$ Number of data : 579
$ TSTOP : 15000
$ PN stimulation current max : 0
$ LN stimulation current max : 15000
45.65000
55.45000
64.12500
72.27500
80.07500
87.70000
95.20000
102.67500
110.10000
117.52500
124.97500
132.42500
139.90000
147.42500
154.97500
162.57500
170.20000
177.90000
185.62500
193.42500
201.25000
211.85000
1106.82500
1392.62500
1408.57500
1692.05000
1708.07500
1977.90000
1993.65000
2008.52500
2278.12500
2293.62500
2304.92500
2317.40000
2563.42500
2579.55000
2593.95000
2605.52500
2617.75000
2864.07500
2879.37500
2893.30000
2905.75000
2917.62500
3149.75000
3165.85000
3179.90000
3191.15000
3200.12500
3215.45000
3449.37500
3464.62500
3479.45000
3491.12500
3500.05000
3510.12500
3749.97500
3765.17500
3776.17500
3785.15000
3794.57500
3803.12500
3815.50000
4035.67500
4051.37500
4065.45000
4076.75000
4085.65000
4095.60000
4104.17500
4115.45000
4335.67500
4351.05000
4365.32500
4376.92500
4385.72500
4394.92500
4403.42500
4414.90000
4635.72500
4650.67500
4662.82500
4671.92500
4682.55000
4690.92500
4700.62500
4709.35000
4721.32500
4921.90000
4937.70000
4951.87500
4962.92500
4971.65000
4980.97500
4989.37500
4997.85000
5006.00000
5016.65000
5221.77500
5237.15000
5251.27500
5262.52500
5271.37500
5280.32500
5288.75000
5296.95000
5305.07500
5315.80000
5521.32500
5537.07500
5551.15000
5562.72500
5571.47500
5580.27500
5588.75000
5596.90000
5605.00000
5615.72500
5821.47500
5836.37500
5848.07500
5856.77500
5865.85000
5874.25000
5882.37500
5890.47500
5898.55000
5906.60000
5917.00000
6122.07500
6136.77500
6148.40000
6156.97500
6167.02500
6175.30000
6184.07500
6192.15000
6200.17500
6208.22500
6218.65000
6409.30000
6423.70000
6437.70000
6449.05000
6457.67500
6468.12500
6476.42500
6484.47500
6492.47500
6500.47500
6508.55000
6519.15000
6708.20000
6723.40000
6737.02500
6748.52500
6757.10000
6766.00000
6774.30000
6782.35000
6790.32500
6798.30000
6806.30000
6816.72500
7007.20000
7022.57500
7034.92500
7047.57500
7056.47500
7064.70000
7073.42500
7081.42500
7089.37500
7097.35000
7105.32500
7115.85000
7307.30000
7322.22500
7333.95000
7342.60000
7351.52500
7359.77500
7367.92500
7375.87500
7383.77500
7391.70000
7399.65000
7407.62500
7417.82500
7607.97500
7622.82500
7634.40000
7642.92500
7652.52500
7660.67500
7669.05000
7677.00000
7684.92500
7692.85000
7700.80000
7709.00000
7719.72500
7908.17500
7923.07500
7934.32500
7942.87500
7952.72500
7960.97500
7968.97500
7976.90000
7984.80000
7992.70000
8000.65000
8008.75000
8019.32500
8196.30000
8209.90000
8223.35000
8234.80000
8243.25000
8252.67500
8260.82500
8268.75000
8276.65000
8284.52500
8292.42500
8300.35000
8308.32500
8318.57500
8495.22500
8509.42500
8522.77500
8534.12500
8542.67500
8551.02500
8559.35000
8567.27500
8575.12500
8583.00000
8590.87500
8598.77500
8606.72500
8616.97500
8794.17500
8809.05000
8821.70000
8833.52500
8842.05000
8849.97500
8858.35000
8866.20000
8874.05000
8881.87500
8889.72500
8897.62500
8905.55000
8916.00000
9093.57500
9108.25000
9119.47500
9128.02500
9136.75000
9144.95000
9152.90000
9160.80000
9168.65000
9176.47500
9184.30000
9192.17500
9200.07500
9208.02500
9218.17500
9393.55000
9407.92500
9418.97500
9427.62500
9436.75000
9444.92500
9452.82500
9460.67500
9468.47500
9476.27500
9484.12500
9491.97500
9499.87500
9507.82500
9517.97500
9693.47500
9707.45000
9718.95000
9727.65000
9737.80000
9745.87500
9753.75000
9761.55000
9769.35000
9777.15000
9784.97500
9792.82500
9800.72500
9808.77500
9819.22500
9993.62500
10009.20000
10020.50000
10028.85000
10038.80000
10046.80000
10054.62500
10062.42500
10070.20000
10078.00000
10085.82500
10093.67500
10101.57500
10111.20000
10293.80000
10308.67500
10319.87500
10328.50000
10337.00000
10345.10000
10352.97500
10360.77500
10368.55000
10376.35000
10384.15000
10392.00000
10399.90000
10407.82500
10417.97500
10590.42500
10604.40000
10613.05000
10622.32500
10630.52500
10638.85000
10646.82500
10654.65000
10662.42500
10670.17500
10677.97500
10685.77500
10693.65000
10701.52500
10710.82500
10882.77500
10896.10000
10908.92500
10920.22500
10928.80000
10936.82500
10944.70000
10952.47500
10960.20000
10967.95000
10975.72500
10983.52500
10991.35000
10999.22500
11007.15000
11017.27500
11181.47500
11195.70000
11208.62500
11219.60000
11228.07500
11235.92500
11243.77500
11251.50000
11259.20000
11266.92500
11274.67500
11282.45000
11290.27500
11298.15000
11306.05000
11316.40000
11481.37500
11495.80000
11506.77500
11519.62500
11528.05000
11535.87500
11543.60000
11551.30000
11559.00000
11566.72500
11574.45000
11582.22500
11590.05000
11597.92500
11605.82500
11616.20000
11780.27500
11794.60000
11805.17500
11813.72500
11822.67500
11830.77500
11838.62500
11846.35000
11854.07500
11861.77500
11869.50000
11877.27500
11885.05000
11892.90000
11900.77500
11908.77500
11919.15000
12080.27500
12094.82500
12105.70000
12114.17500
12124.05000
12132.05000
12139.82500
12147.55000
12155.25000
12162.95000
12170.67500
12178.45000
12186.22500
12194.07500
12201.95000
12212.85000
12381.00000
12395.27500
12406.65000
12414.95000
12424.57500
12432.50000
12440.27500
12447.97500
12455.67500
12463.37500
12471.10000
12478.85000
12486.65000
12494.50000
12502.37500
12513.45000
12680.52500
12695.75000
12706.70000
12715.00000
12724.75000
12732.67500
12740.42500
12748.10000
12755.77500
12763.47500
12771.20000
12778.95000
12786.75000
12794.57500
12802.47500
12813.55000
12981.00000
12995.45000
13006.40000
13014.85000
13023.25000
13031.42500
13039.22500
13046.92500
13054.62500
13062.32500
13070.05000
13077.80000
13085.57500
13093.40000
13101.27500
13109.77500
13120.67500
13280.87500
13294.70000
13305.80000
13314.25000
13322.57500
13330.42500
13338.12500
13345.80000
13353.45000
13361.12500
13368.82500
13376.57500
13384.35000
13392.15000
13400.02500
13407.92500
13418.02500
13580.82500
13594.65000
13606.00000
13614.32500
13622.60000
13630.40000
13638.10000
13645.75000
13653.40000
13661.07500
13668.77500
13676.50000
13684.27500
13692.10000
13699.95000
13707.87500
13717.97500
13880.25000
13893.77500
13905.80000
13913.97500
13921.75000
13929.40000
13937.05000
13944.67500
13952.30000
13959.95000
13967.65000
13975.35000
13983.12500
13990.92500
13998.77500
14006.67500
14016.90000
14180.52500
14192.40000
14200.95000
14209.47500
14217.37500
14225.10000
14232.77500
14240.40000
14248.02500
14255.67500
14263.32500
14271.02500
14278.77500
14286.55000
14294.37500
14302.22500
14313.30000
14479.92500
14491.12500
14499.57500
14508.32500
14516.25000
14523.97500
14531.62500
14539.25000
14546.87500
14554.52500
14562.17500
14569.87500
14577.60000
14585.37500
14593.17500
14601.05000
14609.20000
14619.72500
14779.95000
14791.17500
14799.62500
14809.37500
14817.35000
14825.07500
14832.72500
14840.35000
14847.97500
14855.62500
14863.27500
14870.97500
14878.70000
14886.47500
14894.30000
14902.17500
14913.22500

