$ Stimulation Interval(ms): 300
$ Delay(ms): 231.831710
$ Number of data : 613
$ TSTOP : 15000
$ PN stimulation current max : 0
$ LN stimulation current max : 15000
236.62500
249.65000
262.65000
275.62500
288.72500
301.97500
315.40000
328.97500
342.75000
356.67500
370.82500
385.20000
399.80000
414.65000
429.85000
445.40000
461.25000
477.37500
493.85000
511.02500
538.90000
551.87500
564.95000
578.00000
591.22500
604.57500
618.10000
631.80000
645.70000
659.80000
674.10000
688.65000
703.50000
718.65000
734.17500
750.02500
766.12500
782.47500
799.47500
839.30000
852.30000
865.42500
878.55000
891.82500
905.27500
918.87500
932.67500
946.67500
960.87500
975.30000
989.97500
1004.95000
1020.27500
1035.97500
1051.95000
1068.30000
1085.02500
1139.40000
1152.45000
1165.62500
1178.80000
1192.12500
1205.62500
1219.30000
1233.17500
1247.22500
1261.52500
1276.05000
1290.85000
1305.97500
1321.52500
1337.37500
1353.55000
1369.92500
1387.32500
1439.42500
1452.52500
1465.75000
1478.95000
1492.32500
1505.87500
1519.62500
1533.55000
1547.67500
1562.05000
1576.67500
1591.60000
1606.87500
1622.55000
1638.50000
1654.85000
1671.40000
1739.47500
1752.60000
1765.85000
1779.10000
1792.52500
1806.12500
1819.92500
1833.90000
1848.12500
1862.55000
1877.27500
1892.30000
1907.75000
1923.57500
1939.70000
1956.05000
1973.45000
2039.50000
2052.65000
2065.95000
2079.22500
2092.70000
2106.35000
2120.20000
2134.22500
2148.50000
2163.02500
2177.82500
2193.00000
2208.60000
2224.57500
2240.90000
2257.22500
2275.32500
2339.52500
2352.72500
2366.05000
2379.35000
2392.87500
2406.55000
2420.45000
2434.55000
2448.87500
2463.47500
2478.37500
2493.65000
2509.40000
2525.55000
2541.90000
2558.75000
2639.55000
2652.77500
2666.12500
2679.47500
2693.02500
2706.75000
2720.70000
2734.85000
2749.25000
2763.90000
2778.90000
2794.32500
2810.20000
2826.50000
2842.87500
2860.25000
2939.57500
2952.82500
2966.20000
2979.60000
2993.17500
3006.95000
3020.92500
3035.15000
3049.60000
3064.35000
3079.45000
3095.02500
3111.07500
3127.37500
3143.85000
3239.57500
3252.87500
3266.27500
3279.70000
3293.32500
3307.12500
3321.15000
3335.42500
3349.92500
3364.75000
3379.95000
3395.65000
3411.97500
3428.40000
3445.15000
3539.60000
3552.92500
3566.35000
3579.80000
3593.45000
3607.30000
3621.37500
3635.67500
3650.25000
3665.15000
3680.45000
3696.35000
3713.00000
3729.40000
3746.67500
3839.62500
3852.95000
3866.42500
3879.90000
3893.60000
3907.47500
3921.60000
3935.95000
3950.60000
3965.55000
3980.97500
3997.10000
4013.85000
4030.12500
4139.65000
4153.00000
4166.50000
4180.00000
4193.72500
4207.65000
4221.80000
4236.20000
4250.90000
4265.95000
4281.50000
4297.72500
4314.30000
4330.72500
4439.65000
4453.05000
4466.57500
4480.10000
4493.82500
4507.80000
4522.00000
4536.45000
4551.20000
4566.35000
4582.05000
4598.55000
4615.10000
4632.07500
4739.67500
4753.07500
4766.62500
4780.17500
4793.95000
4807.95000
4822.20000
4836.70000
4851.52500
4866.75000
4882.55000
4899.35000
4916.05000
4933.82500
5039.70000
5053.12500
5066.70000
5080.27500
5094.07500
5108.12500
5122.40000
5136.95000
5151.82500
5167.15000
5183.12500
5200.57500
5216.82500
5339.70000
5353.15000
5366.75000
5380.35000
5394.20000
5408.25000
5422.57500
5437.17500
5452.12500
5467.55000
5483.67500
5639.72500
5653.17500
5666.80000
5680.42500
5694.27500
5708.37500
5722.72500
5737.37500
5752.37500
5767.90000
5784.20000
5939.72500
5953.22500
5966.85000
5980.47500
5994.37500
6008.50000
6022.87500
6037.55000
6052.62500
6068.27500
6084.95000
6101.55000
6118.30000
6239.75000
6253.25000
6266.92500
6280.57500
6294.47500
6308.65000
6323.05000
6337.80000
6352.92500
6368.75000
6539.75000
6553.27500
6566.95000
6580.62500
6594.57500
6608.75000
6623.20000
6637.97500
6653.15000
6668.87500
6685.20000
6701.40000
6839.75000
6853.30000
6867.00000
6880.70000
6894.67500
6908.87500
6923.35000
6938.17500
6953.42500
6969.25000
6985.75000
7001.95000
7139.77500
7153.32500
7167.05000
7180.77500
7194.75000
7209.00000
7223.52500
7238.37500
7253.72500
7269.67500
7287.15000
7303.52500
7439.77500
7453.37500
7467.10000
7480.85000
7494.85000
7509.12500
7523.70000
7538.60000
7554.05000
7570.10000
7586.75000
7603.72500
7739.80000
7753.40000
7767.15000
7780.92500
7794.95000
7809.25000
7823.85000
7838.82500
7854.30000
7870.60000
7887.02500
7903.90000
8039.80000
8053.42500
8067.20000
8080.97500
8095.05000
8109.37500
8124.02500
8139.05000
8154.65000
8171.10000
8187.27500
8339.82500
8353.45000
8367.25000
8381.05000
8395.15000
8409.50000
8424.17500
8439.25000
8454.87500
8471.07500
8487.32500
8639.82500
8653.47500
8667.30000
8681.10000
8695.22500
8709.62500
8724.32500
8739.45000
8755.15000
8771.40000
8787.62500
8939.82500
8953.50000
8967.35000
8981.17500
8995.32500
9009.72500
9024.47500
9039.65000
9055.40000
9071.85000
9088.17500
9239.85000
9253.52500
9267.40000
9281.22500
9295.40000
9309.85000
9324.62500
9339.87500
9355.65000
9371.97500
9388.42500
9539.85000
9553.55000
9567.42500
9581.30000
9595.50000
9609.95000
9624.77500
9640.10000
9656.30000
9839.85000
9853.57500
9867.47500
9881.35000
9895.55000
9910.05000
9924.90000
9940.27500
9956.17500
9972.70000
9989.47500
10139.87500
10153.60000
10167.52500
10181.40000
10195.65000
10210.17500
10225.05000
10240.45000
10256.70000
10273.20000
10439.87500
10453.62500
10467.55000
10481.45000
10495.72500
10510.27500
10525.20000
10540.67500
10556.92500
10573.17500
10739.90000
10753.65000
10767.60000
10781.52500
10795.80000
10810.37500
10825.32500
10840.82500
10856.87500
10873.10000
11039.90000
11053.67500
11067.62500
11081.57500
11095.87500
11110.47500
11125.47500
11140.92500
11156.87500
11172.97500
11339.90000
11353.70000
11367.67500
11381.62500
11395.95000
11410.57500
11425.62500
11441.12500
11457.07500
11473.45000
11639.92500
11653.72500
11667.70000
11681.67500
11696.02500
11710.67500
11725.75000
11741.40000
11757.52500
11773.90000
11939.92500
11953.75000
11967.75000
11981.72500
11996.10000
12010.77500
12025.90000
12041.55000
12057.67500
12074.27500
12239.92500
12253.77500
12267.77500
12281.77500
12296.17500
12310.87500
12326.05000
12341.95000
12539.92500
12553.77500
12567.80000
12581.82500
12596.22500
12610.95000
12626.15000
12641.97500
12658.55000
12675.07500
12691.95000
12709.30000
12839.95000
12853.80000
12867.85000
12881.90000
12896.32500
12911.10000
12926.35000
12942.42500
12959.77500
12976.67500
13139.95000
13153.82500
13167.90000
13181.95000
13196.40000
13211.20000
13226.50000
13242.67500
13259.22500
13276.35000
13439.95000
13453.85000
13467.92500
13482.00000
13496.47500
13511.30000
13526.65000
13542.75000
13558.87500
13739.97500
13753.87500
13767.95000
13782.05000
13796.52500
13811.40000
13826.72500
13842.50000
13858.47500
14039.97500
14053.87500
14068.00000
14082.07500
14096.60000
14111.47500
14126.87500
14142.77500
14158.75000
14176.07500
14339.97500
14353.90000
14368.02500
14382.12500
14396.67500
14411.57500
14426.97500
14442.80000
14458.80000
14639.97500
14653.92500
14668.05000
14682.17500
14696.72500
14711.67500
14727.07500
14742.95000
14759.22500
14940.00000
14953.95000
14968.10000
14982.22500
14996.80000

