$ Stimulation Interval(ms): 300
$ Delay(ms): 206.106387
$ Number of data : 562
$ TSTOP : 15000
$ PN stimulation current max : 0
$ LN stimulation current max : 15000
210.82500
223.60000
236.42500
249.32500
262.35000
275.55000
288.87500
302.40000
316.07500
329.95000
344.02500
358.32500
372.87500
387.67500
402.77500
418.27500
434.25000
451.37500
513.55000
526.32500
539.20000
552.17500
565.30000
578.60000
592.05000
605.70000
619.52500
633.55000
647.77500
662.27500
677.00000
692.05000
707.47500
723.40000
740.37500
813.60000
826.37500
839.30000
852.30000
865.50000
878.87500
892.40000
906.10000
920.00000
934.12500
948.45000
963.05000
977.95000
993.17500
1008.85000
1025.30000
1113.62500
1126.42500
1139.37500
1152.42500
1165.67500
1179.07500
1192.67500
1206.42500
1220.40000
1234.57500
1249.00000
1263.70000
1278.70000
1294.10000
1310.05000
1413.65000
1426.47500
1439.47500
1452.55000
1465.82500
1479.27500
1492.90000
1506.72500
1520.75000
1535.00000
1549.50000
1564.30000
1579.40000
1594.95000
1611.20000
1713.65000
1726.50000
1739.52500
1752.65000
1765.97500
1779.45000
1793.12500
1807.00000
1821.07500
1835.40000
1849.97500
1864.85000
1880.07500
1895.80000
1912.42500
2013.62500
2026.50000
2039.55000
2052.70000
2066.07500
2079.60000
2093.30000
2107.22500
2121.37500
2135.75000
2150.40000
2165.35000
2180.70000
2196.62500
2313.65000
2326.55000
2339.62500
2352.80000
2366.20000
2379.75000
2393.50000
2407.47500
2421.65000
2436.10000
2450.82500
2465.87500
2481.35000
2497.50000
2613.67500
2626.60000
2639.70000
2652.90000
2666.32500
2679.92500
2693.72500
2707.72500
2721.95000
2736.45000
2751.25000
2766.37500
2782.00000
2798.32500
2913.70000
2926.65000
2939.75000
2953.00000
2966.45000
2980.07500
2993.92500
3007.97500
3022.25000
3036.80000
3051.67500
3066.90000
3082.67500
3099.32500
3213.72500
3226.67500
3239.82500
3253.10000
3266.57500
3280.25000
3294.10000
3308.20000
3322.55000
3337.15000
3352.10000
3367.42500
3383.37500
3400.20000
3513.72500
3526.72500
3539.90000
3553.17500
3566.70000
3580.40000
3594.30000
3608.45000
3622.82500
3637.50000
3652.52500
3667.97500
3684.07500
3701.67500
3813.75000
3826.75000
3839.95000
3853.25000
3866.80000
3880.52500
3894.47500
3908.65000
3923.10000
3937.82500
3952.92500
3968.50000
3984.75000
4113.75000
4126.77500
4139.97500
4153.32500
4166.90000
4180.65000
4194.65000
4208.85000
4223.35000
4238.15000
4253.32500
4269.02500
4285.50000
4413.75000
4426.80000
4440.05000
4453.40000
4467.00000
4480.80000
4494.80000
4509.07500
4523.60000
4538.47500
4553.72500
4569.57500
4586.02500
4713.77500
4726.85000
4740.10000
4753.47500
4767.10000
4780.92500
4794.97500
4809.27500
4823.87500
4838.80000
4854.15000
4870.15000
4887.35000
5013.77500
5026.87500
5040.15000
5053.55000
5067.20000
5081.05000
5095.15000
5109.50000
5124.12500
5139.10000
5154.55000
5170.67500
5313.80000
5326.90000
5340.20000
5353.62500
5367.30000
5381.17500
5395.30000
5409.67500
5424.37500
5439.40000
5454.95000
5471.20000
5613.80000
5626.92500
5640.25000
5653.70000
5667.40000
5681.30000
5695.45000
5709.87500
5724.60000
5739.72500
5755.37500
5771.85000
5913.82500
5926.97500
5940.30000
5953.75000
5967.47500
5981.42500
5995.60000
6010.07500
6024.85000
6040.02500
6055.80000
6072.47500
6213.82500
6227.00000
6240.35000
6253.82500
6267.57500
6281.55000
6295.75000
6310.25000
6325.10000
6340.35000
6356.25000
6373.25000
6513.85000
6527.02500
6540.37500
6553.90000
6567.67500
6581.65000
6595.90000
6610.45000
6625.32500
6640.65000
6656.72500
6813.85000
6827.05000
6840.42500
6853.95000
6867.75000
6881.77500
6896.05000
6910.62500
6925.55000
6940.95000
6957.15000
7113.87500
7127.07500
7140.47500
7154.00000
7167.82500
7181.87500
7196.17500
7210.80000
7225.77500
7241.27500
7257.50000
7413.87500
7427.10000
7440.50000
7454.07500
7467.90000
7481.97500
7496.32500
7510.97500
7526.00000
7541.57500
7557.95000
7713.90000
7727.12500
7740.55000
7754.12500
7768.00000
7782.10000
7796.45000
7811.15000
7826.22500
7841.90000
7858.82500
8013.90000
8027.15000
8040.60000
8054.20000
8068.07500
8082.20000
8096.60000
8111.32500
8126.47500
8142.25000
8159.25000
8313.90000
8327.17500
8340.62500
8354.25000
8368.15000
8382.30000
8396.72500
8411.50000
8426.70000
8442.60000
8613.92500
8627.20000
8640.67500
8654.30000
8668.22500
8682.40000
8696.85000
8711.65000
8726.92500
8742.95000
8913.92500
8927.22500
8940.70000
8954.35000
8968.30000
8982.50000
8996.97500
9011.82500
9027.12500
9043.35000
9213.95000
9227.25000
9240.75000
9254.40000
9268.37500
9282.57500
9297.10000
9311.97500
9327.37500
9343.80000
9513.95000
9527.25000
9540.77500
9554.45000
9568.42500
9582.67500
9597.22500
9612.15000
9627.60000
9644.02500
9813.95000
9827.27500
9840.80000
9854.50000
9868.50000
9882.77500
9897.35000
9912.32500
9927.82500
9944.30000
10113.97500
10127.30000
10140.85000
10154.55000
10168.57500
10182.87500
10197.47500
10212.47500
10228.07500
10245.35000
10413.97500
10427.32500
10440.87500
10454.60000
10468.65000
10482.95000
10497.60000
10512.65000
10528.32500
10713.97500
10727.35000
10740.90000
10754.65000
10768.70000
10783.05000
10797.70000
10812.80000
10828.55000
11014.00000
11027.35000
11040.95000
11054.67500
11068.77500
11083.12500
11097.82500
11112.95000
11128.80000
11314.00000
11327.37500
11340.97500
11354.72500
11368.82500
11383.20000
11397.92500
11413.10000
11429.05000
11614.00000
11627.40000
11641.00000
11654.77500
11668.87500
11683.27500
11698.02500
11713.25000
11729.35000
11914.00000
11927.40000
11941.02500
11954.82500
11968.95000
11983.37500
11998.15000
12013.42500
12029.70000
12214.02500
12227.42500
12241.05000
12254.85000
12269.00000
12283.45000
12298.25000
12313.57500
12330.15000
12514.02500
12527.45000
12541.10000
12554.90000
12569.07500
12583.52500
12598.37500
12613.72500
12814.02500
12827.45000
12841.10000
12854.92500
12869.12500
12883.60000
12898.47500
12913.87500
13114.02500
13127.47500
13141.12500
13154.97500
13169.17500
13183.67500
13198.55000
13214.02500
13414.05000
13427.50000
13441.15000
13455.00000
13469.22500
13483.75000
13498.65000
13514.17500
13714.05000
13727.50000
13741.17500
13755.05000
13769.27500
13783.80000
13798.75000
13814.30000
14014.05000
14027.52500
14041.20000
14055.07500
14069.32500
14083.87500
14098.85000
14114.47500
14314.05000
14327.52500
14341.22500
14355.10000
14369.37500
14383.95000
14398.95000
14414.62500
14614.07500
14627.55000
14641.25000
14655.15000
14669.42500
14684.02500
14699.05000
14714.80000
14914.07500
14927.55000
14941.27500
14955.17500
14969.47500
14984.07500
14999.15000

