$ Stimulation Interval(ms): 300
$ Delay(ms): 42.976241
$ Number of data : 595
$ TSTOP : 15000
$ PN stimulation current max : 0
$ LN stimulation current max : 15000
48.82500
58.62500
67.30000
75.45000
83.25000
90.87500
98.37500
105.85000
113.27500
120.70000
128.15000
135.60000
143.07500
150.60000
158.15000
165.75000
173.37500
181.05000
188.80000
196.57500
204.42500
218.82500
1103.27500
1389.87500
1405.60000
1687.45000
1701.82500
1972.47500
1988.12500
2002.25000
2263.47500
2279.07500
2292.10000
2303.65000
2556.95000
2573.70000
2587.85000
2597.35000
2607.20000
2857.40000
2872.97500
2887.72500
2897.22500
2907.00000
3144.92500
3160.60000
3174.02500
3183.80000
3194.30000
3205.45000
3442.50000
3459.42500
3473.55000
3482.67500
3492.05000
3500.65000
3509.25000
3735.17500
3751.37500
3764.10000
3775.25000
3784.10000
3793.45000
3801.92500
3815.35000
4029.12500
4045.17500
4059.72500
4069.42500
4079.70000
4088.57500
4098.02500
4106.32500
4328.82500
4345.10000
4359.00000
4368.40000
4377.70000
4386.20000
4394.50000
4402.82500
4414.95000
4628.97500
4645.65000
4659.20000
4668.30000
4677.90000
4686.40000
4694.55000
4703.00000
4715.00000
4921.25000
4937.65000
4949.47500
4960.90000
4969.70000
4979.25000
4987.52500
4995.62500
5003.70000
5015.40000
5221.60000
5236.70000
5248.12500
5260.65000
5269.62500
5278.57500
5287.02500
5295.10000
5303.12500
5314.92500
5514.65000
5530.82500
5544.62500
5553.80000
5563.20000
5571.60000
5579.80000
5588.07500
5596.12500
5604.12500
5615.70000
5815.02500
5831.60000
5844.97500
5853.95000
5863.57500
5872.05000
5880.10000
5888.15000
5896.15000
5904.12500
5915.62500
6115.25000
6131.47500
6142.15000
6152.07500
6161.90000
6170.27500
6178.27500
6186.30000
6194.25000
6202.20000
6214.25000
6408.07500
6423.32500
6434.32500
6446.37500
6455.27500
6464.15000
6472.45000
6480.42500
6488.35000
6496.30000
6504.25000
6515.67500
6708.07500
6723.42500
6733.87500
6746.60000
6755.20000
6763.20000
6771.65000
6779.60000
6787.50000
6795.40000
6803.32500
6814.92500
7001.62500
7017.20000
7030.57500
7039.60000
7048.90000
7057.22500
7065.20000
7073.50000
7081.45000
7089.35000
7097.25000
7105.20000
7116.92500
7301.20000
7317.40000
7330.62500
7339.62500
7349.35000
7357.70000
7365.62500
7373.47500
7381.35000
7389.20000
7397.10000
7405.02500
7416.57500
7601.55000
7617.72500
7628.10000
7637.85000
7648.00000
7656.12500
7664.02500
7671.95000
7679.80000
7687.65000
7695.52500
7703.45000
7714.95000
7901.42500
7917.05000
7926.60000
7935.85000
7944.02500
7952.65000
7960.65000
7968.52500
7976.37500
7984.22500
7992.07500
7999.97500
8007.90000
8194.77500
8209.50000
8220.37500
8232.25000
8240.95000
8248.97500
8257.25000
8265.12500
8272.95000
8280.75000
8288.60000
8296.47500
8304.37500
8315.70000
8494.50000
8509.12500
8519.47500
8528.22500
8537.15000
8545.22500
8553.57500
8561.50000
8569.32500
8577.15000
8584.95000
8592.80000
8600.70000
8608.65000
8793.70000
8806.05000
8817.50000
8826.30000
8835.15000
8843.35000
8851.25000
8859.40000
8867.25000
8875.05000
8882.87500
8890.70000
8898.57500
8906.50000
8921.22500
9090.40000
9104.15000
9116.52500
9125.47500
9134.75000
9143.10000
9150.95000
9158.72500
9166.50000
9174.25000
9182.05000
9189.87500
9197.72500
9205.62500
9217.55000
9389.42500
9403.77500
9416.65000
9425.50000
9434.72500
9442.90000
9450.70000
9458.45000
9466.20000
9473.95000
9481.72500
9489.52500
9497.37500
9505.27500
9516.80000
9688.12500
9703.47500
9714.32500
9723.72500
9732.25000
9740.52500
9748.35000
9756.17500
9763.92500
9771.67500
9779.42500
9787.22500
9795.07500
9802.95000
9814.57500
9988.22500
10002.47500
10012.12500
10021.52500
10029.62500
10038.42500
10046.27500
10054.02500
10061.77500
10069.50000
10077.25000
10085.02500
10092.85000
10100.72500
10108.65000
10288.42500
10303.57500
10312.42500
10321.40000
10329.65000
10337.97500
10345.82500
10353.60000
10361.32500
10369.05000
10376.80000
10384.60000
10392.40000
10400.27500
10408.17500
10588.47500
10602.67500
10611.67500
10621.00000
10629.15000
10637.30000
10645.20000
10652.92500
10660.65000
10668.35000
10676.10000
10683.87500
10691.67500
10699.52500
10707.42500
10721.97500
10881.42500
10895.85000
10906.12500
10914.90000
10923.57500
10931.57500
10939.62500
10947.35000
10955.05000
10962.75000
10970.47500
10978.22500
10985.97500
10993.80000
11001.65000
11009.97500
11181.02500
11194.52500
11204.97500
11213.45000
11222.15000
11230.17500
11237.95000
11245.72500
11253.42500
11261.10000
11268.80000
11276.52500
11284.30000
11292.10000
11299.95000
11307.82500
11322.75000
11481.07500
11493.35000
11503.85000
11512.45000
11521.35000
11529.45000
11537.20000
11544.87500
11552.55000
11560.22500
11567.90000
11575.62500
11583.37500
11591.17500
11599.00000
11606.90000
11621.42500
11780.57500
11792.40000
11803.42500
11812.07500
11821.02500
11829.02500
11836.75000
11844.42500
11852.07500
11859.75000
11867.42500
11875.15000
11882.87500
11890.67500
11898.50000
11906.40000
11920.65000
12080.62500
12093.30000
12104.35000
12112.90000
12121.75000
12129.65000
12137.37500
12145.07500
12152.75000
12160.40000
12168.10000
12175.80000
12183.55000
12191.35000
12199.20000
12207.07500
12221.57500
12380.85000
12392.85000
12403.65000
12412.37500
12421.02500
12429.02500
12436.75000
12444.45000
12452.10000
12459.77500
12467.45000
12475.15000
12482.90000
12490.67500
12498.52500
12506.40000
12520.57500
12680.60000
12693.50000
12702.67500
12711.95000
12719.87500
12727.92500
12735.65000
12743.30000
12750.95000
12758.60000
12766.27500
12773.97500
12781.70000
12789.47500
12797.30000
12805.17500
12816.50000
12981.17500
12993.75000
13004.80000
13013.30000
13021.42500
13029.65000
13037.35000
13045.00000
13052.65000
13060.30000
13067.97500
13075.67500
13083.42500
13091.20000
13099.02500
13106.92500
13121.42500
13280.95000
13292.70000
13304.20000
13312.80000
13320.62500
13328.32500
13335.97500
13343.57500
13351.20000
13358.82500
13366.47500
13374.17500
13381.90000
13389.67500
13397.50000
13405.37500
13416.80000
13576.27500
13589.07500
13598.22500
13607.65000
13615.65000
13623.90000
13631.62500
13639.25000
13646.85000
13654.47500
13662.12500
13669.80000
13677.50000
13685.25000
13693.05000
13700.87500
13708.82500
13876.27500
13889.02500
13898.10000
13907.37500
13915.45000
13923.30000
13930.95000
13938.57500
13946.17500
13953.80000
13961.42500
13969.10000
13976.80000
13984.52500
13992.32500
14000.15000
14008.05000
14022.75000
14175.95000
14189.17500
14197.92500
14207.27500
14215.32500
14223.05000
14230.67500
14238.27500
14245.87500
14253.50000
14261.12500
14268.77500
14276.47500
14284.22500
14292.00000
14299.82500
14307.72500
14322.07500
14475.47500
14488.77500
14497.60000
14506.97500
14514.97500
14522.65000
14530.27500
14537.87500
14545.45000
14553.05000
14560.67500
14568.35000
14576.02500
14583.77500
14591.55000
14599.37500
14607.25000
14621.65000
14774.92500
14788.65000
14797.45000
14806.92500
14814.82500
14822.52500
14830.12500
14837.70000
14845.27500
14852.87500
14860.50000
14868.15000
14875.85000
14883.57500
14891.35000
14899.17500
14907.05000
14921.47500

