$ Stimulation Interval(ms): 300
$ Delay(ms): 248.865914
$ Number of data : 718
$ TSTOP : 15000
$ PN stimulation current max : 0
$ LN stimulation current max : 15000
253.72500
266.72500
279.65000
292.57500
305.62500
318.80000
332.15000
345.65000
359.32500
373.20000
387.22500
401.47500
415.92500
430.62500
445.62500
460.82500
476.22500
491.85000
507.75000
524.70000
556.45000
569.37500
582.37500
595.37500
608.50000
621.80000
635.27500
648.90000
662.72500
676.72500
690.92500
705.32500
720.00000
734.95000
750.12500
765.45000
781.00000
796.85000
813.40000
856.47500
869.47500
882.52500
895.57500
908.77500
922.15000
935.70000
949.40000
963.30000
977.40000
991.67500
1006.20000
1021.00000
1036.05000
1051.37500
1066.90000
1082.62500
1098.62500
1115.50000
1156.45000
1169.50000
1182.60000
1195.70000
1208.95000
1222.37500
1235.97500
1249.77500
1263.72500
1277.90000
1292.27500
1306.90000
1321.82500
1337.00000
1352.37500
1367.92500
1383.82500
1399.87500
1456.55000
1469.62500
1482.77500
1495.92500
1509.22500
1522.70000
1536.35000
1550.20000
1564.22500
1578.45000
1592.92500
1607.65000
1622.67500
1637.95000
1653.37500
1669.02500
1685.02500
1701.22500
1756.57500
1769.70000
1782.87500
1796.05000
1809.42500
1822.95000
1836.65000
1850.55000
1864.62500
1878.92500
1893.47500
1908.30000
1923.40000
1938.72500
1954.20000
1970.07500
1986.12500
2002.50000
2056.60000
2069.75000
2082.97500
2096.20000
2109.60000
2123.17500
2136.92500
2150.87500
2165.02500
2179.40000
2194.02500
2208.95000
2224.15000
2239.57500
2255.12500
2271.10000
2287.20000
2303.80000
2356.62500
2369.80000
2383.07500
2396.32500
2409.77500
2423.37500
2437.20000
2451.20000
2465.40000
2479.85000
2494.55000
2509.55000
2524.82500
2540.22500
2555.92500
2571.92500
2588.20000
2605.07500
2656.65000
2669.87500
2683.17500
2696.45000
2709.95000
2723.60000
2737.45000
2751.50000
2765.77500
2780.27500
2795.07500
2810.15000
2825.55000
2841.02500
2856.85000
2872.90000
2889.32500
2906.52500
2956.67500
2969.92500
2983.25000
2996.57500
3010.10000
3023.82500
3037.72500
3051.82500
3066.15000
3080.72500
3095.60000
3110.75000
3126.12500
3141.70000
3157.67500
3173.80000
3190.40000
3207.90000
3256.70000
3270.00000
3283.35000
3296.72500
3310.27500
3324.02500
3337.97500
3352.12500
3366.52500
3381.15000
3396.10000
3411.37500
3426.87500
3442.55000
3458.60000
3474.80000
3491.67500
3508.65000
3556.75000
3570.05000
3583.45000
3596.85000
3610.45000
3624.25000
3638.22500
3652.45000
3666.87500
3681.60000
3696.60000
3711.95000
3727.37500
3743.17500
3759.27500
3775.65000
3793.90000
3856.75000
3870.10000
3883.52500
3896.95000
3910.60000
3924.42500
3938.45000
3952.70000
3967.20000
3982.00000
3997.10000
4012.52500
4028.00000
4043.90000
4060.00000
4076.50000
4093.65000
4156.77500
4170.15000
4183.60000
4197.07500
4210.72500
4224.60000
4238.67500
4253.00000
4267.55000
4282.40000
4297.57500
4313.02500
4328.65000
4344.72500
4360.82500
4377.67500
4394.72500
4456.80000
4470.20000
4483.70000
4497.17500
4510.87500
4524.80000
4538.90000
4553.27500
4567.87500
4582.80000
4598.05000
4613.50000
4629.17500
4645.27500
4661.47500
4678.60000
4695.75000
4756.82500
4770.25000
4783.77500
4797.27500
4811.02500
4824.97500
4839.15000
4853.55000
4868.20000
4883.17500
4898.50000
4914.02500
4929.80000
4945.87500
4962.40000
4980.15000
5056.82500
5070.30000
5083.85000
5097.37500
5111.15000
5125.15000
5139.35000
5153.80000
5168.52500
5183.52500
5198.87500
5214.35000
5230.25000
5246.37500
5262.97500
5279.75000
5356.85000
5370.35000
5383.92500
5397.47500
5411.30000
5425.32500
5439.55000
5454.05000
5468.82500
5483.95000
5499.42500
5514.92500
5530.97500
5547.02500
5563.77500
5580.77500
5656.87500
5670.37500
5683.97500
5697.57500
5711.42500
5725.47500
5739.77500
5754.30000
5769.15000
5784.30000
5799.80000
5815.40000
5831.52500
5847.65000
5864.60000
5881.95000
5956.87500
5970.42500
5984.05000
5997.67500
6011.55000
6025.65000
6039.97500
6054.57500
6069.45000
6084.75000
6100.22500
6115.95000
6132.10000
6148.47500
6165.92500
6256.90000
6270.47500
6284.12500
6297.77500
6311.67500
6325.80000
6340.17500
6354.80000
6369.72500
6385.07500
6400.55000
6416.37500
6432.42500
6449.00000
6465.85000
6556.92500
6570.50000
6584.17500
6597.85000
6611.80000
6625.95000
6640.35000
6655.02500
6670.02500
6685.37500
6700.90000
6716.80000
6732.80000
6749.57500
6766.47500
6856.92500
6870.55000
6884.25000
6897.95000
6911.92500
6926.10000
6940.55000
6955.25000
6970.30000
6985.75000
7001.20000
7017.25000
7033.22500
7050.17500
7067.47500
7156.95000
7170.57500
7184.32500
7198.05000
7212.02500
7226.25000
7240.75000
7255.50000
7270.62500
7286.12500
7301.67500
7317.87500
7333.95000
7350.77500
7456.97500
7470.62500
7484.37500
7498.12500
7512.15000
7526.40000
7540.92500
7555.72500
7570.90000
7586.42500
7602.05000
7618.12500
7634.52500
7756.97500
7770.65000
7784.42500
7798.20000
7812.25000
7826.52500
7841.07500
7855.92500
7871.20000
7886.65000
7902.37500
7918.37500
7934.75000
7951.80000
8057.00000
8070.70000
8084.47500
8098.27500
8112.35000
8126.67500
8141.25000
8156.15000
8171.45000
8186.87500
8202.70000
8218.77500
8235.45000
8252.50000
8357.00000
8370.72500
8384.55000
8398.35000
8412.45000
8426.80000
8441.45000
8456.37500
8471.70000
8487.15000
8503.02500
8518.92500
8535.60000
8552.62500
8657.02500
8670.75000
8684.60000
8698.42500
8712.57500
8726.95000
8741.62500
8756.60000
8771.97500
8787.40000
8803.35000
8819.27500
8836.15000
8853.30000
8957.02500
8970.80000
8984.65000
8998.52500
9012.67500
9027.10000
9041.80000
9056.82500
9072.25000
9087.72500
9103.77500
9119.80000
9136.90000
9257.05000
9270.82500
9284.72500
9298.60000
9312.77500
9327.22500
9341.95000
9357.02500
9372.50000
9388.05000
9404.20000
9420.30000
9437.55000
9557.05000
9570.85000
9584.77500
9598.65000
9612.87500
9627.35000
9642.10000
9657.22500
9672.82500
9688.40000
9704.47500
9720.67500
9738.37500
9857.07500
9870.90000
9884.82500
9898.72500
9912.97500
9927.47500
9942.25000
9957.42500
9972.97500
9988.62500
10004.42500
10020.62500
10037.60000
10157.07500
10170.92500
10184.87500
10198.80000
10213.07500
10227.62500
10242.42500
10257.65000
10273.15000
10288.92500
10305.10000
10321.60000
10338.77500
10457.10000
10470.95000
10484.92500
10498.87500
10513.17500
10527.75000
10542.62500
10557.85000
10573.35000
10589.20000
10605.22500
10622.00000
10639.50000
10757.10000
10770.97500
10784.97500
10798.95000
10813.27500
10827.87500
10842.77500
10858.10000
10873.57500
10889.52500
10905.42500
10922.17500
10940.25000
11057.10000
11071.00000
11085.02500
11099.02500
11113.37500
11128.00000
11142.90000
11158.22500
11173.67500
11189.62500
11205.57500
11222.45000
11357.12500
11371.05000
11385.07500
11399.07500
11413.45000
11428.12500
11443.05000
11458.40000
11473.90000
11489.97500
11505.95000
11523.42500
11657.12500
11671.07500
11685.12500
11699.15000
11713.55000
11728.25000
11743.22500
11758.67500
11774.17500
11790.22500
11806.30000
11957.15000
11971.10000
11985.15000
11999.20000
12013.62500
12028.35000
12043.37500
12058.85000
12074.32500
12090.17500
12106.32500
12123.27500
12257.15000
12271.12500
12285.20000
12299.27500
12313.72500
12328.47500
12343.55000
12359.12500
12374.67500
12390.45000
12406.70000
12423.80000
12557.15000
12571.15000
12585.25000
12599.32500
12613.80000
12628.57500
12643.72500
12659.25000
12674.82500
12690.60000
12706.57500
12723.42500
12857.17500
12871.17500
12885.30000
12899.40000
12913.90000
12928.67500
12943.85000
12959.42500
12975.07500
12991.07500
13007.77500
13157.17500
13171.20000
13185.32500
13199.45000
13213.97500
13228.75000
13243.90000
13259.35000
13275.07500
13291.10000
13308.45000
13457.20000
13471.22500
13485.37500
13499.50000
13514.05000
13528.87500
13544.05000
13559.45000
13575.20000
13591.05000
13608.22500
13757.20000
13771.25000
13785.42500
13799.57500
13814.12500
13828.97500
13844.22500
13859.60000
13875.42500
13891.30000
13908.40000
14057.20000
14071.27500
14085.45000
14099.62500
14114.20000
14129.07500
14144.35000
14159.72500
14175.55000
14191.55000
14357.20000
14371.30000
14385.50000
14399.67500
14414.27500
14429.15000
14444.40000
14459.70000
14475.55000
14491.62500
14657.22500
14671.30000
14685.52500
14699.72500
14714.35000
14729.22500
14744.50000
14759.87500
14775.55000
14791.52500
14808.92500
14957.22500
14971.32500
14985.57500
14999.77500

