$ Stimulation Interval(ms): 300
$ Delay(ms): 39.167719
$ Number of data : 633
$ TSTOP : 15000
$ PN stimulation current max : 0
$ LN stimulation current max : 15000
45.02500
54.82500
63.52500
71.65000
79.47500
87.07500
94.60000
102.05000
109.50000
116.92500
124.35000
131.82500
139.30000
146.82500
154.37500
161.95000
169.60000
177.27500
185.02500
192.80000
200.65000
211.65000
802.12500
1089.22500
1105.30000
1375.57500
1391.02500
1405.32500
1670.00000
1686.55000
1700.65000
1961.30000
1977.20000
1990.57500
2002.70000
2247.12500
2262.50000
2277.40000
2290.05000
2302.47500
2318.05000
2547.12500
2562.65000
2575.47500
2587.75000
2596.97500
2606.77500
2842.05000
2858.27500
2872.47500
2883.40000
2893.77500
2905.00000
2920.97500
3134.25000
3148.57500
3162.42500
3174.30000
3188.57500
3197.55000
3207.27500
3432.45000
3448.65000
3461.27500
3473.60000
3482.52500
3491.92500
3500.55000
3509.45000
3719.77500
3734.45000
3749.70000
3761.67500
3773.97500
3783.00000
3792.80000
3801.40000
3817.45000
4019.10000
4034.17500
4047.12500
4059.72500
4068.75000
4078.55000
4086.97500
4096.22500
4104.52500
4117.62500
4319.42500
4334.55000
4346.95000
4359.25000
4368.35000
4377.62500
4386.10000
4394.67500
4403.02500
4414.82500
4618.37500
4632.12500
4645.62500
4658.55000
4667.70000
4677.50000
4686.15000
4694.32500
4702.97500
4714.52500
4906.12500
4920.57500
4935.50000
4947.02500
4959.87500
4968.87500
4978.55000
4986.87500
4994.97500
5003.02500
5014.25000
5205.55000
5220.37500
5232.45000
5245.32500
5254.45000
5263.77500
5272.17500
5281.12500
5289.40000
5297.50000
5305.55000
5318.15000
5505.60000
5520.70000
5532.62500
5544.85000
5553.70000
5563.17500
5571.67500
5580.15000
5588.55000
5596.62500
5604.67500
5617.45000
5805.62500
5820.35000
5832.50000
5844.60000
5853.67500
5863.35000
5871.85000
5879.90000
5888.15000
5896.17500
5904.20000
5916.85000
6104.00000
6116.85000
6131.47500
6140.85000
6150.65000
6159.25000
6168.40000
6176.50000
6184.70000
6192.67500
6200.65000
6208.70000
6401.67500
6416.37500
6430.85000
6440.30000
6450.17500
6458.50000
6467.70000
6475.82500
6483.80000
6491.72500
6499.70000
6507.67500
6693.37500
6707.15000
6719.07500
6731.12500
6740.30000
6749.40000
6757.67500
6766.05000
6774.25000
6782.22500
6790.17500
6798.12500
6806.10000
6818.55000
6991.90000
7006.45000
7018.12500
7030.42500
7039.30000
7048.72500
7057.20000
7065.25000
7073.70000
7081.65000
7089.57500
7097.52500
7105.47500
7117.92500
7291.90000
7306.72500
7318.67500
7330.62500
7339.57500
7349.32500
7357.70000
7365.67500
7373.57500
7381.45000
7389.35000
7397.25000
7405.20000
7417.67500
7591.90000
7607.07500
7618.62500
7630.97500
7639.92500
7649.62500
7657.70000
7665.60000
7673.50000
7681.35000
7689.25000
7697.15000
7705.10000
7717.60000
7891.70000
7907.17500
7918.80000
7931.40000
7940.25000
7949.05000
7957.35000
7965.25000
7973.10000
7980.92500
7988.80000
7996.70000
8004.62500
8017.15000
8188.42500
8203.25000
8216.77500
8225.97500
8235.47500
8243.65000
8252.35000
8260.30000
8268.17500
8276.00000
8283.85000
8291.72500
8299.62500
8307.57500
8321.57500
8488.52500
8503.05000
8515.75000
8525.55000
8535.15000
8543.30000
8551.90000
8559.92500
8567.80000
8575.62500
8583.47500
8591.32500
8599.22500
8607.17500
8620.32500
8787.75000
8803.00000
8815.55000
8824.55000
8834.07500
8842.42500
8850.30000
8858.52500
8866.37500
8874.17500
8882.00000
8889.82500
8897.72500
8905.65000
8917.97500
9087.25000
9102.80000
9115.15000
9124.22500
9133.85000
9142.35000
9150.20000
9158.07500
9165.85000
9173.62500
9181.42500
9189.25000
9197.12500
9205.05000
9217.50000
9378.95000
9393.32500
9404.95000
9416.47500
9425.35000
9434.72500
9442.85000
9450.67500
9458.45000
9466.20000
9473.95000
9481.75000
9489.60000
9497.45000
9505.37500
9517.75000
9679.05000
9692.92500
9704.70000
9714.92500
9724.15000
9732.95000
9741.20000
9749.02500
9756.80000
9764.55000
9772.30000
9780.07500
9787.90000
9795.75000
9803.67500
9814.80000
9978.65000
9993.17500
10004.30000
10013.17500
10022.67500
10030.72500
10039.22500
10047.10000
10054.87500
10062.62500
10070.37500
10078.15000
10085.95000
10093.80000
10101.70000
10110.12500
10278.42500
10293.62500
10305.15000
10313.90000
10322.95000
10331.00000
10339.45000
10347.32500
10355.07500
10362.82500
10370.55000
10378.32500
10386.15000
10393.97500
10401.87500
10410.55000
10578.22500
10592.12500
10604.02500
10612.70000
10621.50000
10629.62500
10637.65000
10645.57500
10653.35000
10661.07500
10668.82500
10676.57500
10684.37500
10692.22500
10700.10000
10708.02500
10878.17500
10891.30000
10902.50000
10911.75000
10921.30000
10929.37500
10937.35000
10945.27500
10953.00000
10960.72500
10968.45000
10976.20000
10984.00000
10991.82500
10999.70000
11007.60000
11021.10000
11178.05000
11190.57500
11202.10000
11210.97500
11220.30000
11228.60000
11236.37500
11244.07500
11251.75000
11259.45000
11267.15000
11274.90000
11282.67500
11290.47500
11298.35000
11306.25000
11318.47500
11477.27500
11490.25000
11501.95000
11510.85000
11520.15000
11528.32500
11536.07500
11543.75000
11551.42500
11559.10000
11566.80000
11574.52500
11582.30000
11590.10000
11597.95000
11605.85000
11618.10000
11774.75000
11789.62500
11801.87500
11810.82500
11820.37500
11828.47500
11836.20000
11843.85000
11851.50000
11859.17500
11866.87500
11874.60000
11882.37500
11890.17500
11898.02500
11905.95000
11918.17500
12074.62500
12089.32500
12098.72500
12108.20000
12116.20000
12124.77500
12132.60000
12140.30000
12147.97500
12155.62500
12163.32500
12171.02500
12178.77500
12186.57500
12194.40000
12202.27500
12212.00000
12374.60000
12388.82500
12398.02500
12407.85000
12415.90000
12424.60000
12432.42500
12440.12500
12447.80000
12455.45000
12463.15000
12470.85000
12478.60000
12486.37500
12494.20000
12502.07500
12511.05000
12674.52500
12687.87500
12697.50000
12706.82500
12714.97500
12723.57500
12731.35000
12739.05000
12746.70000
12754.35000
12762.02500
12769.72500
12777.47500
12785.25000
12793.07500
12800.95000
12808.90000
12974.90000
12988.67500
12997.62500
13007.05000
13015.10000
13023.37500
13031.30000
13039.00000
13046.65000
13054.30000
13061.97500
13069.67500
13077.42500
13085.20000
13093.02500
13100.90000
13108.85000
13267.37500
13280.77500
13292.30000
13304.05000
13312.60000
13320.40000
13328.27500
13335.95000
13343.57500
13351.20000
13358.85000
13366.52500
13374.25000
13382.00000
13389.80000
13397.65000
13405.55000
13417.85000
13566.85000
13580.75000
13591.67500
13600.15000
13608.95000
13616.87500
13625.15000
13632.85000
13640.50000
13648.12500
13655.75000
13663.42500
13671.12500
13678.85000
13686.62500
13694.45000
13702.32500
13712.10000
13866.20000
13880.42500
13890.87500
13899.32500
13908.40000
13916.37500
13924.35000
13932.02500
13939.65000
13947.27500
13954.92500
13962.57500
13970.25000
13978.00000
13985.75000
13993.57500
14001.45000
14009.55000
14166.27500
14180.55000
14190.97500
14199.35000
14208.00000
14215.95000
14223.65000
14231.27500
14238.90000
14246.50000
14254.12500
14261.77500
14269.45000
14277.17500
14284.95000
14292.75000
14300.62500
14308.52500
14465.95000
14479.77500
14490.42500
14498.82500
14507.72500
14515.70000
14523.40000
14531.02500
14538.62500
14546.22500
14553.85000
14561.50000
14569.17500
14576.90000
14584.65000
14592.47500
14600.32500
14608.22500
14765.95000
14779.80000
14790.27500
14798.77500
14808.02500
14815.90000
14823.57500
14831.20000
14838.80000
14846.40000
14854.00000
14861.65000
14869.32500
14877.05000
14884.82500
14892.62500
14900.47500
14908.40000

