$ Stimulation Interval(ms): 300
$ Delay(ms): 42.581014
$ Number of data : 584
$ TSTOP : 15000
$ PN stimulation current max : 0
$ LN stimulation current max : 15000
48.42500
58.22500
66.90000
75.05000
82.87500
90.47500
98.00000
105.45000
112.87500
120.30000
127.75000
135.20000
142.67500
150.20000
157.75000
165.35000
172.97500
180.67500
188.40000
196.20000
204.02500
217.10000
1105.82500
1392.17500
1407.55000
1690.47500
1706.60000
1977.70000
1993.15000
2007.12500
2276.15000
2291.80000
2303.77500
2320.70000
2563.30000
2579.00000
2592.50000
2604.45000
2620.62500
2863.12500
2878.45000
2889.95000
2899.00000
2908.97500
3149.75000
3165.80000
3178.90000
3190.47500
3199.37500
3209.07500
3449.35000
3464.70000
3478.50000
3490.47500
3499.55000
3508.50000
3744.55000
3760.45000
3773.72500
3783.10000
3792.87500
3801.47500
3815.80000
4035.82500
4051.42500
4064.35000
4076.00000
4084.85000
4094.45000
4103.00000
4115.92500
4335.57500
4350.25000
4362.77500
4375.50000
4384.65000
4393.80000
4402.50000
4415.15000
4635.57500
4649.50000
4661.57500
4670.42500
4679.92500
4688.42500
4697.00000
4705.37500
4720.10000
4921.67500
4937.62500
4950.57500
4962.05000
4970.80000
4980.22500
4988.57500
4996.87500
5005.00000
5019.87500
5221.85000
5237.15000
5249.77500
5261.57500
5270.47500
5279.60000
5288.07500
5296.20000
5304.27500
5317.10000
5521.37500
5536.40000
5548.57500
5561.00000
5570.15000
5578.70000
5587.57500
5595.70000
5603.75000
5616.07500
5819.90000
5834.37500
5846.92500
5855.72500
5865.20000
5873.65000
5882.02500
5890.12500
5898.15000
5906.17500
5920.15000
6116.67500
6132.57500
6144.35000
6153.97500
6164.62500
6172.85000
6180.95000
6188.95000
6196.92500
6204.90000
6219.40000
6416.90000
6432.37500
6442.80000
6453.10000
6461.55000
6470.52500
6478.62500
6486.57500
6494.55000
6502.50000
6513.60000
6708.62500
6723.42500
6735.40000
6747.17500
6756.07500
6765.05000
6773.62500
6781.62500
6789.57500
6797.52500
6805.50000
6819.90000
7007.45000
7022.10000
7033.95000
7046.80000
7055.92500
7064.02500
7072.95000
7080.92500
7088.85000
7096.77500
7104.72500
7117.52500
7307.77500
7321.42500
7333.47500
7342.07500
7351.20000
7359.45000
7367.67500
7375.60000
7383.50000
7391.40000
7399.30000
7407.25000
7420.45000
7603.82500
7619.07500
7631.27500
7640.55000
7650.57500
7658.67500
7666.72500
7674.60000
7682.45000
7690.32500
7698.22500
7706.17500
7720.07500
7902.95000
7918.87500
7931.32500
7940.55000
7950.25000
7958.47500
7966.40000
7974.25000
7982.10000
7989.97500
7997.87500
8005.80000
8019.97500
8203.12500
8218.57500
8228.30000
8238.25000
8246.37500
8255.42500
8263.40000
8271.27500
8279.10000
8286.95000
8294.85000
8302.75000
8313.87500
8495.20000
8509.42500
8520.65000
8531.40000
8540.55000
8548.55000
8557.22500
8565.15000
8573.00000
8580.82500
8588.67500
8596.55000
8604.47500
8616.52500
8795.60000
8809.70000
8820.87500
8832.40000
8841.30000
8849.22500
8857.85000
8865.70000
8873.52500
8881.32500
8889.17500
8897.05000
8904.95000
8917.87500
9094.05000
9108.02500
9119.32500
9127.95000
9136.52500
9144.72500
9152.62500
9160.45000
9168.25000
9176.05000
9183.87500
9191.70000
9199.57500
9207.50000
9220.50000
9394.32500
9407.42500
9418.45000
9427.22500
9436.32500
9444.45000
9452.32500
9460.12500
9467.90000
9475.67500
9483.47500
9491.30000
9499.17500
9507.10000
9520.35000
9693.02500
9705.80000
9716.17500
9725.67500
9736.00000
9744.05000
9751.87500
9759.62500
9767.37500
9775.15000
9782.95000
9790.77500
9798.62500
9806.52500
9820.17500
9992.32500
10005.07500
10014.22500
10024.52500
10032.70000
10041.27500
10049.17500
10056.95000
10064.70000
10072.47500
10080.25000
10088.05000
10095.90000
10103.77500
10115.65000
10290.15000
10305.22500
10314.20000
10324.05000
10332.10000
10341.15000
10349.00000
10356.75000
10364.47500
10372.22500
10380.00000
10387.80000
10395.62500
10403.52500
10415.35000
10589.72500
10604.92500
10613.50000
10622.30000
10630.45000
10638.55000
10646.42500
10654.20000
10661.92500
10669.67500
10677.42500
10685.20000
10693.02500
10700.90000
10708.87500
10721.27500
10889.67500
10902.47500
10912.07500
10922.02500
10930.22500
10938.70000
10946.52500
10954.27500
10961.97500
10969.72500
10977.47500
10985.25000
10993.07500
11000.92500
11008.90000
11021.30000
11189.80000
11201.90000
11211.30000
11221.20000
11229.45000
11237.27500
11245.10000
11252.80000
11260.50000
11268.22500
11275.95000
11283.72500
11291.52500
11299.37500
11307.27500
11320.42500
11489.95000
11502.57500
11511.65000
11521.25000
11529.50000
11537.32500
11545.02500
11552.70000
11560.40000
11568.10000
11575.82500
11583.60000
11591.40000
11599.25000
11607.15000
11620.37500
11783.45000
11795.77500
11805.97500
11814.35000
11822.90000
11830.92500
11838.72500
11846.42500
11854.12500
11861.80000
11869.52500
11877.25000
11885.02500
11892.82500
11900.67500
11908.60000
11921.07500
12081.85000
12095.02500
12105.97500
12114.40000
12123.52500
12131.45000
12139.20000
12146.90000
12154.55000
12162.25000
12169.95000
12177.67500
12185.45000
12193.25000
12201.10000
12209.12500
12221.45000
12382.12500
12396.10000
12406.67500
12414.92500
12423.97500
12431.85000
12439.57500
12447.22500
12454.90000
12462.57500
12470.27500
12478.00000
12485.77500
12493.57500
12501.42500
12509.60000
12521.90000
12681.52500
12696.17500
12706.60000
12714.95000
12723.80000
12731.65000
12739.37500
12747.05000
12754.72500
12762.40000
12770.07500
12777.82500
12785.57500
12793.40000
12801.25000
12809.30000
12821.60000
12981.37500
12994.65000
13005.85000
13014.27500
13022.65000
13030.65000
13038.37500
13046.05000
13053.70000
13061.35000
13069.05000
13076.77500
13084.52500
13092.32500
13100.17500
13108.07500
13120.77500
13281.27500
13294.10000
13305.37500
13314.02500
13322.32500
13330.15000
13337.80000
13345.45000
13353.07500
13360.75000
13368.42500
13376.12500
13383.87500
13391.67500
13399.52500
13407.40000
13420.47500
13580.77500
13593.02500
13601.85000
13610.67500
13618.57500
13626.62500
13634.32500
13641.97500
13649.60000
13657.25000
13664.92500
13672.60000
13680.32500
13688.10000
13695.92500
13703.77500
13715.57500
13879.90000
13891.60000
13900.15000
13909.05000
13917.05000
13925.25000
13932.95000
13940.60000
13948.20000
13955.85000
13963.50000
13971.17500
13978.90000
13986.65000
13994.47500
14002.32500
14012.25000
14178.87500
14190.92500
14199.47500
14208.37500
14216.32500
14224.05000
14231.67500
14239.30000
14246.90000
14254.52500
14262.15000
14269.82500
14277.55000
14285.30000
14293.07500
14300.92500
14308.85000
14321.22500
14477.10000
14489.45000
14498.27500
14507.37500
14515.42500
14523.15000
14530.77500
14538.40000
14546.00000
14553.60000
14561.25000
14568.90000
14576.60000
14584.35000
14592.12500
14599.97500
14607.85000
14620.65000
14779.57500
14791.15000
14799.67500
14808.87500
14816.75000
14824.45000
14832.07500
14839.67500
14847.27500
14854.90000
14862.55000
14870.20000
14877.92500
14885.67500
14893.47500
14901.30000
14909.35000
14921.60000

