$ Stimulation Interval(ms): 300
$ Delay(ms): 45.313495
$ Number of data : 623
$ TSTOP : 15000
$ PN stimulation current max : 0
$ LN stimulation current max : 15000
51.15000
60.95000
69.62500
77.75000
85.57500
93.17500
100.70000
108.15000
115.60000
123.02500
130.45000
137.92500
145.40000
152.90000
160.47500
168.05000
175.70000
183.37500
191.12500
198.90000
207.42500
804.40000
1090.80000
1107.02500
1389.72500
1405.42500
1675.80000
1692.07500
1705.87500
1963.47500
1978.60000
1992.15000
2003.55000
2020.30000
2257.50000
2276.05000
2287.77500
2301.30000
2312.80000
2556.07500
2571.30000
2585.97500
2595.15000
2605.20000
2619.52500
2847.92500
2863.95000
2877.07500
2888.52500
2897.40000
2907.20000
2920.37500
3142.50000
3159.47500
3172.80000
3182.07500
3191.82500
3200.37500
3210.60000
3434.70000
3449.70000
3461.97500
3473.80000
3482.52500
3491.85000
3500.35000
3509.07500
3733.72500
3750.02500
3762.10000
3773.90000
3782.80000
3792.42500
3800.82500
3809.67500
4027.55000
4044.62500
4058.42500
4067.70000
4077.27500
4085.70000
4094.82500
4103.15000
4113.32500
4328.27500
4345.25000
4358.10000
4367.07500
4376.85000
4385.27500
4393.97500
4402.30000
4412.42500
4620.40000
4636.10000
4648.50000
4659.57500
4668.32500
4677.92500
4686.30000
4694.42500
4702.77500
4712.87500
4920.07500
4936.57500
4948.72500
4960.00000
4968.82500
4978.32500
4986.57500
4994.60000
5002.62500
5012.57500
5215.00000
5230.75000
5244.30000
5253.50000
5262.90000
5271.35000
5280.17500
5288.35000
5296.40000
5304.40000
5314.50000
5514.12500
5530.72500
5542.72500
5552.10000
5562.12500
5570.57500
5578.97500
5587.35000
5595.37500
5603.37500
5613.25000
5808.15000
5822.40000
5833.90000
5844.95000
5853.80000
5863.47500
5871.80000
5879.80000
5887.92500
5895.90000
5903.85000
5913.70000
6106.57500
6122.17500
6133.77500
6144.27500
6153.50000
6163.07500
6171.30000
6179.25000
6187.25000
6195.20000
6203.12500
6213.00000
6402.60000
6417.52500
6431.37500
6441.05000
6450.82500
6459.00000
6468.22500
6476.30000
6484.22500
6492.12500
6500.05000
6508.00000
6519.92500
6702.22500
6717.22500
6729.90000
6739.17500
6748.72500
6756.92500
6765.45000
6773.57500
6781.50000
6789.37500
6797.27500
6805.20000
6815.95000
7000.22500
7016.67500
7028.60000
7037.85000
7047.65000
7056.12500
7064.02500
7072.50000
7080.37500
7088.25000
7096.12500
7104.02500
7113.80000
7300.60000
7317.62500
7329.10000
7338.30000
7347.77500
7356.12500
7364.00000
7371.82500
7379.65000
7387.47500
7395.35000
7403.22500
7413.02500
7599.22500
7611.00000
7621.90000
7632.42500
7640.90000
7650.37500
7658.37500
7666.40000
7674.27500
7682.10000
7689.95000
7697.80000
7705.72500
7718.92500
7892.60000
7908.37500
7920.22500
7930.87500
7939.85000
7948.30000
7956.95000
7964.85000
7972.67500
7980.47500
7988.30000
7996.15000
8004.02500
8013.77500
8193.67500
8208.77500
8219.95000
8230.12500
8239.15000
8247.07500
8255.42500
8263.30000
8271.10000
8278.90000
8286.70000
8294.55000
8302.42500
8312.05000
8492.87500
8506.10000
8517.02500
8526.07500
8535.25000
8543.32500
8551.72500
8559.72500
8567.52500
8575.32500
8583.10000
8590.92500
8598.77500
8606.65000
8619.30000
8792.82500
8805.50000
8816.20000
8824.90000
8834.10000
8842.22500
8850.05000
8858.10000
8865.87500
8873.62500
8881.37500
8889.17500
8897.02500
8904.90000
8914.90000
9087.72500
9103.67500
9115.22500
9124.27500
9133.47500
9141.82500
9149.62500
9157.47500
9165.20000
9172.92500
9180.67500
9188.45000
9196.27500
9204.15000
9213.87500
9388.42500
9403.72500
9415.37500
9424.47500
9433.57500
9441.75000
9449.52500
9457.22500
9464.95000
9472.65000
9480.40000
9488.17500
9496.00000
9503.87500
9513.57500
9687.35000
9703.02500
9712.95000
9722.27500
9730.32500
9739.00000
9746.82500
9754.55000
9762.25000
9769.97500
9777.70000
9785.47500
9793.27500
9801.12500
9809.07500
9820.52500
9981.07500
9994.80000
10006.62500
10015.55000
10024.85000
10032.87500
10041.02500
10048.82500
10056.67500
10064.37500
10072.10000
10079.85000
10087.62500
10095.45000
10103.30000
10113.05000
10287.82500
10298.60000
10309.20000
10319.02500
10327.37500
10335.45000
10343.57500
10351.35000
10359.07500
10366.77500
10374.50000
10382.25000
10390.02500
10397.85000
10405.72500
10418.85000
10580.27500
10595.00000
10606.02500
10614.55000
10623.90000
10631.85000
10640.40000
10648.20000
10655.92500
10663.62500
10671.32500
10679.05000
10686.82500
10694.62500
10702.47500
10712.02500
10880.62500
10894.47500
10904.95000
10913.60000
10922.52500
10930.45000
10938.52500
10946.25000
10953.92500
10961.60000
10969.27500
10977.00000
10984.72500
10992.52500
11000.35000
11008.22500
11020.00000
11179.82500
11192.62500
11202.92500
11211.62500
11220.90000
11228.87500
11236.60000
11244.37500
11252.05000
11259.70000
11267.37500
11275.07500
11282.80000
11290.57500
11298.37500
11306.25000
11319.12500
11480.05000
11492.55000
11502.90000
11511.60000
11520.60000
11528.62500
11536.32500
11543.97500
11551.60000
11559.25000
11566.92500
11574.60000
11582.32500
11590.10000
11597.90000
11605.77500
11618.85000
11779.20000
11791.90000
11802.35000
11811.10000
11819.97500
11828.05000
11835.75000
11843.40000
11851.02500
11858.65000
11866.30000
11873.97500
11881.70000
11889.45000
11897.27500
11905.12500
11915.17500
12079.15000
12091.95000
12102.57500
12111.40000
12120.40000
12128.32500
12136.02500
12143.75000
12151.40000
12159.02500
12166.70000
12174.37500
12182.10000
12189.87500
12197.67500
12205.52500
12216.82500
12378.72500
12391.40000
12400.22500
12409.77500
12417.70000
12426.00000
12433.75000
12441.50000
12449.15000
12456.77500
12464.42500
12472.10000
12479.80000
12487.55000
12495.35000
12503.20000
12512.92500
12679.50000
12692.05000
12700.65000
12710.60000
12718.52500
12726.92500
12734.65000
12742.30000
12749.92500
12757.57500
12765.22500
12772.90000
12780.60000
12788.35000
12796.15000
12804.00000
12813.70000
12980.07500
12992.90000
13002.57500
13011.57500
13019.40000
13028.02500
13035.75000
13043.37500
13050.97500
13058.60000
13066.25000
13073.92500
13081.65000
13089.40000
13097.20000
13105.05000
13115.05000
13276.00000
13288.40000
13297.25000
13306.40000
13314.52500
13322.75000
13330.57500
13338.22500
13345.82500
13353.42500
13361.05000
13368.70000
13376.40000
13384.12500
13391.90000
13399.70000
13407.57500
13419.70000
13576.05000
13587.12500
13597.07500
13606.65000
13614.62500
13622.52500
13630.22500
13637.82500
13645.42500
13653.02500
13660.65000
13668.30000
13675.97500
13683.70000
13691.45000
13699.27500
13707.12500
13719.50000
13876.02500
13887.62500
13896.92500
13906.30000
13914.22500
13921.95000
13929.55000
13937.12500
13944.70000
13952.30000
13959.90000
13967.52500
13975.20000
13982.92500
13990.67500
13998.47500
14006.32500
14019.17500
14175.70000
14187.62500
14196.70000
14206.07500
14213.92500
14221.57500
14229.15000
14236.72500
14244.27500
14251.85000
14259.45000
14267.07500
14274.75000
14282.45000
14290.20000
14298.00000
14305.85000
14318.90000
14469.72500
14482.35000
14492.60000
14501.30000
14509.37500
14517.10000
14524.72500
14532.30000
14539.85000
14547.42500
14555.00000
14562.60000
14570.25000
14577.92500
14585.65000
14593.42500
14601.25000
14609.17500
14620.57500
14768.82500
14781.80000
14792.15000
14800.37500
14809.52500
14817.35000
14825.00000
14832.57500
14840.15000
14847.72500
14855.30000
14862.92500
14870.55000
14878.25000
14885.97500
14893.75000
14901.57500
14909.60000
14920.92500

