$ Stimulation Interval(ms): 300
$ Delay(ms): 2.318007
$ Number of data : 605
$ TSTOP : 15000
$ PN stimulation current max : 0
$ LN stimulation current max : 15000
8.42500
18.32500
27.07500
35.22500
43.07500
50.70000
58.22500
65.67500
73.12500
80.55000
88.00000
95.45000
102.95000
110.47500
118.02500
125.62500
133.25000
140.95000
148.70000
156.47500
164.32500
172.22500
180.17500
188.17500
196.25000
204.40000
215.27500
1106.80000
1392.90000
1409.27500
1691.75000
1707.22500
1978.72500
1994.20000
2007.82500
2263.72500
2279.90000
2293.42500
2304.80000
2318.82500
2563.70000
2579.92500
2593.12500
2604.75000
2617.75000
2863.77500
2878.70000
2890.00000
2899.27500
2912.45000
3149.32500
3165.90000
3179.07500
3190.42500
3199.67500
3215.80000
3449.60000
3463.47500
3475.32500
3484.72500
3495.80000
3504.90000
3518.10000
3744.90000
3760.90000
3774.22500
3783.60000
3793.47500
3802.32500
3814.02500
4035.67500
4051.32500
4064.47500
4075.82500
4085.00000
4094.52500
4103.42500
4114.62500
4335.55000
4350.60000
4363.45000
4375.95000
4385.15000
4394.05000
4402.87500
4413.50000
4630.60000
4647.45000
4660.02500
4669.22500
4679.10000
4687.90000
4696.80000
4705.42500
4717.07500
4921.45000
4937.67500
4950.92500
4962.00000
4971.05000
4980.50000
4989.22500
4997.85000
5006.30000
5017.67500
5221.45000
5237.07500
5250.20000
5261.70000
5270.85000
5280.12500
5288.80000
5297.25000
5305.62500
5317.07500
5515.62500
5532.17500
5545.47500
5554.65000
5564.12500
5572.87500
5581.47500
5590.02500
5598.45000
5606.82500
5618.10000
5815.80000
5832.30000
5845.45000
5854.67500
5864.45000
5873.17500
5881.70000
5890.12500
5898.47500
5906.82500
5918.05000
6108.02500
6123.05000
6136.30000
6147.30000
6156.27500
6166.27500
6174.82500
6183.55000
6191.87500
6200.17500
6208.52500
6219.75000
6407.55000
6423.10000
6436.17500
6447.67500
6456.67500
6466.47500
6475.00000
6483.35000
6491.62500
6499.90000
6508.20000
6519.52500
6707.37500
6723.02500
6734.90000
6747.12500
6756.10000
6764.62500
6773.35000
6781.65000
6789.87500
6798.12500
6806.40000
6817.52500
7006.37500
7019.80000
7031.52500
7040.50000
7049.87500
7058.52500
7066.87500
7075.42500
7083.72500
7091.97500
7100.25000
7108.57500
7119.77500
7293.82500
7308.40000
7321.32500
7332.57500
7341.45000
7350.92500
7359.45000
7368.00000
7376.22500
7384.42500
7392.62500
7400.85000
7409.37500
7420.27500
7602.32500
7618.62500
7631.82500
7640.92500
7651.20000
7659.55000
7668.10000
7676.32500
7684.50000
7692.67500
7700.90000
7709.50000
7720.35000
7892.87500
7908.87500
7921.80000
7932.97500
7941.90000
7951.27500
7959.82500
7968.05000
7976.22500
7984.40000
7992.57500
8000.80000
8009.30000
8020.20000
8193.17500
8209.02500
8221.32500
8233.20000
8242.12500
8251.02500
8259.47500
8267.65000
8275.80000
8283.95000
8292.12500
8300.32500
8308.62500
8319.77500
8493.22500
8508.42500
8519.42500
8528.30000
8537.80000
8546.15000
8555.12500
8563.35000
8571.47500
8579.60000
8587.72500
8595.90000
8604.12500
8614.57500
8792.75000
8806.35000
8817.47500
8826.32500
8835.40000
8843.85000
8852.00000
8860.32500
8868.45000
8876.57500
8884.70000
8892.85000
8901.05000
8909.67500
8920.45000
9088.27500
9104.00000
9116.60000
9125.65000
9135.05000
9143.60000
9151.75000
9159.80000
9167.85000
9175.92500
9184.02500
9192.17500
9200.35000
9208.62500
9219.75000
9378.57500
9393.95000
9406.87500
9418.05000
9426.95000
9436.32500
9444.80000
9452.95000
9461.02500
9469.07500
9477.15000
9485.25000
9493.40000
9501.57500
9510.72500
9678.67500
9694.07500
9705.92500
9716.87500
9726.10000
9736.05000
9744.30000
9752.37500
9760.40000
9768.42500
9776.47500
9784.55000
9792.67500
9800.85000
9809.27500
9820.17500
9978.65000
9994.42500
10006.72500
10017.60000
10026.80000
10036.52500
10044.80000
10052.87500
10060.90000
10068.92500
10077.00000
10085.07500
10093.22500
10101.40000
10110.32500
10121.15000
10278.95000
10294.80000
10307.35000
10318.62500
10327.70000
10336.25000
10344.60000
10352.70000
10360.75000
10368.77500
10376.82500
10384.92500
10393.05000
10401.22500
10409.95000
10420.67500
10578.77500
10594.77500
10606.50000
10618.55000
10627.42500
10635.75000
10644.25000
10652.27500
10660.27500
10668.30000
10676.32500
10684.40000
10692.52500
10700.70000
10709.05000
10720.02500
10878.92500
10894.40000
10905.27500
10914.10000
10923.62500
10931.92500
10940.40000
10948.45000
10956.45000
10964.45000
10972.47500
10980.52500
10988.62500
10996.77500
11004.95000
11016.15000
11178.80000
11192.35000
11203.22500
11212.22500
11221.60000
11229.92500
11238.05000
11246.10000
11254.07500
11262.05000
11270.05000
11278.10000
11286.17500
11294.30000
11302.47500
11312.22500
11466.30000
11480.42500
11493.45000
11503.92500
11512.77500
11521.75000
11530.02500
11538.05000
11546.00000
11553.95000
11561.90000
11569.90000
11577.92500
11585.97500
11594.10000
11602.27500
11611.87500
11765.37500
11780.07500
11792.57500
11803.47500
11812.30000
11821.42500
11829.75000
11837.75000
11845.70000
11853.62500
11861.57500
11869.57500
11877.57500
11885.65000
11893.75000
11901.92500
11911.25000
12064.95000
12080.10000
12094.07500
12104.70000
12113.37500
12122.82500
12130.95000
12138.95000
12146.90000
12154.85000
12162.80000
12170.80000
12178.82500
12186.87500
12195.00000
12203.17500
12213.20000
12365.60000
12380.20000
12393.55000
12404.25000
12413.07500
12422.30000
12430.45000
12438.42500
12446.35000
12454.30000
12462.22500
12470.22500
12478.22500
12486.30000
12494.40000
12502.57500
12512.40000
12664.92500
12680.32500
12694.92500
12704.47500
12713.30000
12722.25000
12730.40000
12738.35000
12746.27500
12754.20000
12762.12500
12770.10000
12778.12500
12786.17500
12794.27500
12802.45000
12812.17500
12965.00000
12980.87500
12994.95000
13005.52500
13014.20000
13022.70000
13031.10000
13039.07500
13047.02500
13054.95000
13062.90000
13070.87500
13078.90000
13086.97500
13095.07500
13103.25000
13113.30000
13265.45000
13281.00000
13294.17500
13305.07500
13313.77500
13322.00000
13330.15000
13338.05000
13345.92500
13353.82500
13361.75000
13369.72500
13377.72500
13385.77500
13393.87500
13402.02500
13411.42500
13565.25000
13580.60000
13592.20000
13600.67500
13609.80000
13617.92500
13626.40000
13634.35000
13642.25000
13650.12500
13658.05000
13665.97500
13673.97500
13682.00000
13690.07500
13698.20000
13706.40000
13717.40000
13865.60000
13880.72500
13891.50000
13899.97500
13908.82500
13916.92500
13925.17500
13933.10000
13940.95000
13948.82500
13956.72500
13964.67500
13972.62500
13980.65000
13988.72500
13996.82500
14005.00000
14016.12500
14165.67500
14180.27500
14190.57500
14199.15000
14208.10000
14216.20000
14224.12500
14231.97500
14239.82500
14247.67500
14255.57500
14263.47500
14271.45000
14279.45000
14287.50000
14295.60000
14303.77500
14313.85000
14465.22500
14479.82500
14490.22500
14498.70000
14507.77500
14515.87500
14523.77500
14531.62500
14539.45000
14547.30000
14555.17500
14563.10000
14571.05000
14579.05000
14587.10000
14595.20000
14603.37500
14613.40000
14765.20000
14779.85000
14790.17500
14798.67500
14808.20000
14816.27500
14824.17500
14832.00000
14839.82500
14847.67500
14855.55000
14863.47500
14871.42500
14879.42500
14887.50000
14895.60000
14903.75000
14913.82500

