$ Stimulation Interval(ms): 300
$ Delay(ms): 207.228045
$ Number of data : 541
$ TSTOP : 15000
$ PN stimulation current max : 0
$ LN stimulation current max : 15000
211.92500
224.75000
237.57500
250.52500
263.60000
276.82500
290.20000
303.75000
317.50000
331.45000
345.60000
359.97500
374.62500
389.60000
404.90000
420.65000
436.92500
453.97500
514.70000
527.50000
540.37500
553.37500
566.57500
579.90000
593.42500
607.10000
621.00000
635.10000
649.42500
664.02500
678.92500
694.17500
709.87500
726.12500
743.22500
814.72500
827.55000
840.45000
853.52500
866.75000
880.15000
893.72500
907.47500
921.45000
935.62500
950.07500
964.80000
979.87500
995.35000
1011.40000
1028.47500
1045.37500
1114.77500
1127.60000
1140.55000
1153.65000
1166.95000
1180.40000
1194.02500
1207.85000
1221.90000
1236.17500
1250.72500
1265.57500
1280.80000
1296.50000
1312.92500
1330.12500
1414.82500
1427.67500
1440.67500
1453.80000
1467.15000
1480.62500
1494.32500
1508.22500
1522.32500
1536.67500
1551.32500
1566.30000
1581.67500
1597.65000
1615.42500
1631.97500
1714.85000
1727.72500
1740.77500
1753.95000
1767.30000
1780.85000
1794.60000
1808.55000
1822.72500
1837.15000
1851.90000
1867.00000
1882.60000
1898.92500
2014.77500
2027.70000
2040.75000
2053.95000
2067.35000
2080.95000
2094.72500
2108.70000
2122.95000
2137.42500
2152.25000
2167.45000
2183.20000
2200.92500
2217.42500
2314.80000
2327.72500
2340.80000
2354.05000
2367.47500
2381.10000
2394.92500
2408.97500
2423.25000
2437.80000
2452.70000
2468.05000
2484.05000
2614.82500
2627.77500
2640.87500
2654.15000
2667.60000
2681.25000
2695.12500
2709.20000
2723.52500
2738.15000
2753.15000
2768.60000
2784.92500
2914.82500
2927.80000
2940.95000
2954.22500
2967.72500
2981.40000
2995.30000
3009.42500
3023.82500
3038.50000
3053.55000
3069.15000
3086.35000
3214.85000
3227.85000
3241.00000
3254.30000
3267.85000
3281.55000
3295.50000
3309.65000
3324.10000
3338.85000
3353.97500
3369.72500
3514.87500
3527.90000
3541.07500
3554.40000
3567.95000
3581.70000
3595.67500
3609.87500
3624.35000
3639.15000
3654.37500
3670.27500
3814.87500
3827.90000
3841.10000
3854.45000
3868.02500
3881.80000
3895.80000
3910.05000
3924.57500
3939.42500
3954.75000
3970.85000
4114.87500
4127.92500
4141.15000
4154.52500
4168.12500
4181.92500
4195.97500
4210.25000
4224.82500
4239.72500
4255.12500
4271.55000
4414.90000
4427.95000
4441.20000
4454.60000
4468.22500
4482.07500
4496.12500
4510.45000
4525.07500
4540.05000
4555.55000
4572.37500
4714.90000
4728.00000
4741.25000
4754.67500
4768.32500
4782.20000
4796.30000
4810.65000
4825.32500
4840.37500
4855.97500
5014.92500
5028.02500
5041.30000
5054.72500
5068.42500
5082.30000
5096.42500
5110.82500
5125.55000
5140.65000
5156.37500
5314.92500
5328.05000
5341.32500
5354.80000
5368.50000
5382.42500
5396.57500
5411.00000
5425.77500
5440.92500
5456.80000
5614.95000
5628.07500
5641.37500
5654.85000
5668.60000
5682.52500
5696.72500
5711.20000
5726.00000
5741.22500
5757.22500
5914.95000
5928.10000
5941.42500
5954.92500
5968.67500
5982.65000
5996.87500
6011.37500
6026.22500
6041.52500
6057.75000
6214.97500
6228.12500
6241.47500
6255.00000
6268.75000
6282.75000
6297.00000
6311.55000
6326.45000
6341.85000
6358.20000
6514.97500
6528.15000
6541.52500
6555.05000
6568.85000
6582.87500
6597.15000
6611.72500
6626.67500
6642.15000
6658.95000
6815.00000
6828.17500
6841.55000
6855.12500
6868.92500
6882.97500
6897.30000
6911.92500
6926.92500
6942.50000
7115.00000
7128.20000
7141.60000
7155.17500
7169.00000
7183.07500
7197.42500
7212.07500
7227.12500
7242.80000
7259.75000
7415.00000
7428.22500
7441.65000
7455.22500
7469.10000
7483.20000
7497.57500
7512.27500
7527.37500
7543.15000
7715.02500
7728.25000
7741.67500
7755.27500
7769.17500
7783.30000
7797.70000
7812.42500
7827.60000
7843.50000
8015.02500
8028.27500
8041.72500
8055.35000
8069.25000
8083.40000
8097.82500
8112.60000
8127.82500
8143.85000
8315.05000
8328.30000
8341.75000
8355.40000
8369.32500
8383.47500
8397.95000
8412.75000
8428.05000
8444.20000
8615.05000
8628.32500
8641.80000
8655.45000
8669.40000
8683.57500
8698.07500
8712.92500
8728.27500
8744.65000
8915.05000
8928.35000
8941.82500
8955.50000
8969.45000
8983.67500
8998.20000
9013.10000
9028.50000
9045.10000
9215.07500
9228.37500
9241.87500
9255.55000
9269.52500
9283.77500
9298.32500
9313.27500
9328.75000
9345.95000
9515.07500
9528.40000
9541.90000
9555.60000
9569.60000
9583.87500
9598.47500
9613.45000
9629.02500
9646.10000
9815.07500
9828.42500
9841.92500
9855.65000
9869.67500
9883.97500
9898.60000
9913.62500
9929.30000
9946.62500
10115.10000
10128.42500
10141.97500
10155.70000
10169.75000
10184.07500
10198.72500
10213.80000
10229.57500
10415.10000
10428.45000
10442.00000
10455.75000
10469.82500
10484.15000
10498.85000
10513.95000
10529.82500
10715.10000
10728.47500
10742.02500
10755.80000
10769.87500
10784.25000
10798.95000
10814.10000
10830.10000
11015.12500
11028.50000
11042.07500
11055.85000
11069.95000
11084.32500
11099.07500
11114.27500
11130.37500
11315.12500
11328.50000
11342.10000
11355.87500
11370.00000
11384.42500
11399.17500
11414.42500
11430.62500
11615.12500
11628.52500
11642.12500
11655.92500
11670.07500
11684.50000
11699.30000
11714.60000
11730.95000
11915.15000
11928.55000
11942.15000
11955.97500
11970.12500
11984.57500
11999.42500
12014.77500
12031.52500
12215.15000
12228.57500
12242.17500
12256.02500
12270.20000
12284.67500
12299.52500
12314.95000
12515.15000
12528.57500
12542.22500
12556.05000
12570.25000
12584.75000
12599.62500
12615.10000
12815.15000
12828.60000
12842.25000
12856.10000
12870.30000
12884.82500
12899.72500
12915.25000
13115.17500
13128.62500
13142.27500
13156.12500
13170.35000
13184.90000
13199.82500
13215.40000
13415.17500
13428.62500
13442.30000
13456.17500
13470.40000
13484.97500
13499.92500
13515.57500
13715.17500
13728.65000
13742.32500
13756.20000
13770.45000
13785.02500
13800.02500
13815.72500
14015.17500
14028.65000
14042.35000
14056.25000
14070.50000
14085.10000
14100.12500
14115.90000
14315.17500
14328.67500
14342.37500
14356.27500
14370.57500
14385.17500
14400.25000
14416.07500
14615.20000
14628.67500
14642.40000
14656.32500
14670.62500
14685.25000
14700.35000
14716.27500
14915.20000
14928.70000
14942.42500
14956.35000
14970.67500
14985.32500

