$ Stimulation Interval(ms): 300
$ Delay(ms): 218.053965
$ Number of data : 604
$ TSTOP : 15000
$ PN stimulation current max : 0
$ LN stimulation current max : 15000
222.80000
235.67500
248.60000
261.52500
274.57500
287.77500
301.12500
314.62500
328.32500
342.20000
356.27500
370.57500
385.07500
399.82500
414.87500
430.25000
446.00000
462.20000
478.75000
495.85000
525.12500
537.95000
550.92500
563.95000
577.10000
590.40000
603.87500
617.52500
631.35000
645.37500
659.60000
674.07500
688.80000
703.80000
719.12500
734.87500
751.05000
767.55000
784.70000
825.45000
838.30000
851.35000
864.42500
877.62500
891.00000
904.55000
918.27500
932.20000
946.32500
960.67500
975.27500
990.12500
1005.30000
1020.82500
1036.77500
1053.15000
1069.92500
1125.57500
1138.45000
1151.55000
1164.65000
1177.92500
1191.35000
1204.95000
1218.75000
1232.75000
1246.95000
1261.37500
1276.07500
1291.05000
1306.37500
1322.15000
1338.32500
1354.95000
1372.32500
1425.60000
1438.52500
1451.65000
1464.80000
1478.10000
1491.57500
1505.25000
1519.10000
1533.17500
1547.45000
1561.97500
1576.77500
1591.87500
1607.37500
1623.30000
1639.70000
1656.55000
1725.62500
1738.57500
1751.72500
1764.92500
1778.27500
1791.80000
1805.52500
1819.45000
1833.57500
1847.92500
1862.52500
1877.42500
1892.65000
1908.30000
1924.45000
1941.12500
1958.20000
2025.65000
2038.62500
2051.82500
2065.05000
2078.45000
2092.02500
2105.77500
2119.75000
2133.92500
2148.35000
2163.05000
2178.05000
2193.40000
2209.22500
2225.50000
2243.00000
2325.67500
2338.67500
2351.90000
2365.15000
2378.60000
2392.20000
2406.00000
2420.02500
2434.27500
2448.77500
2463.52500
2478.62500
2494.12500
2510.07500
2526.62500
2543.75000
2625.70000
2638.72500
2651.97500
2665.27500
2678.75000
2692.40000
2706.25000
2720.32500
2734.62500
2749.17500
2764.02500
2779.20000
2794.85000
2811.05000
2828.45000
2925.72500
2938.77500
2952.05000
2965.37500
2978.87500
2992.57500
3006.45000
3020.57500
3034.92500
3049.55000
3064.47500
3079.77500
3095.52500
3111.90000
3128.70000
3225.72500
3238.82500
3252.12500
3265.47500
3279.00000
3292.72500
3306.67500
3320.82500
3335.25000
3349.92500
3364.92500
3380.32500
3396.20000
3413.15000
3430.55000
3525.75000
3538.87500
3552.20000
3565.57500
3579.15000
3592.90000
3606.87500
3621.07500
3635.55000
3650.30000
3665.37500
3680.90000
3696.97500
3825.77500
3838.90000
3852.25000
3865.65000
3879.25000
3893.05000
3907.05000
3921.30000
3935.82500
3950.62500
3965.77500
3981.40000
3997.67500
4125.77500
4138.92500
4152.32500
4165.72500
4179.35000
4193.17500
4207.22500
4221.52500
4236.07500
4250.95000
4266.17500
4281.90000
4298.40000
4315.52500
4425.80000
4438.97500
4452.37500
4465.82500
4479.47500
4493.32500
4507.42500
4521.75000
4536.35000
4551.30000
4566.60000
4582.47500
4599.87500
4725.80000
4739.00000
4752.42500
4765.90000
4779.57500
4793.47500
4807.60000
4821.97500
4836.62500
4851.62500
4867.02500
4883.00000
5025.82500
5039.05000
5052.47500
5065.97500
5079.67500
5093.60000
5107.75000
5122.15000
5136.87500
5151.92500
5167.42500
5183.42500
5325.82500
5339.07500
5352.55000
5366.05000
5379.77500
5393.72500
5407.90000
5422.35000
5437.10000
5452.22500
5467.82500
5484.10000
5625.85000
5639.10000
5652.60000
5666.12500
5679.87500
5693.85000
5708.05000
5722.55000
5737.35000
5752.52500
5768.22500
5784.67500
5925.85000
5939.12500
5952.65000
5966.17500
5979.97500
5993.97500
6008.22500
6022.75000
6037.60000
6052.82500
6068.65000
6225.87500
6239.15000
6252.67500
6266.25000
6280.05000
6294.07500
6308.35000
6322.92500
6337.80000
6353.10000
6369.05000
6525.87500
6539.17500
6552.72500
6566.30000
6580.12500
6594.17500
6608.50000
6623.10000
6638.02500
6653.40000
6669.30000
6686.35000
6703.22500
6825.90000
6839.22500
6852.77500
6866.37500
6880.22500
6894.32500
6908.67500
6923.30000
6938.30000
6953.75000
6969.72500
7125.90000
7139.25000
7152.82500
7166.45000
7180.32500
7194.42500
7208.80000
7223.47500
7238.52500
7254.05000
7270.12500
7425.92500
7439.27500
7452.87500
7466.50000
7480.40000
7494.52500
7508.95000
7523.65000
7538.75000
7554.37500
7570.57500
7725.92500
7739.30000
7752.90000
7766.57500
7780.47500
7794.65000
7809.07500
7823.82500
7838.97500
7854.67500
7871.30000
8025.92500
8039.32500
8052.95000
8066.62500
8080.57500
8094.75000
8109.22500
8124.00000
8139.20000
8155.00000
8171.97500
8189.37500
8325.95000
8339.35000
8353.00000
8366.70000
8380.65000
8394.87500
8409.37500
8424.20000
8439.45000
8455.22500
8471.72500
8489.00000
8625.95000
8639.37500
8653.05000
8666.75000
8680.75000
8695.00000
8709.52500
8724.40000
8739.72500
8755.60000
8772.87500
8789.72500
8925.97500
8939.40000
8953.10000
8966.82500
8980.82500
8995.10000
9009.67500
9024.60000
9040.00000
9055.90000
9225.97500
9239.42500
9253.12500
9266.87500
9280.90000
9295.20000
9309.80000
9324.77500
9340.20000
9356.20000
9525.97500
9539.45000
9553.17500
9566.92500
9580.97500
9595.30000
9609.92500
9624.92500
9640.42500
9656.67500
9826.00000
9839.47500
9853.20000
9866.97500
9881.05000
9895.40000
9910.05000
9925.10000
9940.67500
9956.72500
10126.00000
10139.47500
10153.25000
10167.02500
10181.12500
10195.50000
10210.17500
10225.25000
10240.90000
10257.62500
10426.00000
10439.50000
10453.27500
10467.07500
10481.20000
10495.57500
10510.30000
10525.42500
10541.10000
10557.77500
10726.02500
10739.52500
10753.30000
10767.12500
10781.27500
10795.67500
10810.42500
10825.57500
10841.35000
10858.00000
11026.02500
11039.55000
11053.35000
11067.17500
11081.32500
11095.77500
11110.55000
11125.75000
11141.45000
11158.05000
11174.80000
11326.05000
11339.57500
11353.37500
11367.25000
11381.42500
11395.87500
11410.70000
11425.95000
11441.72500
11458.37500
11476.07500
11626.05000
11639.60000
11653.42500
11667.30000
11681.50000
11695.97500
11710.82500
11726.15000
11742.07500
11926.05000
11939.60000
11953.45000
11967.35000
11981.55000
11996.07500
12010.95000
12026.30000
12042.22500
12226.05000
12239.62500
12253.47500
12267.37500
12281.62500
12296.15000
12311.05000
12326.45000
12342.72500
12526.07500
12539.65000
12553.52500
12567.42500
12581.67500
12596.22500
12611.17500
12626.60000
12642.72500
12826.07500
12839.67500
12853.55000
12867.47500
12881.72500
12896.32500
12911.27500
12926.75000
12943.10000
13126.07500
13139.67500
13153.57500
13167.52500
13181.80000
13196.40000
13211.37500
13226.92500
13243.37500
13426.10000
13439.70000
13453.60000
13467.55000
13481.85000
13496.47500
13511.50000
13527.02500
13543.42500
13560.30000
13726.10000
13739.72500
13753.65000
13767.60000
13781.92500
13796.57500
13811.62500
13827.20000
13843.42500
13860.02500
14026.10000
14039.72500
14053.67500
14067.65000
14082.00000
14096.67500
14111.75000
14127.42500
14143.82500
14160.52500
14326.10000
14339.75000
14353.70000
14367.70000
14382.07500
14396.77500
14411.90000
14427.57500
14443.92500
14460.52500
14626.12500
14639.77500
14653.75000
14667.75000
14682.12500
14696.85000
14712.02500
14727.72500
14744.20000
14761.25000
14926.12500
14939.80000
14953.77500
14967.80000
14982.20000
14996.95000

