$ Stimulation Interval(ms): 300
$ Delay(ms): 47.678488
$ Number of data : 576
$ TSTOP : 15000
$ PN stimulation current max : 0
$ LN stimulation current max : 15000
53.50000
63.30000
71.97500
80.10000
87.92500
95.52500
103.05000
110.50000
117.95000
125.37500
132.80000
140.27500
147.75000
155.25000
162.80000
170.40000
178.05000
185.72500
193.47500
201.25000
211.35000
1105.82500
1392.10000
1407.60000
1677.02500
1693.40000
1707.90000
1976.95000
1992.92500
2007.10000
2263.02500
2278.92500
2293.15000
2305.67500
2320.70000
2562.35000
2578.97500
2592.62500
2605.22500
2618.47500
2862.70000
2878.25000
2890.92500
2905.65000
2918.75000
3148.77500
3165.37500
3178.87500
3191.22500
3200.10000
3214.12500
3448.45000
3463.42500
3478.07500
3490.97500
3499.80000
3508.72500
3748.62500
3763.35000
3776.02500
3784.90000
3794.55000
3803.07500
3814.90000
4034.77500
4050.80000
4064.05000
4076.72500
4085.50000
4095.70000
4104.17500
4114.90000
4334.65000
4349.75000
4363.65000
4376.52500
4385.27500
4394.37500
4402.75000
4413.85000
4634.82500
4649.02500
4663.02500
4676.22500
4685.12500
4693.27500
4701.95000
4712.27500
4922.37500
4937.37500
4950.40000
4963.00000
4971.70000
4981.27500
4989.60000
4998.15000
5006.25000
5017.50000
5220.70000
5236.80000
5249.70000
5262.35000
5271.00000
5280.35000
5288.72500
5296.82500
5304.87500
5315.20000
5520.82500
5535.92500
5549.50000
5562.27500
5570.95000
5579.70000
5588.12500
5596.17500
5604.17500
5614.57500
5820.85000
5835.02500
5848.75000
5857.75000
5867.15000
5875.40000
5883.67500
5891.70000
5899.70000
5907.67500
5919.40000
6118.62500
6134.05000
6147.60000
6156.22500
6166.62500
6174.87500
6183.52500
6191.52500
6199.50000
6207.47500
6218.95000
6417.97500
6433.32500
6447.90000
6456.57500
6466.70000
6474.87500
6482.85000
6490.77500
6498.70000
6506.65000
6517.72500
6707.65000
6723.25000
6735.75000
6748.55000
6757.10000
6766.07500
6774.27500
6782.22500
6790.15000
6798.07500
6806.00000
6816.65000
7006.92500
7021.85000
7035.17500
7047.85000
7056.50000
7064.50000
7072.97500
7080.90000
7088.77500
7096.67500
7104.57500
7114.80000
7306.62500
7320.72500
7334.35000
7343.10000
7352.15000
7360.32500
7368.60000
7376.50000
7384.35000
7392.22500
7400.12500
7408.02500
7419.75000
7607.27500
7620.87500
7634.50000
7643.00000
7652.72500
7660.85000
7669.17500
7677.10000
7684.95000
7692.82500
7700.72500
7708.70000
7720.62500
7904.75000
7919.95000
7933.57500
7942.15000
7951.80000
7959.92500
7967.82500
7975.65000
7983.47500
7991.32500
7999.20000
8007.10000
8018.12500
8204.55000
8219.75000
8234.05000
8242.57500
8252.25000
8260.30000
8268.15000
8275.95000
8283.75000
8291.60000
8299.45000
8307.35000
8318.47500
8495.50000
8509.42500
8521.70000
8534.30000
8542.70000
8551.77500
8559.82500
8567.67500
8575.47500
8583.27500
8591.10000
8598.95000
8606.82500
8617.80000
8794.40000
8808.62500
8821.45000
8833.35000
8841.87500
8849.77500
8858.02500
8865.82500
8873.60000
8881.37500
8889.17500
8897.00000
8904.87500
8915.00000
9093.57500
9107.50000
9120.10000
9128.97500
9137.67500
9145.77500
9153.62500
9161.40000
9169.15000
9176.92500
9184.70000
9192.52500
9200.35000
9208.25000
9219.90000
9393.37500
9406.95000
9419.32500
9427.90000
9437.17500
9445.25000
9453.12500
9460.90000
9468.65000
9476.40000
9484.17500
9491.97500
9499.82500
9507.70000
9518.92500
9693.45000
9706.92500
9719.37500
9727.90000
9738.15000
9746.17500
9754.02500
9761.80000
9769.55000
9777.30000
9785.05000
9792.87500
9800.70000
9808.62500
9820.40000
9992.97500
10006.65000
10019.15000
10027.67500
10037.95000
10045.90000
10053.70000
10061.40000
10069.12500
10076.87500
10084.62500
10092.42500
10100.25000
10108.12500
10119.70000
10293.90000
10307.15000
10319.87500
10328.47500
10337.35000
10345.27500
10353.05000
10360.75000
10368.47500
10376.20000
10383.95000
10391.75000
10399.57500
10407.45000
10418.50000
10593.45000
10606.90000
10619.90000
10628.35000
10636.62500
10644.65000
10652.40000
10660.10000
10667.80000
10675.52500
10683.27500
10691.05000
10698.87500
10706.75000
10717.60000
10891.60000
10905.55000
10914.42500
10924.17500
10932.22500
10940.50000
10948.27500
10956.00000
10963.67500
10971.40000
10979.12500
10986.87500
10994.67500
11002.50000
11012.67500
11191.07500
11204.75000
11213.47500
11222.82500
11230.95000
11239.00000
11246.72500
11254.40000
11262.10000
11269.77500
11277.50000
11285.25000
11293.02500
11300.85000
11308.77500
11320.52500
11490.82500
11504.05000
11512.92500
11522.20000
11530.32500
11538.10000
11545.80000
11553.47500
11561.12500
11568.82500
11576.52500
11584.25000
11592.02500
11599.85000
11607.70000
11618.82500
11783.97500
11795.60000
11806.37500
11814.80000
11823.35000
11831.30000
11839.07500
11846.75000
11854.40000
11862.07500
11869.75000
11877.45000
11885.17500
11892.95000
11900.77500
11908.67500
11920.37500
12081.55000
12094.85000
12106.95000
12115.32500
12125.00000
12132.92500
12140.67500
12148.35000
12156.00000
12163.65000
12171.32500
12179.05000
12186.77500
12194.57500
12202.40000
12211.57500
12382.22500
12395.45000
12407.05000
12415.35000
12424.75000
12432.62500
12440.32500
12447.97500
12455.60000
12463.25000
12470.92500
12478.62500
12486.37500
12494.15000
12501.97500
12510.32500
12681.07500
12695.60000
12707.00000
12715.30000
12724.70000
12732.55000
12740.22500
12747.85000
12755.50000
12763.12500
12770.80000
12778.50000
12786.22500
12794.00000
12801.82500
12810.10000
12981.27500
12995.05000
13006.72500
13015.05000
13023.70000
13031.67500
13039.37500
13047.05000
13054.67500
13062.32500
13069.97500
13077.67500
13085.40000
13093.17500
13101.00000
13108.92500
13120.67500
13281.05000
13294.00000
13306.02500
13314.45000
13322.92500
13330.75000
13338.42500
13346.05000
13353.67500
13361.30000
13368.95000
13376.65000
13384.37500
13392.12500
13399.92500
13407.80000
13418.90000
13581.15000
13594.27500
13606.75000
13614.97500
13623.57500
13631.35000
13639.00000
13646.62500
13654.25000
13661.87500
13669.52500
13677.20000
13684.92500
13692.70000
13700.50000
13708.37500
13719.92500
13880.85000
13893.70000
13906.17500
13914.47500
13922.25000
13929.92500
13937.55000
13945.15000
13952.75000
13960.37500
13968.00000
13975.67500
13983.40000
13991.15000
13998.95000
14006.80000
14017.57500
14180.50000
14193.57500
14206.07500
14214.30000
14222.07500
14229.70000
14237.30000
14244.90000
14252.47500
14260.10000
14267.72500
14275.40000
14283.10000
14290.85000
14298.65000
14306.50000
14317.12500
14480.60000
14493.40000
14505.75000
14513.87500
14521.62500
14529.25000
14536.82500
14544.42500
14552.00000
14559.60000
14567.22500
14574.90000
14582.60000
14590.35000
14598.12500
14605.97500
14616.12500
14780.10000
14793.00000
14801.40000
14810.62500
14818.57500
14826.27500
14833.90000
14841.47500
14849.07500
14856.67500
14864.30000
14871.95000
14879.62500
14887.35000
14895.12500
14902.95000
14913.62500

