$ Stimulation Interval(ms): 300
$ Delay(ms): 207.215743
$ Number of data : 541
$ TSTOP : 15000
$ PN stimulation current max : 0
$ LN stimulation current max : 15000
211.95000
224.77500
237.60000
250.55000
263.60000
276.82500
290.20000
303.77500
317.50000
331.45000
345.57500
359.95000
374.57500
389.50000
404.75000
420.40000
436.55000
453.30000
514.70000
527.50000
540.40000
553.40000
566.57500
579.92500
593.42500
607.12500
621.00000
635.10000
649.40000
663.97500
678.82500
694.02500
709.60000
725.70000
742.52500
814.72500
827.55000
840.50000
853.55000
866.77500
880.17500
893.75000
907.52500
921.50000
935.67500
950.10000
964.82500
979.85000
995.25000
1011.15000
1027.72500
1044.67500
1061.92500
1114.75000
1127.60000
1140.57500
1153.70000
1166.97500
1180.42500
1194.05000
1207.90000
1221.92500
1236.20000
1250.75000
1265.57500
1280.75000
1296.37500
1312.60000
1329.52500
1346.82500
1414.80000
1427.67500
1440.70000
1453.85000
1467.17500
1480.67500
1494.37500
1508.27500
1522.40000
1536.75000
1551.37500
1566.32500
1581.67500
1597.52500
1614.22500
1631.10000
1648.12500
1714.82500
1727.72500
1740.80000
1753.97500
1767.35000
1780.90000
1794.65000
1808.62500
1822.80000
1837.25000
1851.97500
1867.05000
1882.57500
1898.75000
1916.52500
1933.07500
2014.80000
2027.72500
2040.82500
2054.02500
2067.45000
2081.05000
2094.85000
2108.85000
2123.10000
2137.60000
2152.42500
2167.62500
2183.35000
2200.00000
2216.85000
2233.85000
2314.80000
2327.75000
2340.87500
2354.12500
2367.57500
2381.22500
2395.07500
2409.12500
2423.45000
2438.02500
2452.95000
2468.30000
2484.25000
2614.82500
2627.80000
2640.95000
2654.22500
2667.72500
2681.40000
2695.27500
2709.37500
2723.75000
2738.40000
2753.40000
2768.85000
2785.07500
2914.85000
2927.85000
2941.02500
2954.32500
2967.82500
2981.52500
2995.45000
3009.60000
3024.02500
3038.72500
3053.82500
3069.40000
3086.07500
3214.87500
3227.87500
3241.07500
3254.40000
3267.95000
3281.70000
3295.65000
3309.85000
3324.30000
3339.07500
3354.25000
3370.00000
3514.90000
3527.92500
3541.15000
3554.50000
3568.07500
3581.85000
3595.82500
3610.07500
3624.57500
3639.40000
3654.67500
3670.57500
3814.90000
3827.95000
3841.17500
3854.55000
3868.15000
3881.95000
3895.97500
3910.25000
3924.80000
3939.70000
3955.05000
3971.15000
4114.90000
4127.97500
4141.22500
4154.62500
4168.25000
4182.07500
4196.12500
4210.45000
4225.05000
4240.00000
4255.45000
4271.87500
4414.90000
4428.00000
4441.27500
4454.70000
4468.35000
4482.20000
4496.30000
4510.65000
4525.30000
4540.32500
4555.85000
4572.77500
4714.92500
4728.02500
4741.32500
4754.77500
4768.45000
4782.32500
4796.45000
4810.85000
4825.55000
4840.65000
4856.30000
5014.92500
5028.05000
5041.37500
5054.82500
5068.52500
5082.45000
5096.60000
5111.02500
5125.77500
5140.95000
5156.72500
5314.95000
5328.10000
5341.42500
5354.90000
5368.62500
5382.57500
5396.75000
5411.22500
5426.02500
5441.25000
5457.17500
5614.95000
5628.12500
5641.47500
5654.97500
5668.70000
5682.67500
5696.90000
5711.40000
5726.25000
5741.55000
5757.67500
5914.97500
5928.15000
5941.52500
5955.02500
5968.80000
5982.80000
5997.05000
6011.60000
6026.47500
6041.85000
6058.27500
6214.97500
6228.17500
6241.55000
6255.10000
6268.87500
6282.90000
6297.20000
6311.77500
6326.72500
6342.17500
6358.92500
6515.00000
6528.20000
6541.60000
6555.15000
6568.97500
6583.02500
6597.32500
6611.95000
6626.95000
6642.50000
6815.00000
6828.22500
6841.65000
6855.22500
6869.05000
6883.12500
6897.47500
6912.12500
6927.17500
6942.80000
7115.02500
7128.25000
7141.67500
7155.27500
7169.12500
7183.22500
7197.60000
7212.27500
7227.37500
7243.12500
7415.02500
7428.27500
7441.72500
7455.32500
7469.20000
7483.32500
7497.72500
7512.45000
7527.60000
7543.45000
7715.02500
7728.30000
7741.75000
7755.37500
7769.27500
7783.42500
7797.85000
7812.62500
7827.82500
7843.82500
8015.05000
8028.32500
8041.80000
8055.42500
8069.35000
8083.52500
8097.97500
8112.80000
8128.05000
8144.22500
8315.05000
8328.35000
8341.82500
8355.50000
8369.42500
8383.62500
8398.10000
8412.95000
8428.27500
8444.70000
8615.05000
8628.35000
8641.87500
8655.55000
8669.50000
8683.72500
8698.25000
8713.12500
8728.52500
8745.32500
8915.07500
8928.37500
8941.90000
8955.60000
8969.57500
8983.82500
8998.37500
9013.30000
9028.75000
9215.07500
9228.40000
9241.95000
9255.65000
9269.65000
9283.90000
9298.47500
9313.45000
9328.97500
9515.07500
9528.42500
9541.97500
9555.70000
9569.70000
9584.00000
9598.60000
9613.60000
9629.20000
9815.10000
9828.45000
9842.00000
9855.72500
9869.77500
9884.07500
9898.72500
9913.75000
9929.45000
10115.10000
10128.45000
10142.02500
10155.77500
10169.85000
10184.17500
10198.82500
10213.92500
10229.70000
10415.10000
10428.47500
10442.07500
10455.82500
10469.90000
10484.25000
10498.95000
10514.07500
10529.95000
10715.12500
10728.50000
10742.10000
10755.87500
10769.97500
10784.35000
10799.07500
10814.22500
10830.25000
11015.12500
11028.52500
11042.12500
11055.92500
11070.02500
11084.42500
11099.17500
11114.40000
11130.55000
11315.12500
11328.52500
11342.17500
11355.97500
11370.10000
11384.52500
11399.30000
11414.55000
11430.90000
11615.15000
11628.55000
11642.20000
11656.00000
11670.15000
11684.60000
11699.42500
11714.72500
11731.27500
11915.15000
11928.57500
11942.22500
11956.05000
11970.22500
11984.70000
11999.52500
12014.90000
12033.02500
12215.15000
12228.60000
12242.25000
12256.10000
12270.27500
12284.77500
12299.65000
12315.07500
12515.15000
12528.60000
12542.27500
12556.15000
12570.35000
12584.85000
12599.75000
12615.25000
12815.17500
12828.62500
12842.30000
12856.17500
12870.40000
12884.92500
12899.85000
12915.40000
13115.17500
13128.62500
13142.32500
13156.22500
13170.45000
13185.00000
13199.97500
13215.55000
13415.17500
13428.65000
13442.35000
13456.25000
13470.50000
13485.07500
13500.07500
13515.72500
13715.17500
13728.67500
13742.37500
13756.30000
13770.55000
13785.15000
13800.17500
13815.90000
14015.20000
14028.67500
14042.40000
14056.32500
14070.60000
14085.22500
14100.27500
14116.10000
14315.20000
14328.70000
14342.42500
14356.35000
14370.65000
14385.30000
14400.37500
14416.30000
14615.20000
14628.70000
14642.45000
14656.40000
14670.72500
14685.37500
14700.50000
14716.50000
14915.20000
14928.72500
14942.47500
14956.42500
14970.77500
14985.45000

