$ Stimulation Interval(ms): 300
$ Delay(ms): 249.500539
$ Number of data : 703
$ TSTOP : 15000
$ PN stimulation current max : 0
$ LN stimulation current max : 15000
254.40000
267.45000
280.45000
293.45000
306.57500
319.85000
333.30000
346.90000
360.70000
374.67500
388.85000
403.25000
417.87500
432.75000
447.87500
463.27500
478.80000
494.45000
510.35000
557.15000
570.15000
583.22500
596.27500
609.52500
622.90000
636.47500
650.20000
664.12500
678.25000
692.62500
707.20000
722.02500
737.12500
752.45000
767.92500
783.55000
799.37500
815.85000
857.12500
870.17500
883.32500
896.45000
909.75000
923.22500
936.85000
950.70000
964.70000
978.95000
993.40000
1008.10000
1023.05000
1038.25000
1053.57500
1069.07500
1084.77500
1100.77500
1118.00000
1157.15000
1170.25000
1183.45000
1196.62500
1209.97500
1223.50000
1237.22500
1251.12500
1265.22500
1279.55000
1294.10000
1308.92500
1323.97500
1339.20000
1354.60000
1370.17500
1386.05000
1402.17500
1457.25000
1470.40000
1483.62500
1496.85000
1510.27500
1523.85000
1537.62500
1551.60000
1565.77500
1580.17500
1594.82500
1609.72500
1624.87500
1640.15000
1655.62500
1671.30000
1687.27500
1703.57500
1757.27500
1770.47500
1783.75000
1797.00000
1810.47500
1824.10000
1837.92500
1851.97500
1866.22500
1880.70000
1895.45000
1910.42500
1925.57500
1940.92500
1956.42500
1972.22500
1988.30000
2004.77500
2057.30000
2070.52500
2083.85000
2097.15000
2110.65000
2124.35000
2138.22500
2152.32500
2166.65000
2181.20000
2196.02500
2211.07500
2226.30000
2241.80000
2257.37500
2273.22500
2289.45000
2306.02500
2357.32500
2370.60000
2383.95000
2397.30000
2410.85000
2424.57500
2438.52500
2452.67500
2467.07500
2481.70000
2496.57500
2511.70000
2526.97500
2542.47500
2558.17500
2574.12500
2590.45000
2607.15000
2657.35000
2670.65000
2684.05000
2697.45000
2711.02500
2724.82500
2738.82500
2753.02500
2767.47500
2782.20000
2797.12500
2812.30000
2827.62500
2843.07500
2858.85000
2874.92500
2891.42500
2908.60000
2957.40000
2970.72500
2984.15000
2997.57500
3011.22500
3025.05000
3039.10000
3053.37500
3067.90000
3082.70000
3097.70000
3112.87500
3128.25000
3143.80000
3159.70000
3175.90000
3192.52500
3209.70000
3257.42500
3270.80000
3284.25000
3297.72500
3311.40000
3325.27500
3339.40000
3353.72500
3368.32500
3383.17500
3398.20000
3413.42500
3428.82500
3444.42500
3460.32500
3476.70000
3493.45000
3510.50000
3557.45000
3570.85000
3584.35000
3597.85000
3611.57500
3625.50000
3639.67500
3654.05000
3668.72500
3683.60000
3698.70000
3714.02500
3729.42500
3745.17500
3761.22500
3777.70000
3794.80000
3857.45000
3870.90000
3884.42500
3897.95000
3911.72500
3925.70000
3939.90000
3954.35000
3969.07500
3984.02500
3999.17500
4014.55000
4030.00000
4045.87500
4062.10000
4078.67500
4096.00000
4157.47500
4170.95000
4184.52500
4198.07500
4211.87500
4225.90000
4240.15000
4254.65000
4269.45000
4284.45000
4299.65000
4315.00000
4330.55000
4346.50000
4362.82500
4379.50000
4396.50000
4457.50000
4471.00000
4484.60000
4498.20000
4512.05000
4526.10000
4540.40000
4554.97500
4569.82500
4584.85000
4600.12500
4615.52500
4631.15000
4647.22500
4663.62500
4680.60000
4698.20000
4757.52500
4771.05000
4784.70000
4798.32500
4812.20000
4826.30000
4840.65000
4855.27500
4870.15000
4885.22500
4900.52500
4915.97500
4931.70000
4947.87500
4964.50000
4982.25000
5057.55000
5071.10000
5084.77500
5098.42500
5112.35000
5126.47500
5140.87500
5155.55000
5170.50000
5185.60000
5200.97500
5216.47500
5232.30000
5248.57500
5265.25000
5282.55000
5357.55000
5371.15000
5384.85000
5398.52500
5412.47500
5426.67500
5441.10000
5455.85000
5470.82500
5485.97500
5501.40000
5516.87500
5532.80000
5549.17500
5565.87500
5583.17500
5657.57500
5671.20000
5684.92500
5698.62500
5712.62500
5726.85000
5741.35000
5756.12500
5771.17500
5786.37500
5801.82500
5817.40000
5833.42500
5849.90000
5867.17500
5957.60000
5971.25000
5985.00000
5998.72500
6012.75000
6027.02500
6041.55000
6056.40000
6071.45000
6086.70000
6102.10000
6117.75000
6133.77500
6150.32500
6257.60000
6271.27500
6285.05000
6298.82500
6312.87500
6327.17500
6341.75000
6356.62500
6371.72500
6387.00000
6402.40000
6418.15000
6434.27500
6450.92500
6557.62500
6571.32500
6585.12500
6598.90000
6612.97500
6627.32500
6641.92500
6656.87500
6671.97500
6687.32500
6702.80000
6718.57500
6734.75000
6751.47500
6769.07500
6857.65000
6871.35000
6885.17500
6899.00000
6913.12500
6927.47500
6942.15000
6957.10000
6972.22500
6987.62500
7003.07500
7018.97500
7035.32500
7051.92500
7068.92500
7157.65000
7171.40000
7185.25000
7199.10000
7213.25000
7227.65000
7242.37500
7257.35000
7272.52500
7287.95000
7303.45000
7319.42500
7335.80000
7353.45000
7457.67500
7471.42500
7485.32500
7499.17500
7513.35000
7527.80000
7542.57500
7557.57500
7572.80000
7588.20000
7603.77500
7619.82500
7636.47500
7757.67500
7771.47500
7785.37500
7799.25000
7813.47500
7827.95000
7842.75000
7857.77500
7873.00000
7888.42500
7904.02500
7920.15000
7936.80000
8057.70000
8071.50000
8085.42500
8099.32500
8113.57500
8128.07500
8142.92500
8157.95000
8173.17500
8188.57500
8204.27500
8220.37500
8237.12500
8357.70000
8371.52500
8385.47500
8399.40000
8413.67500
8428.22500
8443.07500
8458.17500
8473.47500
8488.97500
8504.72500
8520.82500
8537.67500
8657.72500
8671.57500
8685.52500
8699.47500
8713.77500
8728.35000
8743.27500
8758.37500
8773.70000
8789.15000
8804.97500
8821.15000
8837.70000
8854.70000
8957.72500
8971.60000
8985.60000
8999.57500
9013.90000
9028.50000
9043.47500
9058.60000
9073.95000
9089.40000
9105.25000
9121.45000
9138.25000
9257.75000
9271.62500
9285.65000
9299.65000
9314.00000
9328.65000
9343.65000
9358.80000
9374.30000
9389.82500
9405.80000
9422.07500
9439.15000
9557.75000
9571.67500
9585.70000
9599.72500
9614.10000
9628.80000
9643.82500
9659.02500
9674.52500
9690.02500
9705.97500
9722.40000
9857.77500
9871.70000
9885.75000
9899.77500
9914.20000
9928.92500
9943.92500
9959.12500
9974.65000
9990.20000
10006.22500
10022.77500
10157.77500
10171.72500
10185.80000
10199.85000
10214.30000
10229.05000
10244.07500
10259.32500
10274.70000
10290.35000
10306.55000
10323.42500
10457.77500
10471.75000
10485.85000
10499.92500
10514.37500
10529.17500
10544.22500
10559.45000
10574.92500
10590.57500
10606.95000
10623.97500
10757.80000
10771.77500
10785.90000
10800.00000
10814.47500
10829.30000
10844.37500
10859.65000
10875.15000
10890.90000
10906.90000
10923.92500
11057.80000
11071.80000
11085.95000
11100.05000
11114.57500
11129.42500
11144.50000
11159.80000
11175.22500
11191.00000
11207.05000
11223.90000
11357.82500
11371.85000
11386.00000
11400.12500
11414.67500
11429.55000
11444.62500
11459.95000
11475.37500
11491.22500
11507.40000
11524.80000
11657.82500
11671.87500
11686.05000
11700.20000
11714.75000
11729.70000
11744.80000
11760.17500
11775.57500
11791.45000
11807.55000
11824.52500
11957.82500
11971.90000
11986.10000
12000.25000
12014.85000
12029.82500
12045.00000
12060.45000
12075.90000
12091.82500
12108.27500
12257.85000
12271.92500
12286.12500
12300.32500
12314.95000
12329.92500
12345.07500
12360.50000
12375.95000
12391.87500
12408.22500
12557.85000
12571.95000
12586.17500
12600.37500
12615.02500
12630.05000
12645.25000
12660.67500
12676.20000
12692.10000
12708.50000
12857.85000
12871.97500
12886.22500
12900.42500
12915.10000
12930.17500
12945.40000
12960.85000
12976.45000
12992.52500
13009.25000
13157.87500
13172.00000
13186.25000
13200.50000
13215.20000
13230.22500
13245.45000
13260.90000
13276.57500
13292.90000
13309.55000
13457.87500
13472.02500
13486.30000
13500.55000
13515.27500
13530.32500
13545.57500
13561.05000
13576.82500
13592.90000
13610.90000
13757.87500
13772.05000
13786.35000
13800.60000
13815.37500
13830.40000
13845.65000
13861.07500
13876.82500
13892.85000
13909.72500
14057.90000
14072.07500
14086.37500
14100.67500
14115.45000
14130.47500
14145.72500
14161.12500
14176.92500
14193.02500
14357.90000
14372.07500
14386.42500
14400.72500
14415.52500
14430.57500
14445.85000
14461.17500
14476.95000
14493.00000
14509.70000
14657.90000
14672.10000
14686.47500
14700.77500
14715.62500
14730.65000
14745.92500
14761.35000
14777.27500
14793.52500
14957.90000
14972.12500
14986.50000

