$ Stimulation Interval(ms): 300
$ Delay(ms): 213.429381
$ Number of data : 631
$ TSTOP : 15000
$ PN stimulation current max : 0
$ LN stimulation current max : 15000
218.17500
231.00000
243.87500
256.82500
269.87500
283.07500
296.45000
309.97500
323.67500
337.57500
351.65000
365.92500
380.45000
395.20000
410.25000
425.62500
441.47500
457.65000
474.27500
491.65000
520.27500
533.10000
546.05000
559.07500
572.22500
585.55000
599.05000
612.72500
626.57500
640.62500
654.87500
669.35000
684.07500
699.07500
714.40000
730.17500
746.30000
762.85000
780.50000
820.80000
833.62500
846.57500
859.67500
872.90000
886.27500
899.82500
913.57500
927.50000
941.62500
955.97500
970.57500
985.45000
1000.62500
1016.20000
1032.25000
1048.70000
1120.92500
1133.77500
1146.77500
1159.90000
1173.17500
1186.62500
1200.25000
1214.02500
1228.02500
1242.22500
1256.67500
1271.35000
1286.32500
1301.65000
1317.47500
1333.67500
1350.62500
1420.92500
1433.82500
1446.87500
1460.05000
1473.35000
1486.85000
1500.52500
1514.37500
1528.45000
1542.72500
1557.22500
1572.02500
1587.10000
1602.57500
1618.50000
1634.82500
1720.97500
1733.87500
1746.97500
1760.17500
1773.52500
1787.05000
1800.77500
1814.67500
1828.80000
1843.15000
1857.72500
1872.60000
1887.80000
1903.42500
1919.45000
1936.00000
2021.00000
2033.95000
2047.05000
2060.30000
2073.70000
2087.27500
2101.02500
2114.97500
2129.15000
2143.57500
2158.22500
2173.20000
2188.50000
2204.27500
2220.32500
2237.35000
2321.00000
2333.97500
2347.12500
2360.40000
2373.82500
2387.45000
2401.25000
2415.25000
2429.50000
2443.95000
2458.70000
2473.75000
2489.17500
2505.00000
2521.17500
2538.45000
2621.02500
2634.02500
2647.20000
2660.50000
2673.97500
2687.62500
2701.47500
2715.52500
2729.82500
2744.35000
2759.17500
2774.30000
2789.85000
2805.70000
2822.00000
2921.05000
2934.07500
2947.27500
2960.60000
2974.10000
2987.80000
3001.70000
3015.80000
3030.12500
3044.72500
3059.60000
3074.82500
3090.47500
3106.45000
3123.02500
3221.07500
3234.12500
3247.35000
3260.70000
3274.25000
3287.97500
3301.90000
3316.05000
3330.42500
3345.07500
3360.05000
3375.35000
3391.02500
3407.02500
3423.77500
3521.07500
3534.15000
3547.42500
3560.80000
3574.37500
3588.12500
3602.10000
3616.30000
3630.72500
3645.42500
3660.47500
3675.87500
3691.62500
3707.85000
3821.10000
3834.20000
3847.47500
3860.87500
3874.47500
3888.27500
3902.27500
3916.52500
3931.00000
3945.77500
3960.85000
3976.35000
3992.15000
4008.35000
4121.12500
4134.22500
4147.52500
4160.97500
4174.60000
4188.42500
4202.47500
4216.75000
4231.27500
4246.10000
4261.25000
4276.80000
4292.62500
4309.05000
4421.12500
4434.27500
4447.60000
4461.05000
4474.70000
4488.57500
4502.65000
4516.95000
4531.55000
4546.42500
4561.65000
4577.27500
4593.15000
4609.57500
4721.15000
4734.30000
4747.65000
4761.12500
4774.82500
4788.72500
4802.82500
4817.17500
4831.80000
4846.75000
4862.05000
4877.70000
4893.70000
4910.47500
5021.17500
5034.35000
5047.72500
5061.22500
5074.92500
5088.85000
5103.00000
5117.40000
5132.07500
5147.07500
5162.45000
5178.12500
5194.20000
5211.45000
5321.17500
5334.37500
5347.77500
5361.30000
5375.05000
5389.00000
5403.17500
5417.62500
5432.35000
5447.40000
5462.87500
5478.60000
5494.72500
5621.20000
5634.42500
5647.82500
5661.37500
5675.15000
5689.12500
5703.35000
5717.82500
5732.60000
5747.70000
5763.22500
5779.00000
5795.22500
5921.20000
5934.45000
5947.87500
5961.45000
5975.25000
5989.25000
6003.50000
6018.02500
6032.82500
6048.00000
6063.60000
6079.45000
6095.87500
6221.22500
6234.47500
6247.92500
6261.52500
6275.35000
6289.37500
6303.67500
6318.22500
6333.07500
6348.32500
6363.92500
6379.87500
6396.40000
6521.22500
6534.50000
6547.97500
6561.60000
6575.45000
6589.50000
6603.82500
6618.42500
6633.32500
6648.62500
6664.27500
6680.20000
6696.97500
6821.25000
6834.55000
6848.02500
6861.67500
6875.55000
6889.65000
6903.97500
6918.62500
6933.57500
6948.95000
6964.65000
6980.67500
6998.40000
7121.25000
7134.57500
7148.07500
7161.72500
7175.62500
7189.77500
7204.15000
7218.82500
7233.82500
7249.27500
7264.97500
7281.07500
7421.27500
7434.60000
7448.12500
7461.80000
7475.72500
7489.87500
7504.30000
7519.00000
7534.05000
7549.57500
7565.32500
7581.50000
7721.27500
7734.62500
7748.17500
7761.87500
7775.80000
7790.00000
7804.42500
7819.17500
7834.30000
7849.87500
7865.75000
7882.07500
8021.30000
8034.65000
8048.22500
8061.92500
8075.90000
8090.10000
8104.57500
8119.37500
8134.52500
8150.12500
8166.02500
8182.40000
8321.30000
8334.67500
8348.27500
8362.00000
8375.97500
8390.22500
8404.72500
8419.55000
8434.75000
8450.35000
8466.15000
8482.82500
8621.32500
8634.70000
8648.32500
8662.05000
8676.07500
8690.32500
8704.87500
8719.72500
8735.00000
8750.67500
8766.55000
8783.32500
8921.32500
8934.75000
8948.35000
8962.12500
8976.15000
8990.45000
9005.02500
9019.92500
9035.25000
9050.92500
9066.85000
9221.35000
9234.75000
9248.40000
9262.17500
9276.22500
9290.55000
9305.15000
9320.07500
9335.47500
9351.22500
9367.22500
9521.35000
9534.77500
9548.42500
9562.22500
9576.30000
9590.65000
9605.27500
9620.25000
9635.70000
9651.42500
9667.45000
9821.35000
9834.80000
9848.47500
9862.27500
9876.37500
9890.75000
9905.40000
9920.42500
9935.92500
9951.62500
9967.77500
10121.37500
10134.82500
10148.52500
10162.35000
10176.45000
10190.85000
10205.55000
10220.60000
10236.15000
10251.95000
10268.20000
10421.37500
10434.85000
10448.55000
10462.40000
10476.55000
10490.95000
10505.67500
10520.77500
10536.37500
10552.20000
10568.70000
10721.37500
10734.87500
10748.60000
10762.45000
10776.62500
10791.05000
10805.80000
10820.95000
10836.60000
10852.42500
10869.52500
11021.40000
11034.90000
11048.62500
11062.50000
11076.70000
11091.15000
11105.95000
11121.12500
11136.75000
11152.55000
11169.25000
11321.40000
11334.92500
11348.67500
11362.55000
11376.77500
11391.25000
11406.07500
11421.30000
11436.95000
11452.77500
11469.72500
11621.42500
11634.95000
11648.70000
11662.62500
11676.85000
11691.35000
11706.20000
11721.47500
11737.25000
11753.15000
11771.37500
11921.42500
11934.97500
11948.75000
11962.67500
11976.92500
11991.45000
12006.35000
12021.67500
12037.42500
12053.40000
12221.42500
12235.00000
12248.77500
12262.72500
12276.97500
12291.55000
12306.45000
12321.82500
12337.62500
12353.67500
12521.42500
12535.00000
12548.80000
12562.75000
12577.05000
12591.65000
12606.57500
12622.00000
12637.82500
12654.00000
12821.45000
12835.02500
12848.85000
12862.80000
12877.12500
12891.72500
12906.70000
12922.17500
12938.02500
12954.32500
13121.45000
13135.05000
13148.87500
13162.85000
13177.17500
13191.82500
13206.82500
13222.32500
13238.12500
13254.40000
13421.45000
13435.07500
13448.90000
13462.90000
13477.25000
13491.90000
13506.95000
13522.50000
13538.35000
13554.82500
13721.47500
13735.07500
13748.95000
13762.95000
13777.30000
13792.00000
13807.07500
13822.67500
13838.47500
13855.05000
14021.47500
14035.10000
14048.97500
14063.00000
14077.37500
14092.10000
14107.20000
14122.82500
14138.60000
14155.37500
14321.47500
14335.12500
14349.00000
14363.05000
14377.45000
14392.17500
14407.32500
14423.00000
14438.77500
14621.50000
14635.15000
14649.02500
14663.07500
14677.50000
14692.25000
14707.42500
14723.10000
14738.90000
14756.82500
14921.50000
14935.15000
14949.07500
14963.12500
14977.57500
14992.35000

