$ Stimulation Interval(ms): 300
$ Delay(ms): 32.660291
$ Number of data : 560
$ TSTOP : 15000
$ PN stimulation current max : 0
$ LN stimulation current max : 15000
38.55000
48.35000
57.05000
65.20000
73.02500
80.62500
88.15000
95.60000
103.05000
110.47500
117.90000
125.37500
132.85000
140.37500
147.92500
155.52500
163.15000
170.85000
178.57500
186.35000
194.20000
202.10000
212.37500
1107.42500
1399.90000
1692.07500
1707.87500
1978.55000
1993.47500
2007.50000
2278.30000
2293.15000
2305.30000
2564.10000
2579.52500
2593.12500
2604.77500
2863.97500
2879.02500
2892.27500
2905.00000
3150.47500
3166.37500
3179.70000
3191.27500
3200.25000
3215.32500
3449.87500
3464.87500
3478.67500
3490.60000
3499.67500
3508.45000
3750.37500
3764.77500
3776.25000
3785.17500
3794.95000
3803.55000
3816.57500
4044.57500
4059.52500
4069.02500
4081.02500
4090.55000
4099.95000
4108.40000
4336.05000
4350.87500
4364.52500
4376.27500
4385.22500
4394.02500
4402.60000
4413.82500
4635.97500
4649.67500
4661.32500
4670.12500
4679.17500
4687.72500
4696.02500
4704.40000
4715.35000
4932.30000
4946.47500
4960.35000
4969.50000
4979.42500
4987.87500
4996.12500
5004.30000
5015.05000
5222.37500
5237.52500
5250.30000
5262.10000
5270.97500
5280.15000
5288.57500
5296.80000
5304.97500
5315.80000
5521.60000
5537.32500
5550.20000
5561.90000
5570.77500
5579.30000
5587.92500
5596.12500
5604.27500
5614.97500
5821.70000
5835.17500
5847.20000
5855.92500
5865.17500
5873.60000
5881.90000
5890.10000
5898.22500
5906.32500
6116.75000
6132.27500
6144.90000
6154.35000
6164.75000
6173.12500
6181.35000
6189.42500
6197.47500
6205.52500
6216.75000
6417.00000
6432.00000
6441.65000
6453.07500
6461.62500
6470.95000
6479.15000
6487.20000
6495.25000
6503.30000
6514.05000
6709.00000
6723.65000
6736.25000
6748.07500
6756.82500
6765.77500
6774.22500
6782.32500
6790.37500
6798.40000
6806.47500
7007.42500
7022.22500
7033.85000
7047.50000
7056.32500
7064.47500
7073.17500
7081.22500
7089.22500
7097.22500
7105.25000
7115.90000
7307.50000
7321.12500
7332.82500
7341.60000
7350.97500
7359.30000
7367.47500
7375.45000
7383.42500
7391.37500
7399.37500
7407.40000
7608.15000
7621.70000
7633.55000
7642.15000
7651.70000
7659.87500
7668.07500
7676.05000
7683.97500
7691.95000
7699.92500
7707.95000
7908.47500
7922.05000
7933.17500
7941.85000
7951.12500
7959.47500
7967.52500
7975.47500
7983.42500
7991.37500
7999.35000
8007.37500
8204.45000
8218.12500
8227.27500
8237.35000
8245.62500
8255.45000
8263.52500
8271.47500
8279.40000
8287.32500
8295.27500
8303.27500
8313.92500
8495.15000
8509.37500
8521.35000
8532.62500
8541.37500
8549.40000
8557.87500
8565.82500
8573.70000
8581.60000
8589.52500
8597.47500
8605.45000
8616.10000
8794.42500
8808.62500
8820.17500
8832.82500
8841.57500
8849.55000
8858.02500
8865.95000
8873.82500
8881.72500
8889.62500
8897.57500
8905.55000
8916.30000
9093.65000
9107.27500
9118.65000
9127.25000
9136.20000
9144.47500
9152.45000
9160.37500
9168.25000
9176.12500
9184.00000
9191.92500
9199.87500
9207.87500
9393.82500
9407.10000
9418.05000
9426.80000
9435.90000
9444.27500
9452.22500
9460.10000
9467.95000
9475.80000
9483.67500
9491.57500
9499.52500
9507.52500
9691.70000
9704.62500
9715.57500
9725.15000
9734.55000
9742.75000
9750.65000
9758.47500
9766.27500
9774.10000
9781.95000
9789.85000
9797.77500
9805.75000
9816.65000
9993.85000
10009.50000
10020.02500
10028.42500
10037.90000
10045.87500
10053.75000
10061.57500
10069.40000
10077.22500
10085.10000
10093.00000
10100.95000
10109.00000
10294.22500
10307.90000
10319.15000
10327.82500
10336.35000
10344.57500
10352.50000
10360.32500
10368.15000
10375.97500
10383.85000
10391.75000
10399.70000
10407.67500
10590.57500
10604.70000
10613.50000
10622.80000
10630.97500
10639.52500
10647.47500
10655.32500
10663.15000
10670.95000
10678.80000
10686.67500
10694.57500
10702.52500
10712.30000
10890.02500
10902.77500
10912.20000
10921.67500
10929.85000
10937.97500
10945.90000
10953.70000
10961.47500
10969.27500
10977.10000
10984.95000
10992.82500
11000.77500
11008.77500
11181.07500
11195.00000
11205.87500
11214.40000
11223.10000
11231.12500
11239.07500
11246.87500
11254.62500
11262.40000
11270.17500
11277.97500
11285.82500
11293.72500
11301.65000
11309.90000
11481.02500
11494.80000
11505.20000
11513.77500
11522.52500
11530.62500
11538.47500
11546.25000
11554.00000
11561.75000
11569.52500
11577.32500
11585.17500
11593.05000
11601.00000
11609.00000
11780.17500
11793.62500
11804.20000
11812.80000
11821.77500
11829.90000
11837.75000
11845.50000
11853.25000
11861.00000
11868.75000
11876.55000
11884.40000
11892.27500
11900.20000
11908.17500
12080.15000
12094.55000
12105.45000
12113.87500
12123.07500
12131.05000
12138.87500
12146.65000
12154.40000
12162.15000
12169.90000
12177.70000
12185.55000
12193.42500
12201.37500
12209.47500
12380.27500
12395.45000
12406.07500
12414.45000
12424.12500
12432.07500
12439.85000
12447.60000
12455.32500
12463.07500
12470.85000
12478.65000
12486.50000
12494.37500
12502.32500
12511.27500
12680.55000
12696.15000
12706.12500
12714.57500
12723.82500
12731.75000
12739.52500
12747.27500
12755.00000
12762.75000
12770.50000
12778.30000
12786.15000
12794.02500
12801.97500
12810.42500
12980.87500
12995.07500
13006.05000
13014.45000
13022.92500
13031.10000
13038.92500
13046.65000
13054.40000
13062.12500
13069.90000
13077.70000
13085.52500
13093.42500
13101.35000
13109.42500
13280.72500
13293.95000
13305.10000
13313.65000
13321.92500
13329.95000
13337.70000
13345.40000
13353.10000
13360.80000
13368.55000
13376.35000
13384.15000
13392.02500
13399.95000
13407.90000
13580.45000
13592.60000
13601.40000
13610.52500
13618.52500
13626.85000
13634.62500
13642.32500
13650.02500
13657.72500
13665.45000
13673.22500
13681.02500
13688.87500
13696.77500
13704.72500
13715.10000
13879.65000
13891.02500
13899.62500
13908.50000
13916.47500
13924.40000
13932.10000
13939.80000
13947.47500
13955.15000
13962.87500
13970.62500
13978.40000
13986.22500
13994.10000
14002.02500
14010.47500
14179.57500
14190.75000
14199.32500
14208.12500
14216.10000
14223.87500
14231.55000
14239.22500
14246.90000
14254.57500
14262.27500
14270.02500
14277.80000
14285.62500
14293.50000
14301.40000
14309.50000
14475.87500
14488.80000
14497.65000
14507.07500
14515.05000
14522.80000
14530.47500
14538.12500
14545.77500
14553.45000
14561.15000
14568.87500
14576.65000
14584.47500
14592.32500
14600.22500
14608.20000
14773.52500
14783.67500
14794.65000
14803.30000
14811.90000
14819.75000
14827.45000
14835.12500
14842.77500
14850.42500
14858.12500
14865.82500
14873.57500
14881.37500
14889.22500
14897.10000
14905.05000
14915.40000

