$ Stimulation Interval(ms): 300
$ Delay(ms): 4.892214
$ Number of data : 596
$ TSTOP : 15000
$ PN stimulation current max : 0
$ LN stimulation current max : 15000
10.97500
20.87500
29.60000
37.77500
45.60000
53.22500
60.75000
68.20000
75.65000
83.07500
90.52500
97.97500
105.47500
112.97500
120.55000
128.15000
135.77500
143.47500
151.20000
159.00000
166.85000
174.75000
182.70000
190.70000
198.77500
209.20000
1107.77500
1405.35000
1692.90000
1708.17500
1978.85000
1994.57500
2007.72500
2278.62500
2293.32500
2305.90000
2321.05000
2564.37500
2580.82500
2593.52500
2605.57500
2620.75000
2864.67500
2880.10000
2893.10000
2906.20000
2920.80000
3149.62500
3166.25000
3179.75000
3191.57500
3200.72500
3219.37500
3450.20000
3466.07500
3479.17500
3491.27500
3500.37500
3509.95000
3736.25000
3752.17500
3765.92500
3777.95000
3791.55000
3800.52500
3810.37500
4035.45000
4051.65000
4064.60000
4076.70000
4085.70000
4095.62500
4104.35000
4119.45000
4335.65000
4351.25000
4364.30000
4376.70000
4385.67500
4394.85000
4403.50000
4419.17500
4621.80000
4637.37500
4650.70000
4663.75000
4676.87500
4685.97500
4694.47500
4703.35000
4719.10000
4921.27500
4937.80000
4951.12500
4962.80000
4971.70000
4981.52500
4990.17500
4998.90000
5007.32500
5020.35000
5221.15000
5237.05000
5249.92500
5262.32500
5271.27500
5280.55000
5289.15000
5297.55000
5305.92500
5319.75000
5521.30000
5537.30000
5549.75000
5562.25000
5571.17500
5580.02500
5588.67500
5597.05000
5605.40000
5619.55000
5816.27500
5832.92500
5846.82500
5855.77500
5865.35000
5874.00000
5882.37500
5890.75000
5899.07500
5907.42500
5920.32500
6106.70000
6122.97500
6135.67500
6147.90000
6156.72500
6166.77500
6175.27500
6183.87500
6192.15000
6200.42500
6208.77500
6220.95000
6407.12500
6423.30000
6435.97500
6448.20000
6457.02500
6466.72500
6475.17500
6483.45000
6491.70000
6499.95000
6508.25000
6520.65000
6707.10000
6723.50000
6735.42500
6748.22500
6756.95000
6765.97500
6774.42500
6782.67500
6790.90000
6799.12500
6807.40000
6820.25000
7006.72500
7020.42500
7033.25000
7042.10000
7051.12500
7059.62500
7067.90000
7076.25000
7084.50000
7092.75000
7100.97500
7109.47500
7121.37500
7294.15000
7308.70000
7321.22500
7333.62500
7342.45000
7351.82500
7360.27500
7368.77500
7376.97500
7385.17500
7393.35000
7401.57500
7410.95000
7594.07500
7609.12500
7621.77500
7633.90000
7642.65000
7652.32500
7660.67500
7669.07500
7677.27500
7685.42500
7693.62500
7701.82500
7719.37500
7892.77500
7909.10000
7921.85000
7933.75000
7942.47500
7951.85000
7960.20000
7968.37500
7976.52500
7984.67500
7992.82500
8001.02500
8009.50000
8021.32500
8193.27500
8208.97500
8221.02500
8233.62500
8242.27500
8251.60000
8259.90000
8268.02500
8276.12500
8284.25000
8292.40000
8300.57500
8308.85000
8320.92500
8493.20000
8508.80000
8520.15000
8532.47500
8541.30000
8549.57500
8558.15000
8566.27500
8574.37500
8582.47500
8590.60000
8598.77500
8607.00000
8620.02500
8792.77500
8806.32500
8818.65000
8827.45000
8836.50000
8844.85000
8853.00000
8861.15000
8869.25000
8877.35000
8885.45000
8893.60000
8901.77500
8913.10000
9088.50000
9104.25000
9117.17500
9126.10000
9135.82500
9144.30000
9152.42500
9160.52500
9168.57500
9176.65000
9184.72500
9192.87500
9201.02500
9209.45000
9221.27500
9378.65000
9394.17500
9406.62500
9418.32500
9427.15000
9436.50000
9444.77500
9452.90000
9460.92500
9468.97500
9477.02500
9485.10000
9493.22500
9501.37500
9510.07500
9521.72500
9678.00000
9693.70000
9705.75000
9716.22500
9725.62500
9736.20000
9744.45000
9752.50000
9760.50000
9768.50000
9776.55000
9784.62500
9792.72500
9800.87500
9809.20000
9821.10000
9978.35000
9994.30000
10008.05000
10019.22500
10027.87500
10037.52500
10045.67500
10053.70000
10061.67500
10069.70000
10077.72500
10085.80000
10093.90000
10102.07500
10117.20000
10279.20000
10295.05000
10307.60000
10319.55000
10328.30000
10337.27500
10345.47500
10353.52500
10361.52500
10369.52500
10377.57500
10385.65000
10393.75000
10401.92500
10415.75000
10578.50000
10594.77500
10606.22500
10619.42500
10628.15000
10636.50000
10644.77500
10652.77500
10660.77500
10668.77500
10676.80000
10684.85000
10692.95000
10701.10000
10709.52500
10721.30000
10878.92500
10894.60000
10905.55000
10914.67500
10924.12500
10932.35000
10940.60000
10948.57500
10956.55000
10964.50000
10972.50000
10980.52500
10988.60000
10996.72500
11004.90000
11019.20000
11178.97500
11192.20000
11203.77500
11212.67500
11222.17500
11230.42500
11238.57500
11246.60000
11254.55000
11262.52500
11270.50000
11278.52500
11286.57500
11294.67500
11302.82500
11318.57500
11479.02500
11492.32500
11504.05000
11512.85000
11522.22500
11530.45000
11538.45000
11546.40000
11554.32500
11562.27500
11570.25000
11578.27500
11586.32500
11594.42500
11602.57500
11618.02500
11766.12500
11780.57500
11792.67500
11804.02500
11812.70000
11822.07500
11830.40000
11838.40000
11846.32500
11854.27500
11862.20000
11870.17500
11878.17500
11886.22500
11894.32500
11902.47500
11917.20000
12065.45000
12080.55000
12093.42500
12105.17500
12113.70000
12123.27500
12131.37500
12139.32500
12147.22500
12155.12500
12163.07500
12171.02500
12179.02500
12187.07500
12195.17500
12203.32500
12218.72500
12365.50000
12380.47500
12393.17500
12404.50000
12413.15000
12422.60000
12430.72500
12438.65000
12446.55000
12454.42500
12462.35000
12470.30000
12478.30000
12486.35000
12494.45000
12502.57500
12517.82500
12664.80000
12680.55000
12695.97500
12706.12500
12714.57500
12723.57500
12731.60000
12739.52500
12747.42500
12755.32500
12763.25000
12771.22500
12779.22500
12787.25000
12795.35000
12803.50000
12818.77500
12964.92500
12981.07500
12994.75000
13005.97500
13014.50000
13023.02500
13031.25000
13039.20000
13047.10000
13055.00000
13062.95000
13070.90000
13078.90000
13086.95000
13095.05000
13103.20000
13118.70000
13265.27500
13281.07500
13292.97500
13305.20000
13313.80000
13322.07500
13330.20000
13338.07500
13345.95000
13353.82500
13361.72500
13369.67500
13377.65000
13385.67500
13393.77500
13401.90000
13412.30000
13565.42500
13580.80000
13592.05000
13600.57500
13609.65000
13617.75000
13626.10000
13634.02500
13641.87500
13649.75000
13657.62500
13665.55000
13673.50000
13681.52500
13689.57500
13697.67500
13705.82500
13719.57500
13865.75000
13880.82500
13891.57500
13900.15000
13908.92500
13916.97500
13925.00000
13932.85000
13940.70000
13948.55000
13956.42500
13964.35000
13972.27500
13980.27500
13988.32500
13996.42500
14004.57500
14019.07500
14165.67500
14180.50000
14191.32500
14199.75000
14208.65000
14216.75000
14224.67500
14232.52500
14240.35000
14248.20000
14256.07500
14263.97500
14271.92500
14279.92500
14287.95000
14296.05000
14304.20000
14318.95000
14465.45000
14479.65000
14490.80000
14499.20000
14508.20000
14516.22500
14524.10000
14531.92500
14539.75000
14547.57500
14555.45000
14563.32500
14571.27500
14579.25000
14587.27500
14595.37500
14603.50000
14618.75000
14765.45000
14779.82500
14790.75000
14799.15000
14808.65000
14816.70000
14824.57500
14832.40000
14840.22500
14848.05000
14855.92500
14863.80000
14871.75000
14879.72500
14887.77500
14895.85000
14904.00000
14918.90000

