$ Stimulation Interval(ms): 300
$ Delay(ms): 240.707256
$ Number of data : 699
$ TSTOP : 15000
$ PN stimulation current max : 0
$ LN stimulation current max : 15000
245.55000
258.62500
271.62500
284.62500
297.72500
310.95000
324.37500
337.95000
351.72500
365.67500
379.85000
394.27500
408.92500
423.87500
439.07500
454.52500
470.20000
486.12500
502.22500
519.97500
547.80000
560.85000
573.92500
586.97500
600.20000
613.57500
627.10000
640.82500
654.75000
668.90000
683.27500
697.87500
712.77500
727.95000
743.35000
759.00000
774.87500
790.92500
807.27500
848.22500
861.27500
874.40000
887.52500
900.80000
914.25000
927.87500
941.67500
955.70000
969.92500
984.40000
999.15000
1014.15000
1029.45000
1044.92500
1060.70000
1076.75000
1092.95000
1109.57500
1148.25000
1161.35000
1174.52500
1187.70000
1201.02500
1214.52500
1228.20000
1242.07500
1256.17500
1270.50000
1285.07500
1299.92500
1315.07500
1330.40000
1345.97500
1361.87500
1377.95000
1394.30000
1411.32500
1448.37500
1461.52500
1474.72500
1487.95000
1501.32500
1514.87500
1528.62500
1542.57500
1556.75000
1571.17500
1585.85000
1600.82500
1616.07500
1631.47500
1647.22500
1663.22500
1679.35000
1695.87500
1713.62500
1748.52500
1761.70000
1774.95000
1788.20000
1801.62500
1815.25000
1829.05000
1843.05000
1857.30000
1871.80000
1886.57500
1901.65000
1916.97500
1932.42500
1948.22500
1964.27500
1980.62500
1997.40000
2048.40000
2061.62500
2074.92500
2088.20000
2101.67500
2115.32500
2129.20000
2143.27500
2157.57500
2172.15000
2187.02500
2202.15000
2217.50000
2233.10000
2248.97500
2265.00000
2281.50000
2298.22500
2348.45000
2361.70000
2375.02500
2388.35000
2401.85000
2415.57500
2429.47500
2443.62500
2458.00000
2472.65000
2487.60000
2502.82500
2518.25000
2533.97500
2549.92500
2566.02500
2582.70000
2599.47500
2648.47500
2661.75000
2675.12500
2688.47500
2702.05000
2715.80000
2729.75000
2743.95000
2758.40000
2773.12500
2788.17500
2803.50000
2819.00000
2834.80000
2850.82500
2867.15000
2883.95000
2901.05000
2948.50000
2961.82500
2975.22500
2988.62500
3002.22500
3016.02500
3030.02500
3044.27500
3058.80000
3073.62500
3088.72500
3104.12500
3119.67500
3135.62500
3151.62500
3168.10000
3184.75000
3248.52500
3261.87500
3275.30000
3288.72500
3302.37500
3316.20000
3330.27500
3344.57500
3359.15000
3374.05000
3389.22500
3404.67500
3420.30000
3436.17500
3452.27500
3468.87500
3485.62500
3548.55000
3561.92500
3575.37500
3588.85000
3602.52500
3616.40000
3630.52500
3644.87500
3659.52500
3674.47500
3689.75000
3705.25000
3720.87500
3736.75000
3753.07500
3769.72500
3786.95000
3848.55000
3861.97500
3875.47500
3888.95000
3902.67500
3916.60000
3930.75000
3945.17500
3959.87500
3974.92500
3990.27500
4005.82500
4021.57500
4037.57500
4053.90000
4070.45000
4148.57500
4162.02500
4175.55000
4189.05000
4202.80000
4216.77500
4230.97500
4245.45000
4260.22500
4275.32500
4290.75000
4306.37500
4322.22500
4338.25000
4354.80000
4371.52500
4448.60000
4462.07500
4475.62500
4489.17500
4502.95000
4516.95000
4531.20000
4545.72500
4560.55000
4575.70000
4591.17500
4606.80000
4622.62500
4638.80000
4655.35000
4672.30000
4748.62500
4762.10000
4775.70000
4789.27500
4803.07500
4817.12500
4831.42500
4846.00000
4860.90000
4876.07500
4891.57500
4907.20000
4923.10000
4939.50000
4956.30000
4973.97500
5048.62500
5062.15000
5075.77500
5089.37500
5103.22500
5117.30000
5131.65000
5146.27500
5161.22500
5176.50000
5192.02500
5207.75000
5223.67500
5240.02500
5256.67500
5348.65000
5362.20000
5375.82500
5389.45000
5403.35000
5417.45000
5431.85000
5446.52500
5461.55000
5476.90000
5492.45000
5508.17500
5524.10000
5540.65000
5557.32500
5648.67500
5662.22500
5675.90000
5689.55000
5703.47500
5717.62500
5732.05000
5746.77500
5761.87500
5777.35000
5792.97500
5808.80000
5824.85000
5841.35000
5858.22500
5948.67500
5962.27500
5975.97500
5989.65000
6003.60000
6017.77500
6032.25000
6047.05000
6062.20000
6077.67500
6093.27500
6109.15000
6125.32500
6143.20000
6160.42500
6248.70000
6262.32500
6276.02500
6289.72500
6303.72500
6317.95000
6332.45000
6347.30000
6362.52500
6378.02500
6393.67500
6409.60000
6425.87500
6442.85000
6548.70000
6562.35000
6576.10000
6589.82500
6603.82500
6618.10000
6632.65000
6647.55000
6662.80000
6678.25000
6693.87500
6709.82500
6726.32500
6742.92500
6848.72500
6862.40000
6876.15000
6889.90000
6903.95000
6918.25000
6932.85000
6947.80000
6963.05000
6978.60000
6994.22500
7010.15000
7026.67500
7043.32500
7148.75000
7162.42500
7176.20000
7189.97500
7204.05000
7218.40000
7233.02500
7248.05000
7263.40000
7279.02500
7294.77500
7310.77500
7327.27500
7344.05000
7448.75000
7462.45000
7476.27500
7490.07500
7504.17500
7518.55000
7533.22500
7548.30000
7563.72500
7579.35000
7595.27500
7611.37500
7627.85000
7645.30000
7748.77500
7762.50000
7776.32500
7790.15000
7804.27500
7818.70000
7833.42500
7848.55000
7864.00000
7879.65000
7895.52500
7911.70000
7928.27500
8048.77500
8062.52500
8076.37500
8090.22500
8104.40000
8118.82500
8133.60000
8148.80000
8164.27500
8179.92500
8195.82500
8212.10000
8228.95000
8348.80000
8362.55000
8376.42500
8390.30000
8404.50000
8418.97500
8433.77500
8449.02500
8464.45000
8480.10000
8496.02500
8512.40000
8529.32500
8648.80000
8662.60000
8676.50000
8690.37500
8704.60000
8719.10000
8733.97500
8749.25000
8764.70000
8780.35000
8796.20000
8812.67500
8829.30000
8948.82500
8962.62500
8976.55000
8990.45000
9004.70000
9019.25000
9034.15000
9049.45000
9064.92500
9080.62500
9096.52500
9113.00000
9129.85000
9248.82500
9262.65000
9276.60000
9290.52500
9304.80000
9319.40000
9334.35000
9349.65000
9365.15000
9380.77500
9396.77500
9413.30000
9430.37500
9548.85000
9562.70000
9576.65000
9590.60000
9604.90000
9619.52500
9634.52500
9649.92500
9665.50000
9681.25000
9697.35000
9714.67500
9848.85000
9862.72500
9876.70000
9890.67500
9905.00000
9919.65000
9934.70000
9950.17500
9965.80000
9981.52500
9997.72500
10015.02500
10148.85000
10162.75000
10176.75000
10190.75000
10205.10000
10219.77500
10234.90000
10250.35000
10265.97500
10281.75000
10297.97500
10314.50000
10448.87500
10462.77500
10476.80000
10490.80000
10505.20000
10519.92500
10535.07500
10550.47500
10566.12500
10581.95000
10598.30000
10614.80000
10748.87500
10762.80000
10776.85000
10790.87500
10805.30000
10820.05000
10835.25000
10850.60000
10866.32500
10882.10000
10898.50000
10915.67500
11048.90000
11062.82500
11076.90000
11090.95000
11105.40000
11120.17500
11135.40000
11150.82500
11166.47500
11182.37500
11198.87500
11215.60000
11348.90000
11362.85000
11376.95000
11391.00000
11405.47500
11420.32500
11435.60000
11451.02500
11466.70000
11482.67500
11499.15000
11515.92500
11648.90000
11662.90000
11676.97500
11691.07500
11705.57500
11720.45000
11735.75000
11751.25000
11766.92500
11782.87500
11799.42500
11816.32500
11948.92500
11962.92500
11977.02500
11991.15000
12005.67500
12020.57500
12035.92500
12051.47500
12067.12500
12083.15000
12099.70000
12248.92500
12262.95000
12277.07500
12291.20000
12305.77500
12320.70000
12335.97500
12351.47500
12367.22500
12383.35000
12548.92500
12562.97500
12577.12500
12591.25000
12605.85000
12620.80000
12636.10000
12651.67500
12667.35000
12683.55000
12848.95000
12862.97500
12877.15000
12891.30000
12905.92500
12920.92500
12936.17500
12951.75000
12967.57500
12983.95000
13000.57500
13148.95000
13163.00000
13177.20000
13191.37500
13206.00000
13221.05000
13236.37500
13252.02500
13267.85000
13284.22500
13300.90000
13448.97500
13463.02500
13477.25000
13491.42500
13506.10000
13521.17500
13536.57500
13552.30000
13568.17500
13584.57500
13601.62500
13748.97500
13763.05000
13777.27500
13791.50000
13806.17500
13821.30000
13836.67500
13852.37500
13868.32500
13884.85000
13901.70000
14048.97500
14063.07500
14077.32500
14091.55000
14106.27500
14121.42500
14136.77500
14152.50000
14168.50000
14184.87500
14201.55000
14349.00000
14363.10000
14377.37500
14391.62500
14406.35000
14421.55000
14436.92500
14452.55000
14468.62500
14485.40000
14502.30000
14649.00000
14663.12500
14677.40000
14691.67500
14706.45000
14721.65000
14737.07500
14752.97500
14769.07500
14785.65000
14803.60000
14949.00000
14963.15000
14977.45000
14991.72500

