$ Stimulation Interval(ms): 300
$ Delay(ms): 42.072290
$ Number of data : 589
$ TSTOP : 15000
$ PN stimulation current max : 0
$ LN stimulation current max : 15000
47.92500
57.72500
66.40000
74.55000
82.35000
89.97500
97.47500
104.95000
112.37500
119.80000
127.25000
134.70000
142.17500
149.70000
157.25000
164.85000
172.47500
180.17500
187.90000
195.67500
203.52500
804.72500
1091.17500
1107.42500
1389.65000
1405.30000
1676.32500
1692.62500
1706.62500
1962.77500
1978.72500
1992.27500
2005.52500
2261.67500
2278.02500
2291.75000
2303.50000
2549.62500
2564.30000
2578.82500
2591.45000
2603.70000
2847.90000
2864.12500
2877.90000
2889.55000
2898.62500
2908.40000
3147.55000
3164.10000
3176.67500
3189.02500
3198.02500
3207.72500
3434.70000
3449.92500
3462.65000
3474.77500
3483.77500
3493.15000
3501.70000
3734.42500
3750.37500
3763.22500
3774.87500
3783.75000
3793.40000
3801.87500
3814.50000
4028.95000
4045.40000
4059.85000
4069.37500
4080.32500
4089.62500
4098.85000
4107.12500
4323.15000
4336.77500
4350.00000
4361.62500
4371.10000
4380.70000
4389.10000
4398.27500
4406.52500
4620.82500
4636.17500
4649.10000
4660.42500
4669.30000
4678.77500
4687.22500
4695.60000
4703.97500
4715.27500
4920.50000
4936.62500
4949.22500
4960.90000
4969.65000
4979.37500
4987.65000
4995.72500
5003.80000
5014.70000
5220.32500
5234.25000
5246.70000
5256.12500
5266.05000
5274.42500
5283.80000
5291.97500
5300.02500
5308.05000
5515.17500
5531.25000
5543.70000
5553.10000
5562.72500
5571.22500
5579.70000
5588.12500
5596.20000
5604.22500
5615.27500
5809.25000
5822.72500
5834.65000
5846.05000
5854.85000
5864.40000
5872.80000
5881.05000
5889.17500
5897.17500
5905.20000
6107.70000
6122.65000
6134.72500
6145.75000
6154.70000
6164.80000
6173.00000
6181.00000
6188.97500
6196.92500
6204.90000
6217.57500
6407.30000
6422.65000
6434.37500
6445.45000
6454.62500
6463.62500
6472.10000
6480.15000
6488.10000
6496.05000
6504.00000
6514.75000
6706.52500
6720.20000
6731.90000
6740.97500
6750.10000
6758.32500
6766.92500
6775.05000
6783.02500
6790.95000
6798.90000
6806.87500
7002.50000
7017.52500
7029.90000
7039.20000
7048.65000
7057.10000
7065.15000
7073.57500
7081.55000
7089.45000
7097.37500
7105.32500
7301.82500
7317.90000
7330.07500
7339.30000
7349.47500
7357.75000
7365.67500
7373.57500
7381.42500
7389.30000
7397.20000
7405.12500
7418.65000
7596.60000
7609.37500
7621.47500
7632.72500
7641.40000
7651.07500
7659.12500
7667.05000
7674.92500
7682.77500
7690.65000
7698.52500
7706.47500
7893.90000
7908.85000
7920.85000
7931.87500
7940.70000
7950.15000
7958.42500
7966.32500
7974.17500
7982.02500
7989.87500
7997.77500
8005.70000
8193.57500
8208.90000
8220.22500
8231.10000
8240.05000
8248.17500
8256.72500
8264.65000
8272.50000
8280.32500
8288.17500
8296.05000
8303.97500
8314.55000
8493.07500
8508.12500
8518.95000
8527.75000
8536.92500
8544.97500
8553.60000
8561.52500
8569.35000
8577.17500
8585.00000
8592.85000
8600.75000
8608.72500
8792.72500
8805.80000
8816.87500
8825.80000
8834.87500
8843.07500
8850.95000
8859.10000
8866.92500
8874.72500
8882.52500
8890.37500
8898.25000
8906.15000
9092.10000
9105.15000
9116.32500
9125.40000
9134.62500
9143.02500
9150.87500
9158.75000
9166.52500
9174.30000
9182.10000
9189.92500
9197.77500
9205.70000
9390.17500
9404.72500
9416.22500
9425.27500
9434.42500
9442.70000
9450.52500
9458.27500
9466.02500
9473.80000
9481.57500
9489.37500
9497.25000
9505.15000
9517.40000
9688.72500
9703.60000
9713.80000
9723.80000
9732.22500
9740.50000
9748.37500
9756.12500
9763.87500
9771.62500
9779.40000
9787.20000
9795.05000
9802.92500
9813.52500
9988.60000
10001.95000
10011.82500
10021.55000
10029.67500
10038.65000
10046.55000
10054.32500
10062.05000
10069.80000
10077.55000
10085.35000
10093.17500
10101.05000
10109.05000
10288.95000
10303.02500
10311.82500
10321.07500
10329.27500
10337.60000
10345.47500
10353.25000
10360.97500
10368.72500
10376.47500
10384.25000
10392.07500
10399.95000
10407.85000
10581.12500
10595.35000
10606.57500
10617.67500
10626.52500
10634.37500
10642.77500
10650.55000
10658.27500
10666.00000
10673.72500
10681.50000
10689.30000
10697.12500
10705.02500
10716.47500
10880.42500
10894.67500
10905.35000
10913.77500
10922.85000
10930.82500
10938.92500
10946.67500
10954.37500
10962.07500
10969.77500
10977.52500
10985.30000
10993.12500
11000.97500
11008.95000
11179.80000
11193.62500
11204.47500
11213.00000
11222.10000
11230.12500
11237.95000
11245.72500
11253.42500
11261.10000
11268.82500
11276.55000
11284.32500
11292.12500
11299.97500
11307.87500
11479.90000
11493.27500
11503.97500
11512.70000
11521.62500
11529.65000
11537.40000
11545.10000
11552.75000
11560.42500
11568.12500
11575.85000
11583.60000
11591.40000
11599.25000
11607.15000
11779.45000
11792.67500
11803.37500
11812.07500
11821.07500
11829.12500
11836.85000
11844.52500
11852.20000
11859.85000
11867.55000
11875.25000
11883.02500
11890.80000
11898.65000
11906.55000
12079.55000
12093.77500
12104.42500
12112.92500
12122.32500
12130.20000
12137.92500
12145.60000
12153.25000
12160.92500
12168.60000
12176.32500
12184.07500
12191.87500
12199.72500
12207.62500
12380.12500
12393.97500
12404.67500
12413.22500
12422.57500
12430.47500
12438.20000
12445.85000
12453.50000
12461.17500
12468.87500
12476.60000
12484.35000
12492.15000
12500.00000
12507.90000
12679.72500
12692.12500
12700.72500
12710.72500
12718.65000
12727.05000
12734.82500
12742.47500
12750.12500
12757.77500
12765.45000
12773.15000
12780.90000
12788.67500
12796.50000
12804.37500
12814.95000
12980.27500
12993.47500
13004.17500
13012.87500
13020.77500
13029.22500
13036.95000
13044.60000
13052.25000
13059.90000
13067.57500
13075.27500
13083.02500
13090.82500
13098.65000
13106.55000
13280.20000
13293.20000
13303.85000
13312.47500
13320.27500
13328.20000
13335.85000
13343.47500
13351.10000
13358.72500
13366.40000
13374.10000
13381.82500
13389.60000
13397.45000
13405.32500
13417.65000
13577.62500
13589.37500
13598.52500
13607.92500
13615.87500
13624.10000
13631.77500
13639.40000
13647.02500
13654.62500
13662.27500
13669.95000
13677.67500
13685.42500
13693.22500
13701.07500
13709.02500
13877.20000
13888.92500
13897.92500
13907.32500
13915.25000
13922.95000
13930.60000
13938.22500
13945.82500
13953.42500
13961.05000
13968.72500
13976.42500
13984.17500
13991.95000
13999.80000
14007.67500
14176.80000
14188.97500
14197.90000
14207.25000
14215.12500
14222.80000
14230.40000
14238.00000
14245.60000
14253.20000
14260.82500
14268.50000
14276.20000
14283.92500
14291.72500
14299.55000
14307.45000
14475.30000
14487.90000
14496.92500
14506.45000
14514.32500
14522.00000
14529.60000
14537.20000
14544.77500
14552.37500
14560.00000
14567.65000
14575.35000
14583.10000
14590.87500
14598.70000
14606.57500
14768.37500
14781.62500
14792.10000
14800.35000
14809.35000
14817.17500
14824.85000
14832.45000
14840.05000
14847.62500
14855.25000
14862.87500
14870.55000
14878.25000
14886.00000
14893.80000
14901.65000
14909.90000

