$ Stimulation Interval(ms): 300
$ Delay(ms): 44.163108
$ Number of data : 655
$ TSTOP : 15000
$ PN stimulation current max : 0
$ LN stimulation current max : 15000
50.00000
59.80000
68.47500
76.62500
84.42500
92.05000
99.55000
107.02500
114.45000
121.87500
129.32500
136.77500
144.25000
151.77500
159.32500
166.92500
174.55000
182.25000
189.97500
197.75000
205.67500
217.57500
790.57500
806.50000
1089.72500
1105.05000
1375.82500
1391.22500
1404.92500
1662.45000
1677.37500
1691.90000
1703.02500
1721.95000
1954.92500
1973.57500
1985.65000
1997.00000
2007.42500
2247.12500
2262.87500
2277.40000
2288.17500
2301.07500
2313.55000
2547.52500
2562.75000
2575.30000
2586.55000
2595.62500
2605.12500
2619.37500
2834.52500
2849.47500
2863.80000
2875.37500
2887.02500
2896.15000
2905.62500
2919.50000
3134.17500
3148.82500
3162.32500
3173.05000
3182.20000
3191.27500
3199.75000
3208.60000
3433.52500
3448.87500
3460.70000
3472.32500
3481.37500
3490.85000
3499.37500
3507.82500
3521.45000
3728.37500
3743.65000
3757.45000
3767.25000
3776.42500
3784.85000
3793.55000
3801.85000
3813.40000
4019.55000
4034.87500
4048.42500
4059.27500
4068.30000
4077.15000
4085.50000
4094.10000
4102.35000
4113.37500
4320.12500
4335.05000
4347.37500
4358.37500
4367.27500
4376.60000
4385.00000
4393.32500
4401.65000
4412.10000
4619.45000
4634.82500
4646.50000
4658.15000
4667.32500
4676.65000
4685.17500
4693.25000
4701.75000
4712.35000
4907.95000
4921.20000
4935.87500
4946.87500
4958.65000
4967.72500
4976.92500
4985.12500
4993.12500
5001.20000
5009.95000
5206.60000
5221.20000
5234.07500
5245.30000
5254.20000
5262.85000
5271.17500
5279.45000
5287.65000
5295.65000
5303.65000
5314.65000
5505.75000
5520.92500
5532.70000
5543.92500
5552.87500
5562.12500
5570.52500
5578.57500
5586.97500
5594.97500
5602.95000
5613.65000
5805.42500
5820.82500
5832.65000
5844.00000
5853.00000
5862.25000
5870.70000
5878.65000
5886.72500
5894.65000
5902.60000
5913.27500
6105.60000
6118.50000
6131.17500
6140.75000
6149.95000
6158.07500
6166.77500
6174.75000
6182.97500
6190.90000
6198.82500
6206.77500
6219.22500
6402.17500
6416.42500
6428.62500
6438.22500
6447.47500
6455.87500
6464.52500
6472.70000
6480.65000
6488.55000
6496.45000
6504.37500
6515.60000
6693.70000
6707.90000
6720.75000
6731.12500
6740.15000
6748.97500
6757.15000
6765.20000
6773.27500
6781.17500
6789.02500
6796.92500
6804.82500
6816.45000
6992.72500
7007.05000
7018.82500
7029.85000
7038.77500
7047.87500
7056.20000
7064.20000
7072.47500
7080.35000
7088.22500
7096.07500
7104.00000
7114.92500
7292.10000
7306.80000
7318.62500
7329.82500
7338.75000
7347.82500
7356.10000
7363.97500
7371.82500
7379.65000
7387.47500
7395.35000
7403.22500
7413.85000
7592.37500
7607.52500
7619.05000
7630.35000
7639.22500
7648.15000
7656.22500
7664.07500
7672.05000
7679.87500
7687.72500
7695.57500
7703.47500
7714.12500
7891.77500
7907.75000
7919.05000
7927.75000
7936.92500
7944.92500
7953.60000
7961.50000
7969.30000
7977.10000
7984.90000
7992.75000
8000.60000
8008.55000
8020.72500
8192.15000
8207.15000
8218.52500
8227.10000
8235.80000
8243.77500
8252.15000
8260.05000
8267.85000
8275.62500
8283.40000
8291.22500
8299.07500
8306.97500
8319.25000
8488.87500
8503.35000
8515.05000
8524.87500
8533.90000
8542.00000
8549.90000
8557.97500
8565.75000
8573.52500
8581.30000
8589.10000
8596.95000
8604.85000
8616.25000
8787.92500
8802.55000
8812.35000
8822.10000
8832.02500
8840.30000
8848.07500
8856.02500
8863.77500
8871.52500
8879.27500
8887.05000
8894.87500
8902.75000
8913.30000
9087.35000
9102.62500
9112.07500
9121.15000
9129.47500
9137.45000
9145.27500
9153.02500
9160.77500
9168.50000
9176.22500
9184.00000
9191.80000
9199.65000
9207.55000
9219.72500
9379.35000
9393.50000
9405.20000
9416.05000
9424.87500
9433.85000
9441.95000
9449.70000
9457.40000
9465.10000
9472.82500
9480.57500
9488.35000
9496.17500
9504.02500
9514.82500
9679.95000
9693.55000
9704.72500
9714.35000
9723.32500
9731.37500
9739.72500
9747.52500
9755.22500
9762.92500
9770.65000
9778.37500
9786.15000
9793.95000
9801.80000
9810.95000
9978.70000
9993.55000
10004.10000
10012.97500
10022.07500
10030.02500
10038.70000
10046.50000
10054.22500
10061.90000
10069.62500
10077.35000
10085.10000
10092.90000
10100.75000
10108.70000
10120.75000
10279.02500
10294.22500
10305.62500
10314.10000
10323.07500
10331.02500
10339.62500
10347.40000
10355.10000
10362.77500
10370.50000
10378.22500
10385.97500
10393.80000
10401.65000
10410.45000
10579.02500
10594.17500
10604.85000
10613.32500
10621.82500
10629.75000
10637.90000
10645.75000
10653.47500
10661.15000
10668.85000
10676.57500
10684.32500
10692.12500
10699.97500
10707.85000
10720.00000
10879.12500
10892.72500
10902.82500
10911.82500
10920.70000
10928.70000
10936.47500
10944.20000
10951.87500
10959.55000
10967.22500
10974.92500
10982.65000
10990.45000
10998.27500
11006.12500
11018.42500
11178.72500
11191.40000
11201.80000
11210.80000
11219.72500
11227.85000
11235.55000
11243.27500
11250.92500
11258.55000
11266.22500
11273.92500
11281.65000
11289.42500
11297.22500
11305.10000
11316.62500
11478.77500
11491.45000
11501.92500
11510.72500
11519.45000
11527.55000
11535.22500
11542.85000
11550.47500
11558.10000
11565.75000
11573.42500
11581.15000
11588.92500
11596.72500
11604.57500
11615.60000
11777.97500
11790.90000
11801.62500
11810.47500
11819.42500
11827.50000
11835.17500
11842.80000
11850.42500
11858.05000
11865.70000
11873.37500
11881.10000
11888.85000
11896.67500
11904.52500
11915.50000
12075.00000
12089.67500
12098.57500
12107.80000
12115.75000
12124.32500
12132.10000
12139.75000
12147.35000
12154.97500
12162.62500
12170.30000
12178.00000
12185.75000
12193.52500
12201.37500
12209.72500
12221.85000
12374.55000
12386.65000
12397.10000
12407.12500
12415.12500
12424.02500
12431.77500
12439.42500
12447.05000
12454.65000
12462.30000
12469.97500
12477.67500
12485.40000
12493.20000
12501.02500
12509.05000
12521.02500
12674.40000
12686.80000
12696.95000
12706.32500
12714.42500
12723.25000
12731.00000
12738.65000
12746.25000
12753.87500
12761.50000
12769.15000
12776.85000
12784.57500
12792.37500
12800.20000
12808.07500
12820.17500
12974.32500
12985.10000
12995.52500
13004.75000
13013.07500
13020.95000
13029.10000
13036.77500
13044.37500
13052.00000
13059.62500
13067.27500
13074.95000
13082.67500
13090.45000
13098.25000
13106.12500
13118.37500
13268.47500
13281.42500
13292.45000
13301.20000
13309.52500
13317.32500
13325.32500
13332.97500
13340.55000
13348.15000
13355.75000
13363.37500
13371.02500
13378.72500
13386.47500
13394.25000
13402.07500
13411.75000
13568.25000
13581.57500
13592.15000
13600.47500
13609.07500
13616.87500
13625.22500
13632.90000
13640.50000
13648.10000
13655.70000
13663.32500
13671.00000
13678.70000
13686.42500
13694.22500
13702.05000
13711.57500
13867.27500
13881.05000
13891.32500
13899.67500
13908.17500
13916.00000
13923.77500
13931.37500
13938.95000
13946.52500
13954.12500
13961.75000
13969.37500
13977.07500
13984.80000
13992.57500
14000.40000
14008.27500
14020.32500
14167.02500
14180.87500
14190.87500
14199.25000
14207.67500
14215.45000
14223.10000
14230.67500
14238.25000
14245.80000
14253.37500
14261.00000
14268.62500
14276.32500
14284.02500
14291.80000
14299.62500
14307.47500
14319.62500
14466.50000
14480.72500
14490.35000
14498.60000
14506.92500
14514.67500
14522.30000
14529.85000
14537.40000
14544.97500
14552.55000
14560.15000
14567.77500
14575.45000
14583.15000
14590.92500
14598.72500
14606.57500
14618.77500
14766.42500
14780.22500
14790.02500
14798.45000
14807.25000
14815.05000
14822.67500
14830.25000
14837.80000
14845.37500
14852.95000
14860.55000
14868.17500
14875.85000
14883.57500
14891.32500
14899.15000
14907.00000
14919.17500

