$ Stimulation Interval(ms): 300
$ Delay(ms): 232.040561
$ Number of data : 601
$ TSTOP : 15000
$ PN stimulation current max : 0
$ LN stimulation current max : 15000
236.82500
249.85000
262.85000
275.85000
288.95000
302.20000
315.62500
329.20000
342.97500
356.95000
371.12500
385.50000
400.15000
415.05000
430.27500
445.90000
461.95000
478.20000
495.00000
539.57500
552.52500
565.60000
578.67500
591.87500
605.25000
618.80000
632.52500
646.42500
660.55000
674.90000
689.47500
704.32500
719.52500
735.12500
751.17500
767.40000
784.12500
839.60000
852.60000
865.72500
878.85000
892.10000
905.55000
919.17500
932.97500
946.97500
961.17500
975.62500
990.32500
1005.35000
1020.70000
1036.47500
1052.67500
1069.37500
1086.77500
1139.62500
1152.67500
1165.85000
1179.00000
1192.32500
1205.82500
1219.50000
1233.37500
1247.45000
1261.77500
1276.32500
1291.15000
1306.32500
1321.90000
1337.90000
1354.25000
1370.82500
1439.67500
1452.75000
1465.95000
1479.15000
1492.52500
1506.07500
1519.82500
1533.75000
1547.90000
1562.30000
1576.95000
1591.87500
1607.20000
1622.95000
1639.10000
1655.57500
1672.47500
1739.70000
1752.80000
1766.05000
1779.30000
1792.72500
1806.32500
1820.10000
1834.10000
1848.32500
1862.77500
1877.52500
1892.57500
1908.05000
1923.95000
1940.30000
1956.72500
2039.72500
2052.87500
2066.15000
2079.42500
2092.87500
2106.52500
2120.37500
2134.42500
2148.70000
2163.25000
2178.07500
2193.25000
2208.87500
2225.00000
2242.02500
2258.67500
2339.75000
2352.92500
2366.22500
2379.55000
2393.05000
2406.72500
2420.60000
2434.72500
2449.05000
2463.67500
2478.60000
2493.90000
2509.65000
2525.87500
2542.62500
2559.85000
2639.77500
2652.97500
2666.32500
2679.65000
2693.20000
2706.92500
2720.85000
2735.02500
2749.42500
2764.12500
2779.12500
2794.57500
2810.42500
2826.80000
2843.20000
2939.77500
2953.02500
2966.40000
2979.77500
2993.35000
3007.10000
3021.10000
3035.30000
3049.77500
3064.52500
3079.62500
3095.20000
3111.20000
3127.72500
3144.32500
3239.80000
3253.07500
3266.47500
3279.87500
3293.47500
3307.30000
3321.32500
3335.57500
3350.10000
3364.92500
3380.15000
3395.77500
3412.07500
3428.92500
3445.82500
3539.82500
3553.12500
3566.55000
3579.97500
3593.62500
3607.47500
3621.52500
3635.85000
3650.45000
3665.35000
3680.67500
3696.47500
3713.10000
3729.42500
3748.50000
3839.85000
3853.15000
3866.62500
3880.07500
3893.75000
3907.65000
3921.75000
3936.12500
3950.77500
3965.75000
3981.20000
3997.17500
4014.12500
4030.42500
4139.85000
4153.20000
4166.70000
4180.17500
4193.87500
4207.80000
4221.95000
4236.37500
4251.07500
4266.15000
4281.70000
4297.77500
4314.40000
4330.95000
4439.87500
4453.25000
4466.75000
4480.27500
4494.00000
4507.97500
4522.17500
4536.62500
4551.40000
4566.55000
4582.25000
4598.70000
4616.30000
4739.90000
4753.27500
4766.82500
4780.35000
4794.12500
4808.12500
4822.35000
4836.87500
4851.70000
4866.92500
4882.67500
4899.32500
5039.90000
5053.32500
5066.87500
5080.42500
5094.22500
5108.25000
5122.52500
5137.07500
5151.97500
5167.30000
5183.12500
5199.87500
5216.20000
5339.92500
5353.35000
5366.92500
5380.52500
5394.35000
5408.40000
5422.70000
5437.30000
5452.25000
5467.67500
5483.65000
5500.60000
5516.95000
5639.92500
5653.37500
5667.00000
5680.60000
5694.45000
5708.55000
5722.90000
5737.55000
5752.55000
5768.10000
5784.22500
5939.95000
5953.42500
5967.05000
5980.67500
5994.55000
6008.67500
6023.05000
6037.75000
6052.82500
6068.45000
6085.05000
6239.95000
6253.45000
6267.10000
6280.72500
6294.65000
6308.77500
6323.20000
6337.95000
6353.07500
6368.85000
6385.87500
6402.35000
6419.42500
6539.97500
6553.47500
6567.15000
6580.82500
6594.75000
6608.92500
6623.40000
6638.17500
6653.40000
6669.20000
6685.77500
6702.15000
6839.97500
6853.50000
6867.20000
6880.87500
6894.85000
6909.05000
6923.57500
6938.40000
6953.70000
6969.60000
6986.80000
7003.00000
7140.00000
7153.55000
7167.25000
7180.95000
7194.95000
7209.20000
7223.72500
7238.62500
7254.00000
7270.00000
7440.00000
7453.57500
7467.30000
7481.02500
7495.02500
7509.30000
7523.87500
7538.80000
7554.27500
7570.37500
7740.00000
7753.60000
7767.35000
7781.07500
7795.12500
7809.40000
7824.02500
7839.00000
7854.52500
7870.77500
7887.32500
7904.02500
8040.02500
8053.62500
8067.40000
8081.15000
8095.22500
8109.55000
8124.20000
8139.22500
8154.85000
8171.25000
8187.45000
8340.02500
8353.65000
8367.42500
8381.22500
8395.30000
8409.65000
8424.35000
8439.42500
8455.15000
8471.55000
8487.72500
8640.05000
8653.67500
8667.47500
8681.27500
8695.40000
8709.77500
8724.50000
8739.65000
8755.40000
8771.85000
8787.95000
8940.05000
8953.70000
8967.52500
8981.35000
8995.47500
9009.90000
9024.65000
9039.85000
9055.72500
9072.70000
9088.82500
9240.05000
9253.72500
9267.57500
9281.40000
9295.57500
9310.02500
9324.82500
9340.07500
9355.87500
9372.37500
9388.62500
9540.07500
9553.75000
9567.62500
9581.47500
9595.65000
9610.15000
9624.97500
9640.32500
9656.35000
9840.07500
9853.77500
9867.65000
9881.52500
9895.72500
9910.22500
9925.10000
9940.50000
9956.45000
9973.22500
9989.95000
10140.10000
10153.80000
10167.70000
10181.57500
10195.82500
10210.35000
10225.27500
10240.72500
10257.30000
10273.57500
10290.82500
10440.10000
10453.82500
10467.75000
10481.65000
10495.90000
10510.47500
10525.42500
10541.00000
10557.40000
10573.85000
10740.10000
10753.85000
10767.77500
10781.70000
10795.97500
10810.57500
10825.57500
10841.17500
10857.27500
10873.65000
11040.12500
11053.87500
11067.82500
11081.75000
11096.07500
11110.70000
11125.72500
11141.27500
11157.40000
11173.42500
11340.12500
11353.90000
11367.87500
11381.82500
11396.15000
11410.80000
11425.87500
11441.52500
11457.80000
11474.20000
11640.12500
11653.92500
11667.90000
11681.87500
11696.22500
11710.90000
11726.02500
11741.75000
11758.10000
11774.32500
11940.15000
11953.95000
11967.95000
11981.92500
11996.30000
12011.02500
12026.17500
12041.97500
12058.50000
12074.92500
12240.15000
12253.97500
12267.97500
12281.97500
12296.37500
12311.12500
12326.35000
12342.30000
12540.15000
12554.00000
12568.00000
12582.02500
12596.45000
12611.20000
12626.45000
12642.30000
12658.72500
12675.37500
12692.27500
12840.17500
12854.02500
12868.05000
12882.07500
12896.52500
12911.32500
12926.65000
12942.55000
12959.22500
12976.20000
13140.17500
13154.02500
13168.10000
13182.15000
13196.60000
13211.45000
13226.82500
13242.95000
13259.25000
13440.17500
13454.05000
13468.12500
13482.20000
13496.67500
13511.52500
13526.97500
13543.12500
13559.27500
13740.17500
13754.07500
13768.15000
13782.22500
13796.75000
13811.62500
13827.05000
13843.10000
13859.10000
14040.20000
14054.10000
14068.20000
14082.27500
14096.80000
14111.72500
14127.22500
14143.25000
14159.30000
14340.20000
14354.12500
14368.22500
14382.32500
14396.87500
14411.82500
14427.32500
14443.30000
14459.27500
14640.20000
14654.12500
14668.25000
14682.37500
14696.95000
14711.92500
14727.45000
14743.52500
14759.67500
14940.20000
14954.15000
14968.30000
14982.42500
14997.02500

