$ Stimulation Interval(ms): 300
$ Delay(ms): 38.331997
$ Number of data : 609
$ TSTOP : 15000
$ PN stimulation current max : 0
$ LN stimulation current max : 15000
44.20000
54.00000
62.67500
70.82500
78.65000
86.25000
93.77500
101.22500
108.67500
116.10000
123.52500
130.97500
138.47500
145.97500
153.55000
161.12500
168.77500
176.45000
184.20000
191.97500
199.82500
210.02500
806.20000
1091.57500
1391.05000
1406.50000
1676.75000
1693.12500
1707.42500
1976.70000
1992.07500
2005.75000
2262.32500
2278.65000
2292.75000
2304.22500
2321.55000
2561.70000
2577.35000
2589.90000
2603.77500
2620.32500
2848.72500
2864.57500
2878.52500
2890.05000
2899.12500
2908.70000
3147.67500
3163.97500
3177.55000
3189.97500
3198.92500
3208.40000
3435.17500
3450.17500
3463.50000
3475.50000
3484.82500
3494.45000
3503.00000
3519.55000
3733.97500
3750.47500
3763.67500
3775.45000
3784.35000
3793.92500
3802.50000
3814.97500
4033.67500
4049.67500
4062.67500
4075.22500
4084.20000
4093.75000
4102.25000
4113.20000
4333.62500
4348.65000
4360.90000
4370.02500
4379.20000
4387.70000
4396.32500
4404.65000
4419.67500
4620.92500
4636.30000
4648.92500
4661.05000
4669.90000
4679.30000
4687.80000
4696.15000
4704.47500
4719.12500
4920.35000
4936.65000
4949.57500
4961.75000
4970.47500
4980.10000
4988.42500
4996.75000
5004.90000
5019.52500
5220.27500
5235.52500
5247.90000
5261.17500
5270.15000
5279.12500
5287.50000
5295.62500
5303.70000
5314.45000
5518.32500
5533.37500
5545.95000
5554.82500
5564.17500
5572.57500
5581.07500
5589.32500
5597.42500
5605.47500
5619.77500
5807.85000
5822.40000
5834.90000
5847.25000
5855.90000
5865.22500
5873.55000
5881.77500
5889.85000
5897.87500
5905.92500
5919.95000
6107.00000
6122.27500
6134.62500
6146.62500
6155.42500
6165.60000
6173.85000
6182.02500
6190.07500
6198.07500
6206.10000
6220.05000
6407.40000
6422.62500
6434.82500
6447.30000
6456.07500
6465.60000
6473.87500
6481.92500
6489.90000
6497.90000
6505.90000
6519.90000
6706.62500
6721.70000
6733.45000
6742.77500
6752.05000
6760.22500
6768.80000
6776.85000
6784.82500
6792.77500
6800.75000
6808.77500
6822.00000
7004.95000
7019.37500
7031.97500
7040.72500
7049.85000
7058.17500
7066.22500
7074.42500
7082.42500
7090.37500
7098.32500
7106.30000
7120.10000
7304.55000
7319.05000
7331.97500
7340.80000
7350.45000
7358.70000
7366.85000
7374.77500
7382.67500
7390.60000
7398.52500
7406.50000
7420.20000
7604.02500
7618.52500
7632.45000
7641.12500
7650.97500
7659.07500
7667.25000
7675.17500
7683.07500
7691.00000
7698.92500
7706.90000
7720.45000
7892.67500
7908.45000
7921.12500
7933.17500
7941.77500
7950.92500
7959.15000
7967.12500
7975.02500
7982.90000
7990.80000
7998.75000
8006.70000
8020.30000
8193.12500
8208.62500
8220.97500
8233.37500
8241.90000
8250.72500
8258.85000
8266.75000
8274.62500
8282.47500
8290.37500
8298.27500
8306.25000
8319.95000
8492.97500
8507.60000
8519.25000
8527.97500
8536.90000
8545.02500
8553.40000
8561.37500
8569.22500
8577.07500
8584.92500
8592.80000
8600.72500
8608.72500
8621.75000
8791.92500
8806.00000
8818.00000
8826.72500
8835.57500
8843.75000
8851.65000
8859.75000
8867.60000
8875.42500
8883.27500
8891.12500
8899.05000
8907.00000
8920.45000
9091.17500
9105.37500
9117.50000
9126.27500
9135.45000
9143.70000
9151.62500
9159.57500
9167.37500
9175.20000
9183.05000
9190.90000
9198.80000
9206.75000
9220.27500
9390.62500
9405.05000
9417.27500
9426.05000
9435.55000
9443.70000
9451.55000
9459.35000
9467.12500
9474.92500
9482.75000
9490.60000
9498.50000
9506.42500
9520.02500
9689.97500
9704.17500
9714.22500
9723.85000
9732.95000
9741.25000
9749.15000
9756.95000
9764.72500
9772.50000
9780.30000
9788.15000
9796.02500
9803.92500
9814.32500
9979.97500
9994.70000
10008.05000
10019.40000
10027.75000
10037.40000
10045.37500
10053.17500
10060.92500
10068.70000
10076.50000
10084.32500
10092.17500
10100.07500
10108.00000
10121.10000
10281.20000
10295.32500
10307.92500
10319.30000
10327.95000
10336.30000
10344.37500
10352.22500
10360.00000
10367.77500
10375.57500
10383.37500
10391.22500
10399.12500
10407.05000
10420.45000
10579.67500
10594.90000
10607.20000
10619.17500
10627.65000
10635.67500
10643.72500
10651.50000
10659.25000
10667.00000
10674.75000
10682.55000
10690.40000
10698.27500
10706.20000
10719.85000
10880.00000
10894.80000
10906.55000
10915.07500
10924.17500
10932.15000
10940.37500
10948.17500
10955.92500
10963.65000
10971.40000
10979.17500
10987.00000
10994.85000
11002.75000
11013.12500
11179.07500
11192.75000
11204.27500
11212.90000
11222.17500
11230.22500
11238.22500
11245.97500
11253.70000
11261.40000
11269.15000
11276.90000
11284.70000
11292.55000
11300.42500
11308.35000
11321.32500
11479.25000
11492.85000
11504.17500
11512.72500
11522.00000
11530.02500
11537.80000
11545.52500
11553.22500
11560.92500
11568.65000
11576.40000
11584.20000
11592.02500
11599.92500
11607.85000
11620.92500
11779.07500
11792.45000
11803.77500
11812.35000
11821.60000
11829.60000
11837.35000
11845.07500
11852.75000
11860.47500
11868.17500
11875.92500
11883.72500
11891.55000
11899.42500
11907.35000
11920.62500
12078.77500
12092.67500
12104.50000
12113.00000
12122.30000
12130.20000
12137.97500
12145.70000
12153.40000
12161.10000
12168.82500
12176.57500
12184.37500
12192.20000
12200.07500
12208.00000
12221.07500
12378.72500
12392.92500
12403.62500
12412.25000
12421.00000
12429.20000
12436.97500
12444.72500
12452.42500
12460.10000
12467.82500
12475.57500
12483.35000
12491.17500
12499.05000
12506.97500
12520.37500
12678.82500
12692.32500
12701.27500
12710.35000
12718.27500
12726.97500
12734.80000
12742.50000
12750.17500
12757.85000
12765.55000
12773.30000
12781.05000
12788.87500
12796.72500
12804.62500
12815.30000
12979.37500
12993.47500
13004.80000
13013.25000
13021.22500
13029.52500
13037.27500
13044.95000
13052.62500
13060.30000
13068.02500
13075.75000
13083.52500
13091.35000
13099.22500
13107.15000
13120.50000
13278.42500
13292.42500
13304.72500
13313.20000
13321.02500
13329.05000
13336.75000
13344.40000
13352.05000
13359.72500
13367.42500
13375.15000
13382.92500
13390.75000
13398.60000
13406.52500
13420.02500
13577.92500
13591.27500
13599.72500
13609.02500
13616.95000
13625.52500
13633.27500
13640.92500
13648.57500
13656.22500
13663.92500
13671.62500
13679.37500
13687.17500
13695.00000
13702.90000
13713.22500
13877.87500
13890.15000
13898.72500
13907.97500
13915.97500
13923.87500
13931.55000
13939.20000
13946.82500
13954.47500
13962.12500
13969.82500
13977.57500
13985.35000
13993.17500
14001.05000
14009.02500
14021.85000
14177.37500
14189.85000
14198.37500
14207.60000
14215.62500
14223.35000
14231.00000
14238.62500
14246.25000
14253.90000
14261.55000
14269.25000
14276.97500
14284.75000
14292.57500
14300.45000
14308.35000
14321.30000
14467.47500
14481.05000
14492.10000
14500.47500
14508.87500
14516.80000
14524.52500
14532.17500
14539.80000
14547.42500
14555.05000
14562.72500
14570.42500
14578.15000
14585.92500
14593.75000
14601.62500
14609.72500
14622.77500
14767.32500
14780.75000
14791.90000
14800.27500
14809.52500
14817.42500
14825.15000
14832.77500
14840.40000
14848.02500
14855.65000
14863.32500
14871.02500
14878.77500
14886.55000
14894.37500
14902.25000
14912.10000

