$ Stimulation Interval(ms): 300
$ Delay(ms): 233.339105
$ Number of data : 633
$ TSTOP : 15000
$ PN stimulation current max : 0
$ LN stimulation current max : 15000
238.15000
251.12500
264.07500
277.00000
290.05000
303.22500
316.57500
330.10000
343.80000
357.67500
371.77500
386.07500
400.62500
415.42500
430.52500
446.00000
461.77500
477.72500
493.97500
510.80000
540.52500
553.45000
566.47500
579.47500
592.62500
605.92500
619.37500
633.02500
646.87500
660.92500
675.17500
689.65000
704.42500
719.50000
734.92500
750.67500
766.57500
782.77500
799.45000
840.82500
853.80000
866.85000
879.92500
893.12500
906.50000
920.02500
933.77500
947.70000
961.85000
976.20000
990.82500
1005.72500
1020.95000
1036.55000
1052.50000
1068.65000
1085.20000
1102.70000
1140.85000
1153.87500
1167.00000
1180.10000
1193.35000
1206.77500
1220.40000
1234.20000
1248.20000
1262.45000
1276.90000
1291.62500
1306.67500
1322.10000
1337.87500
1353.92500
1370.15000
1387.07500
1440.95000
1454.00000
1467.15000
1480.30000
1493.60000
1507.10000
1520.75000
1534.62500
1548.70000
1563.02500
1577.57500
1592.40000
1607.57500
1623.15000
1639.10000
1655.17500
1671.62500
1688.77500
1740.97500
1754.05000
1767.25000
1780.45000
1793.80000
1807.32500
1821.05000
1834.97500
1849.12500
1863.50000
1878.15000
1893.07500
1908.40000
1924.12500
1940.25000
1956.35000
1973.17500
1991.35000
2041.00000
2054.12500
2067.35000
2080.57500
2093.97500
2107.57500
2121.35000
2135.32500
2149.55000
2164.00000
2178.72500
2193.77500
2209.25000
2225.10000
2241.42500
2257.65000
2274.80000
2341.05000
2354.20000
2367.45000
2380.72500
2394.15000
2407.77500
2421.60000
2435.65000
2449.92500
2464.45000
2479.25000
2494.42500
2510.00000
2526.02500
2542.17500
2558.72500
2575.82500
2641.05000
2654.25000
2667.55000
2680.85000
2694.32500
2707.97500
2721.85000
2735.95000
2750.27500
2764.87500
2779.77500
2795.05000
2810.75000
2826.92500
2843.10000
2859.95000
2877.60000
2941.07500
2954.30000
2967.62500
2980.95000
2994.47500
3008.17500
3022.10000
3036.25000
3050.65000
3065.30000
3080.30000
3095.67500
3111.50000
3127.85000
3144.22500
3161.62500
3241.10000
3254.35000
3267.72500
3281.07500
3294.62500
3308.37500
3322.32500
3336.52500
3350.97500
3365.72500
3380.80000
3396.30000
3412.27500
3428.62500
3445.07500
3462.82500
3541.12500
3554.40000
3567.80000
3581.17500
3594.75000
3608.55000
3622.55000
3636.80000
3651.32500
3666.12500
3681.30000
3696.90000
3713.07500
3729.32500
3746.07500
3841.15000
3854.45000
3867.85000
3881.27500
3894.90000
3908.70000
3922.75000
3937.05000
3951.62500
3966.50000
3981.75000
3997.50000
4013.87500
4030.02500
4047.52500
4141.15000
4154.50000
4167.92500
4181.37500
4195.02500
4208.87500
4222.97500
4237.30000
4251.92500
4266.87500
4282.22500
4298.12500
4314.62500
4330.95000
4441.17500
4454.52500
4468.00000
4481.45000
4495.12500
4509.02500
4523.15000
4537.55000
4552.22500
4567.25000
4582.65000
4598.60000
4615.10000
4631.72500
4741.20000
4754.57500
4768.05000
4781.55000
4795.25000
4809.17500
4823.35000
4837.77500
4852.52500
4867.60000
4883.10000
4899.17500
4916.05000
4932.85000
5041.20000
5054.60000
5068.12500
5081.62500
5095.37500
5109.32500
5123.52500
5138.02500
5152.80000
5167.97500
5183.57500
5199.82500
5216.17500
5341.22500
5354.65000
5368.17500
5381.70000
5395.47500
5409.47500
5423.70000
5438.22500
5453.07500
5468.32500
5484.02500
5500.45000
5516.67500
5641.25000
5654.67500
5668.22500
5681.80000
5695.57500
5709.60000
5723.87500
5738.45000
5753.35000
5768.65000
5784.50000
5801.15000
5817.52500
5941.25000
5954.70000
5968.30000
5981.87500
5995.70000
6009.75000
6024.05000
6038.67500
6053.60000
6069.00000
6085.05000
6101.62500
6118.20000
6241.27500
6254.75000
6268.35000
6281.95000
6295.80000
6309.87500
6324.22500
6338.90000
6353.87500
6369.32500
6385.50000
6401.75000
6418.72500
6541.27500
6554.77500
6568.40000
6582.02500
6595.90000
6610.02500
6624.40000
6639.10000
6654.15000
6669.70000
6685.97500
6702.25000
6720.52500
6841.30000
6854.80000
6868.45000
6882.10000
6896.00000
6910.15000
6924.57500
6939.32500
6954.45000
6970.05000
6986.65000
7002.72500
7141.30000
7154.85000
7168.50000
7182.17500
7196.10000
7210.27500
7224.75000
7239.52500
7254.72500
7270.40000
7287.10000
7303.22500
7441.32500
7454.87500
7468.55000
7482.25000
7496.20000
7510.40000
7524.90000
7539.72500
7555.00000
7570.82500
7587.85000
7604.20000
7741.32500
7754.90000
7768.60000
7782.30000
7796.30000
7810.52500
7825.05000
7839.92500
7855.25000
7871.22500
7887.75000
7904.40000
8041.35000
8054.92500
8068.65000
8082.37500
8096.37500
8110.65000
8125.22500
8140.15000
8155.52500
8171.62500
8187.77500
8204.87500
8341.35000
8354.95000
8368.70000
8382.45000
8396.47500
8410.77500
8425.37500
8440.35000
8455.80000
8471.85000
8488.02500
8641.35000
8654.97500
8668.75000
8682.50000
8696.55000
8710.87500
8725.52500
8740.52500
8756.05000
8772.47500
8788.50000
8941.37500
8955.02500
8968.80000
8982.57500
8996.65000
9011.00000
9025.67500
9040.70000
9056.32500
9074.22500
9090.05000
9107.40000
9241.37500
9255.05000
9268.85000
9282.62500
9296.75000
9311.12500
9325.82500
9340.92500
9356.52500
9373.67500
9389.67500
9541.40000
9555.07500
9568.87500
9582.70000
9596.82500
9611.22500
9625.97500
9641.12500
9656.85000
9841.40000
9855.10000
9868.92500
9882.75000
9896.90000
9911.32500
9926.10000
9941.30000
9957.07500
10141.40000
10155.10000
10168.95000
10182.80000
10196.95000
10211.40000
10226.20000
10241.45000
10257.30000
10273.55000
10290.17500
10441.42500
10455.12500
10469.00000
10482.85000
10497.05000
10511.52500
10526.35000
10541.65000
10557.60000
10573.72500
10590.45000
10741.42500
10755.15000
10769.05000
10782.90000
10797.12500
10811.62500
10826.50000
10841.85000
10857.80000
10873.80000
11041.42500
11055.17500
11069.07500
11082.97500
11097.20000
11111.72500
11126.62500
11141.97500
11157.97500
11173.95000
11341.45000
11355.20000
11369.12500
11383.02500
11397.27500
11411.82500
11426.77500
11442.17500
11458.25000
11474.35000
11641.45000
11655.22500
11669.15000
11683.07500
11697.35000
11711.92500
11726.90000
11742.37500
11758.57500
11774.50000
11941.45000
11955.25000
11969.20000
11983.12500
11997.42500
12012.02500
12027.02500
12042.62500
12059.10000
12075.07500
12241.47500
12255.27500
12269.22500
12283.17500
12297.50000
12312.12500
12327.17500
12342.75000
12359.37500
12375.45000
12541.47500
12555.30000
12569.27500
12583.22500
12597.57500
12612.22500
12627.30000
12642.95000
12659.52500
12675.70000
12692.30000
12841.47500
12855.32500
12869.30000
12883.27500
12897.65000
12912.35000
12927.45000
12943.12500
12959.42500
12975.95000
13141.50000
13155.35000
13169.35000
13183.35000
13197.72500
13212.45000
13227.60000
13243.37500
13259.35000
13276.02500
13441.50000
13455.35000
13469.37500
13483.40000
13497.80000
13512.55000
13527.75000
13543.57500
13559.50000
13741.50000
13755.37500
13769.40000
13783.42500
13797.85000
13812.65000
13827.87500
13843.67500
13859.62500
14041.50000
14055.40000
14069.45000
14083.47500
14097.92500
14112.72500
14128.00000
14143.92500
14159.75000
14341.52500
14355.42500
14369.47500
14383.52500
14397.97500
14412.82500
14428.12500
14444.02500
14459.85000
14476.87500
14641.52500
14655.42500
14669.50000
14683.57500
14698.05000
14712.92500
14728.22500
14744.15000
14760.05000
14776.87500
14941.52500
14955.45000
14969.55000
14983.62500
14998.12500

