$ Stimulation Interval(ms): 300
$ Delay(ms): 13.753134
$ Number of data : 587
$ TSTOP : 15000
$ PN stimulation current max : 0
$ LN stimulation current max : 15000
19.77500
29.62500
38.35000
46.50000
54.32500
61.95000
69.45000
76.92500
84.37500
91.80000
99.22500
106.70000
114.17500
121.70000
129.25000
136.85000
144.47500
152.17500
159.90000
167.70000
175.55000
183.42500
191.40000
199.40000
209.82500
1106.82500
1391.90000
1408.00000
1677.92500
1701.57500
1977.37500
1993.80000
2007.77500
2263.02500
2279.70000
2294.27500
2308.45000
2562.92500
2579.60000
2593.17500
2605.77500
2863.02500
2879.27500
2893.32500
2906.55000
3148.82500
3165.35000
3179.57500
3191.67500
3200.85000
3217.55000
3448.82500
3464.90000
3478.92500
3491.57500
3500.65000
3520.35000
3734.27500
3750.52500
3764.95000
3778.40000
3792.12500
3801.12500
3815.52500
4034.30000
4050.87500
4064.62500
4076.90000
4085.95000
4097.07500
4105.75000
4121.92500
4334.42500
4350.92500
4364.65000
4377.22500
4386.15000
4395.40000
4404.07500
4419.15000
4621.00000
4636.35000
4650.45000
4664.85000
4677.45000
4686.47500
4694.92500
4703.70000
4716.27500
4920.40000
4936.70000
4950.80000
4962.85000
4971.77500
4981.40000
4990.00000
4998.67500
5007.02500
5220.30000
5236.72500
5250.15000
5262.57500
5271.57500
5280.85000
5289.45000
5297.82500
5306.12500
5321.35000
5507.07500
5521.82500
5537.27500
5550.57500
5562.97500
5571.85000
5580.77500
5589.35000
5597.67500
5605.97500
5621.12500
5806.50000
5822.10000
5835.50000
5849.40000
5863.15000
5871.92500
5880.25000
5888.60000
5896.82500
5905.05000
5920.27500
6106.72500
6122.27500
6136.25000
6148.90000
6157.65000
6167.82500
6176.30000
6185.07500
6193.32500
6201.57500
6211.37500
6406.55000
6422.65000
6436.10000
6448.70000
6457.52500
6468.32500
6476.75000
6484.95000
6493.15000
6501.35000
6510.15000
6706.90000
6723.12500
6735.90000
6748.55000
6757.25000
6766.25000
6774.67500
6782.90000
6791.07500
6799.25000
6807.45000
6822.35000
6992.62500
7007.42500
7022.47500
7035.70000
7048.40000
7057.22500
7065.57500
7074.15000
7082.32500
7090.47500
7098.65000
7106.82500
7121.42500
7293.15000
7307.97500
7321.45000
7334.25000
7343.12500
7352.50000
7360.92500
7369.32500
7377.47500
7385.57500
7393.70000
7401.85000
7412.22500
7592.77500
7608.20000
7621.80000
7634.50000
7643.17500
7653.00000
7661.32500
7669.90000
7678.05000
7686.15000
7694.27500
7702.42500
7713.12500
7892.17500
7908.15000
7921.62500
7934.00000
7942.75000
7952.67500
7961.02500
7969.17500
7977.25000
7985.32500
7993.42500
8001.57500
8010.65000
8192.65000
8208.52500
8221.62500
8234.52500
8243.12500
8252.55000
8260.82500
8268.95000
8277.00000
8285.07500
8293.15000
8301.30000
8309.77500
8491.95000
8507.85000
8520.27500
8533.70000
8542.35000
8551.07500
8559.42500
8567.47500
8575.50000
8583.55000
8591.62500
8599.72500
8607.87500
8622.50000
8789.25000
8805.57500
8818.55000
8827.30000
8836.47500
8844.87500
8853.00000
8861.22500
8869.30000
8877.32500
8885.37500
8893.45000
8901.57500
8910.50000
9079.80000
9093.70000
9107.32500
9119.52500
9128.27500
9137.22500
9145.57500
9153.67500
9161.75000
9169.75000
9177.77500
9185.80000
9193.87500
9201.97500
9212.35000
9378.17500
9393.65000
9406.87500
9418.67500
9427.45000
9436.72500
9445.00000
9453.07500
9461.07500
9469.05000
9477.05000
9485.07500
9493.12500
9501.22500
9509.57500
9677.92500
9693.15000
9706.35000
9718.75000
9727.52500
9737.95000
9746.15000
9754.22500
9762.20000
9770.17500
9778.15000
9786.15000
9794.22500
9802.32500
9812.90000
9978.15000
9993.67500
10007.55000
10020.00000
10028.52500
10038.72500
10046.90000
10054.90000
10062.87500
10070.82500
10078.80000
10086.82500
10094.87500
10102.97500
10113.75000
10278.27500
10294.40000
10307.42500
10319.82500
10328.50000
10337.45000
10345.62500
10353.62500
10361.60000
10369.55000
10377.52500
10385.52500
10393.57500
10401.67500
10410.67500
10578.22500
10594.42500
10607.17500
10619.90000
10628.55000
10637.10000
10645.27500
10653.25000
10661.17500
10669.12500
10677.07500
10685.07500
10693.12500
10701.20000
10709.50000
10878.67500
10893.85000
10905.97500
10914.90000
10924.57500
10932.72500
10941.12500
10949.12500
10957.05000
10964.97500
10972.90000
10980.87500
10988.90000
10996.95000
11005.05000
11018.12500
11178.42500
11192.52500
11204.85000
11213.47500
11222.80000
11231.02500
11239.12500
11247.02500
11254.92500
11262.82500
11270.72500
11278.70000
11286.67500
11294.72500
11302.80000
11313.42500
11476.95000
11491.90000
11504.20000
11512.82500
11522.35000
11530.57500
11538.55000
11546.45000
11554.32500
11562.22500
11570.12500
11578.07500
11586.07500
11594.10000
11602.17500
11612.62500
11766.10000
11779.92500
11793.05000
11804.45000
11813.10000
11822.35000
11830.55000
11838.50000
11846.40000
11854.25000
11862.15000
11870.05000
11877.97500
11885.97500
11894.00000
11902.07500
11912.35000
12065.00000
12079.82500
12093.27500
12105.35000
12113.92500
12124.10000
12132.22500
12140.15000
12148.02500
12155.87500
12163.77500
12171.67500
12179.62500
12187.60000
12195.65000
12203.72500
12215.10000
12365.17500
12379.95000
12393.20000
12405.17500
12413.70000
12423.82500
12431.90000
12439.80000
12447.67500
12455.52500
12463.40000
12471.30000
12479.22500
12487.22500
12495.25000
12503.32500
12514.25000
12665.47500
12680.25000
12694.52500
12705.82500
12714.30000
12724.30000
12732.32500
12740.20000
12748.05000
12755.90000
12763.75000
12771.65000
12779.60000
12787.57500
12795.60000
12803.70000
12815.02500
12965.37500
12980.45000
12994.07500
13006.12500
13014.57500
13023.20000
13031.35000
13039.25000
13047.10000
13054.95000
13062.80000
13070.70000
13078.62500
13086.62500
13094.65000
13102.72500
13113.30000
13265.05000
13280.45000
13293.12500
13305.60000
13314.17500
13322.75000
13330.87500
13338.70000
13346.52500
13354.35000
13362.17500
13370.07500
13378.00000
13385.95000
13393.97500
13402.05000
13412.20000
13565.37500
13580.15000
13592.50000
13600.90000
13610.42500
13618.50000
13627.07500
13634.97500
13642.80000
13650.62500
13658.47500
13666.35000
13674.25000
13682.17500
13690.17500
13698.22500
13706.32500
13720.67500
13865.92500
13880.20000
13892.47500
13901.17500
13909.87500
13917.95000
13925.95000
13933.77500
13941.57500
13949.35000
13957.17500
13965.02500
13972.92500
13980.85000
13988.82500
13996.85000
14004.95000
14017.15000
14165.27500
14179.75000
14191.32500
14199.75000
14208.77500
14216.90000
14224.77500
14232.57500
14240.37500
14248.15000
14255.97500
14263.80000
14271.70000
14279.60000
14287.57500
14295.60000
14303.67500
14314.92500
14465.07500
14480.30000
14491.75000
14500.17500
14508.85000
14516.90000
14524.75000
14532.55000
14540.32500
14548.12500
14555.92500
14563.77500
14571.65000
14579.57500
14587.52500
14595.55000
14603.62500
14614.82500
14764.97500
14779.47500
14791.25000
14799.72500
14809.75000
14817.82500
14825.67500
14833.47500
14841.25000
14849.02500
14856.85000
14864.67500
14872.57500
14880.50000
14888.47500
14896.50000
14904.57500
14916.25000

