$ Stimulation Interval(ms): 300
$ Delay(ms): 226.994548
$ Number of data : 686
$ TSTOP : 15000
$ PN stimulation current max : 0
$ LN stimulation current max : 15000
231.72500
244.62500
257.52500
270.40000
283.37500
296.50000
309.77500
323.20000
336.82500
350.62500
364.62500
378.82500
393.25000
407.90000
422.82500
438.02500
453.45000
469.17500
485.15000
501.32500
519.15000
533.75000
546.70000
559.67500
572.62500
585.72500
598.95000
612.35000
625.95000
639.70000
653.65000
667.82500
682.22500
696.85000
711.75000
726.92500
742.32500
758.00000
773.92500
790.07500
806.60000
834.00000
846.90000
859.92500
872.92500
886.05000
899.35000
912.82500
926.47500
940.32500
954.37500
968.62500
983.12500
997.87500
1012.87500
1028.17500
1043.72500
1059.52500
1075.72500
1092.07500
1108.95000
1134.57500
1147.52500
1160.57500
1173.62500
1186.82500
1200.20000
1213.72500
1227.45000
1241.35000
1255.50000
1269.85000
1284.47500
1299.35000
1314.50000
1329.90000
1345.55000
1361.45000
1377.65000
1394.27500
1412.50000
1435.52500
1448.47500
1461.60000
1474.70000
1487.95000
1501.37500
1514.97500
1528.77500
1542.77500
1556.97500
1571.45000
1586.17500
1601.20000
1616.47500
1632.00000
1647.70000
1663.82500
1680.27500
1697.70000
1734.57500
1747.57500
1760.70000
1773.82500
1787.12500
1800.57500
1814.22500
1828.07500
1842.12500
1856.40000
1870.92500
1885.70000
1900.80000
1916.15000
1931.70000
1947.55000
1963.75000
1980.35000
1998.10000
2034.65000
2047.67500
2060.85000
2074.02500
2087.35000
2100.87500
2114.57500
2128.45000
2142.57500
2156.92500
2171.55000
2186.42500
2201.62500
2217.05000
2232.70000
2248.57500
2264.80000
2281.65000
2334.60000
2347.65000
2360.85000
2374.05000
2387.42500
2400.97500
2414.72500
2428.67500
2442.85000
2457.27500
2471.95000
2486.92500
2502.20000
2517.67500
2533.45000
2549.55000
2566.00000
2583.47500
2634.62500
2647.70000
2660.95000
2674.20000
2687.60000
2701.20000
2714.97500
2728.97500
2743.22500
2757.70000
2772.45000
2787.52500
2802.90000
2818.47500
2834.32500
2850.50000
2867.27500
2934.67500
2947.77500
2961.05000
2974.32500
2987.75000
3001.40000
3015.22500
3029.27500
3043.57500
3058.10000
3072.95000
3088.07500
3103.52500
3119.15000
3135.07500
3151.32500
3168.47500
3234.67500
3247.82500
3261.12500
3274.42500
3287.90000
3301.57500
3315.45000
3329.55000
3343.90000
3358.50000
3373.40000
3388.62500
3404.15000
3419.80000
3435.75000
3452.15000
3469.67500
3534.70000
3547.87500
3561.20000
3574.52500
3588.05000
3601.75000
3615.67500
3629.82500
3644.22500
3658.90000
3673.87500
3689.20000
3704.77500
3720.55000
3736.67500
3753.42500
3834.72500
3847.92500
3861.27500
3874.62500
3888.17500
3901.92500
3915.87500
3930.07500
3944.52500
3959.25000
3974.30000
3989.75000
4005.30000
4021.12500
4037.35000
4054.25000
4134.75000
4147.95000
4161.35000
4174.72500
4188.30000
4202.07500
4216.07500
4230.32500
4244.82500
4259.62500
4274.75000
4290.15000
4305.80000
4321.77500
4338.05000
4355.40000
4434.77500
4448.00000
4461.42500
4474.82500
4488.42500
4502.25000
4516.27500
4530.57500
4545.12500
4559.97500
4575.17500
4590.67500
4606.35000
4622.37500
4638.95000
4734.77500
4748.05000
4761.47500
4774.90000
4788.55000
4802.40000
4816.47500
4830.80000
4845.40000
4860.32500
4875.57500
4891.05000
4906.77500
4922.85000
4939.80000
5034.80000
5048.07500
5061.55000
5075.00000
5088.67500
5102.55000
5116.65000
5131.02500
5145.67500
5160.67500
5176.00000
5191.50000
5207.30000
5223.47500
5240.65000
5334.80000
5348.12500
5361.60000
5375.07500
5388.77500
5402.70000
5416.85000
5431.25000
5445.97500
5461.02500
5476.40000
5491.97500
5507.87500
5524.07500
5542.90000
5634.82500
5648.15000
5661.67500
5675.17500
5688.90000
5702.85000
5717.02500
5731.47500
5746.25000
5761.35000
5776.82500
5792.42500
5808.40000
5824.82500
5934.85000
5948.20000
5961.72500
5975.25000
5989.00000
6002.97500
6017.20000
6031.70000
6046.50000
6061.67500
6077.12500
6092.75000
6108.82500
6125.47500
6234.85000
6248.22500
6261.77500
6275.32500
6289.10000
6303.12500
6317.37500
6331.90000
6346.77500
6362.02500
6377.50000
6393.22500
6409.32500
6426.05000
6534.87500
6548.27500
6561.85000
6575.40000
6589.22500
6603.25000
6617.55000
6632.12500
6647.05000
6662.32500
6677.77500
6693.52500
6709.67500
6727.05000
6834.87500
6848.30000
6861.90000
6875.47500
6889.32500
6903.37500
6917.70000
6932.32500
6947.30000
6962.62500
6978.15000
6993.95000
7010.15000
7134.90000
7148.32500
7161.95000
7175.55000
7189.42500
7203.50000
7217.87500
7232.52500
7247.55000
7262.95000
7278.47500
7294.42500
7310.80000
7434.90000
7448.35000
7462.00000
7475.62500
7489.50000
7503.62500
7518.02500
7532.72500
7547.80000
7563.20000
7578.82500
7594.85000
7611.37500
7734.92500
7748.40000
7762.05000
7775.70000
7789.60000
7803.75000
7818.17500
7832.92500
7848.05000
7863.47500
7879.07500
7895.02500
7911.65000
8034.92500
8048.42500
8062.10000
8075.77500
8089.70000
8103.87500
8118.32500
8133.12500
8148.30000
8163.75000
8179.42500
8195.55000
8212.52500
8334.95000
8348.45000
8362.15000
8375.82500
8389.80000
8404.00000
8418.50000
8433.32500
8448.57500
8463.95000
8479.70000
8495.80000
8513.00000
8634.95000
8648.47500
8662.20000
8675.90000
8689.87500
8704.12500
8718.65000
8733.52500
8748.80000
8764.25000
8780.02500
8796.17500
8934.97500
8948.50000
8962.25000
8975.95000
8989.97500
9004.22500
9018.77500
9033.70000
9049.02500
9064.47500
9080.27500
9096.52500
9234.97500
9248.52500
9262.27500
9276.02500
9290.05000
9304.32500
9318.92500
9333.90000
9349.25000
9364.75000
9380.57500
9396.92500
9534.97500
9548.55000
9562.32500
9576.07500
9590.12500
9604.45000
9619.07500
9634.07500
9649.37500
9664.92500
9680.82500
9697.50000
9835.00000
9848.57500
9862.37500
9876.15000
9890.22500
9904.55000
9919.22500
9934.27500
9949.70000
9965.30000
9981.25000
9997.97500
10135.00000
10148.62500
10162.42500
10176.20000
10190.30000
10204.67500
10219.35000
10234.45000
10249.85000
10265.50000
10281.45000
10298.30000
10435.02500
10448.65000
10462.45000
10476.27500
10490.37500
10504.77500
10519.50000
10534.65000
10550.00000
10565.72500
10581.67500
10598.75000
10735.02500
10748.67500
10762.50000
10776.32500
10790.47500
10804.90000
10819.65000
10834.85000
10850.17500
10865.97500
10882.05000
11035.02500
11048.70000
11062.55000
11076.37500
11090.55000
11105.00000
11119.77500
11135.00000
11150.37500
11166.07500
11182.22500
11335.05000
11348.70000
11362.57500
11376.42500
11390.62500
11405.10000
11419.92500
11435.20000
11450.57500
11466.32500
11482.50000
11635.05000
11648.72500
11662.62500
11676.50000
11690.70000
11705.20000
11720.05000
11735.35000
11750.80000
11766.55000
11782.82500
11935.07500
11948.75000
11962.65000
11976.55000
11990.77500
12005.30000
12020.17500
12035.47500
12050.97500
12066.80000
12083.25000
12235.07500
12248.77500
12262.70000
12276.60000
12290.85000
12305.37500
12320.30000
12335.62500
12351.12500
12367.07500
12383.70000
12535.07500
12548.80000
12562.72500
12576.65000
12590.92500
12605.47500
12620.45000
12635.70000
12651.27500
12667.15000
12683.92500
12835.10000
12848.82500
12862.77500
12876.70000
12891.00000
12905.57500
12920.57500
12935.82500
12951.45000
12967.32500
12984.52500
13135.10000
13148.85000
13162.80000
13176.75000
13191.07500
13205.70000
13220.72500
13236.00000
13251.67500
13267.80000
13435.10000
13448.87500
13462.85000
13476.80000
13491.12500
13505.77500
13520.85000
13536.15000
13551.85000
13568.00000
13735.10000
13748.87500
13762.87500
13776.85000
13791.20000
13805.87500
13820.97500
13836.30000
13852.07500
13868.27500
14035.12500
14048.90000
14062.90000
14076.90000
14091.25000
14105.95000
14121.10000
14136.45000
14152.20000
14168.40000
14185.60000
14335.12500
14348.92500
14362.95000
14376.95000
14391.32500
14406.05000
14421.25000
14436.55000
14452.30000
14468.65000
14635.12500
14648.95000
14662.97500
14677.00000
14691.40000
14706.15000
14721.35000
14736.70000
14752.57500
14768.97500
14935.15000
14948.97500
14963.00000
14977.05000
14991.47500

