$ Stimulation Interval(ms): 300
$ Delay(ms): 40.963458
$ Number of data : 617
$ TSTOP : 15000
$ PN stimulation current max : 0
$ LN stimulation current max : 15000
46.82500
56.60000
65.30000
73.45000
81.25000
88.87500
96.37500
103.85000
111.27500
118.70000
126.15000
133.60000
141.07500
148.60000
156.15000
163.75000
171.37500
179.07500
186.80000
194.57500
202.42500
212.80000
804.95000
1090.25000
1106.87500
1390.35000
1406.87500
1675.97500
1692.17500
1707.47500
1976.30000
1992.47500
2003.80000
2021.92500
2261.60000
2278.00000
2293.02500
2303.77500
2318.55000
2557.05000
2571.87500
2586.52500
2596.40000
2606.67500
2620.90000
2848.12500
2864.02500
2879.12500
2890.07500
2899.27500
2914.40000
3142.35000
3160.52500
3173.02500
3182.70000
3194.20000
3204.97500
3219.62500
3435.37500
3449.75000
3464.40000
3475.55000
3485.02500
3495.97500
3504.70000
3519.67500
3734.02500
3750.05000
3764.70000
3775.32500
3784.30000
3793.60000
3802.22500
3814.87500
4028.12500
4045.57500
4058.85000
4068.47500
4080.30000
4090.00000
4099.42500
4107.75000
4120.50000
4328.17500
4344.85000
4358.67500
4368.30000
4377.67500
4386.30000
4394.77500
4403.27500
4414.05000
4620.65000
4635.90000
4648.97500
4660.07500
4669.20000
4678.42500
4687.00000
4695.25000
4703.82500
4714.50000
4920.20000
4936.25000
4950.05000
4961.20000
4970.12500
4979.77500
4988.15000
4996.32500
5004.45000
5014.95000
5220.25000
5235.65000
5246.80000
5256.55000
5267.25000
5276.02500
5285.60000
5293.80000
5301.87500
5311.92500
5514.50000
5530.85000
5544.27500
5553.82500
5563.22500
5571.80000
5580.25000
5588.72500
5596.85000
5604.92500
5615.47500
5808.00000
5822.17500
5835.07500
5846.17500
5855.10000
5864.47500
5873.00000
5881.22500
5889.42500
5897.50000
5905.52500
5917.27500
6107.00000
6122.15000
6134.80000
6145.62500
6154.90000
6164.97500
6173.25000
6181.30000
6189.30000
6197.30000
6205.27500
6216.10000
6406.97500
6422.17500
6434.10000
6445.85000
6455.27500
6464.20000
6472.70000
6480.75000
6488.72500
6496.70000
6504.67500
6514.97500
6703.57500
6717.80000
6730.90000
6740.32500
6749.57500
6758.00000
6766.50000
6774.82500
6782.85000
6790.82500
6798.77500
6806.77500
6819.27500
7000.55000
7016.52500
7030.12500
7039.60000
7048.95000
7057.50000
7065.60000
7074.15000
7082.17500
7090.12500
7098.05000
7106.02500
7118.40000
7300.52500
7317.20000
7330.15000
7339.67500
7349.30000
7357.87500
7365.85000
7373.77500
7381.65000
7389.55000
7397.45000
7405.40000
7416.17500
7601.02500
7616.92500
7626.62500
7637.22500
7646.97500
7655.40000
7663.32500
7671.27500
7679.12500
7687.00000
7694.90000
7702.82500
7713.22500
7892.95000
7908.17500
7921.40000
7932.62500
7941.57500
7950.47500
7958.77500
7966.72500
7974.60000
7982.47500
7990.35000
7998.25000
8006.20000
8018.50000
8193.12500
8208.20000
8219.70000
8231.62500
8240.90000
8249.10000
8257.72500
8265.67500
8273.52500
8281.37500
8289.25000
8297.12500
8305.07500
8315.32500
8492.87500
8508.10000
8518.92500
8527.92500
8537.25000
8545.40000
8554.05000
8562.07500
8569.95000
8577.77500
8585.62500
8593.50000
8601.40000
8609.87500
8621.77500
8792.50000
8806.20000
8817.20000
8826.30000
8835.15000
8843.52500
8851.45000
8859.87500
8867.75000
8875.60000
8883.42500
8891.27500
8899.17500
8907.10000
8919.47500
9088.42500
9103.40000
9116.10000
9125.52500
9134.77500
9143.32500
9151.22500
9159.02500
9166.80000
9174.57500
9182.37500
9190.22500
9198.10000
9206.02500
9218.00000
9387.62500
9403.37500
9416.25000
9425.62500
9434.85000
9443.27500
9451.15000
9458.92500
9466.67500
9474.45000
9482.25000
9490.10000
9497.95000
9505.87500
9517.55000
9687.15000
9703.05000
9712.87500
9723.07500
9731.52500
9740.35000
9748.22500
9756.10000
9763.87500
9771.62500
9779.42500
9787.22500
9795.07500
9802.97500
9813.32500
9981.02500
9994.65000
10007.75000
10017.62500
10026.70000
10035.87500
10043.97500
10051.80000
10059.57500
10067.32500
10075.10000
10082.90000
10090.72500
10098.57500
10106.50000
10118.77500
10280.70000
10294.92500
10307.35000
10318.40000
10327.47500
10335.62500
10343.92500
10351.77500
10359.52500
10367.27500
10375.05000
10382.85000
10390.67500
10398.52500
10406.45000
10418.67500
10579.87500
10594.65000
10606.55000
10618.32500
10627.37500
10635.32500
10643.77500
10651.57500
10659.32500
10667.05000
10674.82500
10682.60000
10690.42500
10698.27500
10706.17500
10718.27500
10880.20000
10894.52500
10905.25000
10914.15000
10923.22500
10931.32500
10939.42500
10947.25000
10954.97500
10962.70000
10970.42500
10978.20000
10985.97500
10993.82500
11001.70000
11010.42500
11179.25000
11193.82500
11204.17500
11212.87500
11221.97500
11230.10000
11238.02500
11245.75000
11253.45000
11261.12500
11268.85000
11276.60000
11284.37500
11292.17500
11300.05000
11307.95000
11320.05000
11479.32500
11492.55000
11503.45000
11512.35000
11521.52500
11529.80000
11537.60000
11545.30000
11553.00000
11560.67500
11568.40000
11576.12500
11583.90000
11591.70000
11599.57500
11607.47500
11619.70000
11778.92500
11791.65000
11802.90000
11811.92500
11820.97500
11829.12500
11836.90000
11844.60000
11852.25000
11859.95000
11867.62500
11875.37500
11883.12500
11890.92500
11898.77500
11906.67500
11918.92500
12078.97500
12092.75000
12103.80000
12112.75000
12121.87500
12129.87500
12137.65000
12145.37500
12153.05000
12160.75000
12168.45000
12176.17500
12183.95000
12191.75000
12199.60000
12207.52500
12219.75000
12378.40000
12392.55000
12403.40000
12412.50000
12421.25000
12429.37500
12437.12500
12444.85000
12452.52500
12460.20000
12467.90000
12475.62500
12483.37500
12491.20000
12499.05000
12506.95000
12519.20000
12676.02500
12688.80000
12698.35000
12709.42500
12717.50000
12726.75000
12734.57500
12742.27500
12749.92500
12757.60000
12765.27500
12772.97500
12780.72500
12788.52500
12796.35000
12804.22500
12814.40000
12974.90000
12988.80000
12998.15000
13007.55000
13015.72500
13024.12500
13032.05000
13039.80000
13047.47500
13055.15000
13062.82500
13070.52500
13078.25000
13086.02500
13093.85000
13101.72500
13110.37500
13122.45000
13275.27500
13289.10000
13298.35000
13307.37500
13315.60000
13323.80000
13331.67500
13339.37500
13347.02500
13354.67500
13362.32500
13370.02500
13377.75000
13385.52500
13393.32500
13401.20000
13409.35000
13421.12500
13575.45000
13588.00000
13597.92500
13607.75000
13615.85000
13624.40000
13632.12500
13639.77500
13647.42500
13655.05000
13662.72500
13670.40000
13678.12500
13685.90000
13693.70000
13701.57500
13710.00000
13721.67500
13875.25000
13888.15000
13897.85000
13907.32500
13915.47500
13923.25000
13930.92500
13938.55000
13946.15000
13953.80000
13961.45000
13969.12500
13976.82500
13984.60000
13992.40000
14000.25000
14008.15000
14020.17500
14174.70000
14188.42500
14197.72500
14207.10000
14215.17500
14222.90000
14230.52500
14238.12500
14245.75000
14253.35000
14261.00000
14268.67500
14276.37500
14284.12500
14291.92500
14299.77500
14307.67500
14319.85000
14467.67500
14481.40000
14492.17500
14500.70000
14508.97500
14516.87500
14524.57500
14532.20000
14539.80000
14547.40000
14555.02500
14562.67500
14570.35000
14578.05000
14585.82500
14593.62500
14601.47500
14609.77500
14621.47500
14767.60000
14781.35000
14792.00000
14800.42500
14809.57500
14817.50000
14825.17500
14832.80000
14840.42500
14848.02500
14855.65000
14863.30000
14870.97500
14878.70000
14886.45000
14894.25000
14902.12500
14911.47500

