$ Stimulation Interval(ms): 300
$ Delay(ms): 245.313495
$ Number of data : 284
$ TSTOP : 5000
250.15000
263.17500
276.12500
289.07500
302.12500
315.30000
328.62500
342.12500
355.80000
369.65000
383.70000
397.97500
412.47500
427.25000
442.22500
457.40000
472.77500
488.37500
504.22500
520.27500
553.07500
566.02500
579.05000
592.07500
605.25000
618.55000
632.02500
645.65000
659.47500
673.50000
687.77500
702.27500
717.10000
732.15000
747.55000
763.15000
779.12500
795.57500
812.92500
852.87500
865.85000
878.92500
892.00000
905.20000
918.55000
932.07500
945.75000
959.65000
973.75000
988.10000
1002.70000
1017.55000
1032.57500
1047.77500
1063.15000
1078.77500
1094.55000
1110.62500
1152.97500
1166.02500
1179.15000
1192.25000
1205.52500
1218.92500
1232.52500
1246.30000
1260.27500
1274.47500
1288.92500
1303.62500
1318.60000
1333.72500
1349.05000
1364.60000
1380.45000
1396.52500
1413.00000
1452.95000
1466.05000
1479.20000
1492.37500
1505.67500
1519.15000
1532.80000
1546.62500
1560.67500
1574.95000
1589.50000
1604.32500
1619.30000
1634.42500
1649.80000
1665.32500
1680.97500
1696.92500
1713.72500
1753.00000
1766.12500
1779.32500
1792.52500
1805.87500
1819.40000
1833.10000
1847.00000
1861.10000
1875.47500
1890.10000
1904.97500
1919.97500
1935.15000
1950.62500
1966.25000
1982.10000
1998.32500
2015.45000
2053.07500
2066.25000
2079.47500
2092.72500
2106.12500
2119.70000
2133.45000
2147.40000
2161.60000
2176.05000
2190.77500
2205.72500
2220.90000
2236.22500
2251.82500
2267.75000
2283.95000
2300.42500
2317.85000
2353.25000
2366.45000
2379.72500
2393.00000
2406.47500
2420.10000
2433.90000
2447.92500
2462.20000
2476.72500
2491.57500
2506.67500
2521.87500
2537.30000
2553.07500
2569.32500
2585.82500
2603.27500
2653.15000
2666.37500
2679.70000
2693.00000
2706.50000
2720.15000
2734.02500
2748.10000
2762.42500
2777.05000
2791.97500
2807.07500
2822.32500
2837.90000
2853.72500
2869.70000
2886.10000
2902.77500
2953.15000
2966.42500
2979.77500
2993.12500
3006.65000
3020.37500
3034.27500
3048.40000
3062.80000
3077.50000
3092.47500
3107.67500
3123.00000
3138.52500
3154.25000
3170.32500
3186.82500
3203.75000
3253.20000
3266.50000
3279.87500
3293.25000
3306.82500
3320.57500
3334.55000
3348.72500
3363.20000
3377.97500
3393.02500
3408.32500
3423.75000
3439.65000
3455.85000
3472.30000
3489.10000
3506.55000
3553.22500
3566.57500
3580.00000
3593.40000
3607.00000
3620.80000
3634.82500
3649.05000
3663.60000
3678.45000
3693.60000
3708.97500
3724.50000
3740.32500
3756.55000
3853.22500
3866.60000
3880.05000
3893.47500
3907.12500
3920.95000
3935.00000
3949.30000
3963.90000
3978.82500
3993.92500
4009.30000
4024.72500
4040.60000
4057.45000
4153.25000
4166.65000
4180.12500
4193.57500
4207.25000
4221.12500
4235.20000
4249.55000
4264.20000
4279.22500
4294.37500
4309.67500
4325.17500
4340.97500
4357.45000
4374.60000
4392.22500
4453.27500
4466.70000
4480.20000
4493.67500
4507.40000
4521.30000
4535.45000
4549.85000
4564.57500
4579.62500
4594.90000
4610.30000
4625.95000
4641.92500
4659.40000
4753.30000
4766.72500
4780.27500
4793.77500
4807.52500
4821.47500
4835.65000
4850.10000
4864.87500
4880.00000
4895.35000
4910.75000
4926.47500
4942.47500
4959.12500
4976.10000

