$ Stimulation Interval(ms): 300
$ Delay(ms): 42.581014
$ Number of data : 95
$ TSTOP : 5000
48.42500
58.22500
66.90000
75.05000
82.87500
90.47500
98.00000
105.45000
112.87500
120.30000
127.75000
135.20000
142.67500
150.20000
157.75000
165.35000
172.97500
180.67500
188.40000
196.20000
204.02500
213.70000
1107.32500
1402.95000
1687.27500
1703.87500
1976.72500
1989.67500
2005.22500
2274.00000
2289.95000
2306.00000
2317.30000
2561.80000
2575.10000
2591.20000
2607.50000
2618.15000
2858.87500
2874.55000
2890.45000
2907.20000
2918.00000
3159.25000
3175.80000
3192.02500
3202.07500
3212.90000
3448.37500
3461.47500
3477.00000
3493.05000
3502.07500
3512.20000
3747.37500
3761.20000
3776.32500
3791.75000
3800.27500
3809.17500
3818.87500
4032.90000
4050.00000
4062.20000
4076.75000
4085.72500
4094.67500
4103.02500
4112.70000
4133.97500
4331.72500
4346.42500
4362.30000
4377.55000
4386.67500
4396.07500
4404.35000
4413.55000
4631.75000
4646.62500
4661.20000
4676.62500
4685.77500
4694.45000
4702.60000
4712.22500
4733.25000
4919.92500
4935.17500
4948.37500
4962.95000
4971.35000
4981.07500
4989.45000
4997.60000

