$ Stimulation Interval(ms): 300
$ Delay(ms): 215.330667
$ Number of data : 208
$ TSTOP : 5000
220.05000
232.90000
245.82500
258.82500
271.92500
285.20000
298.62500
312.22500
326.02500
340.05000
354.27500
368.72500
383.47500
398.60000
414.20000
430.47500
447.32500
464.40000
481.60000
522.85000
535.62500
548.62500
561.70000
574.92500
588.32500
601.90000
615.65000
629.60000
643.77500
658.20000
672.90000
688.00000
703.65000
719.92500
736.40000
753.40000
770.47500
822.77500
835.62500
848.62500
861.75000
875.02500
888.47500
902.10000
915.92500
929.95000
944.22500
958.77500
973.62500
988.95000
1005.07500
1122.80000
1135.62500
1148.70000
1161.87500
1175.20000
1188.70000
1202.37500
1216.27500
1230.40000
1244.77500
1259.40000
1274.40000
1289.85000
1306.17500
1422.82500
1435.70000
1448.77500
1461.97500
1475.35000
1488.87500
1502.62500
1516.57500
1530.75000
1545.17500
1559.90000
1575.00000
1590.72500
1722.85000
1735.75000
1748.85000
1762.10000
1775.47500
1789.07500
1802.85000
1816.85000
1831.07500
1845.55000
1860.37500
1875.60000
1891.57500
2022.87500
2035.80000
2048.92500
2062.20000
2075.62500
2089.22500
2103.05000
2117.10000
2131.37500
2145.95000
2160.82500
2176.17500
2192.55000
2322.90000
2335.80000
2348.97500
2362.27500
2375.72500
2389.37500
2403.25000
2417.32500
2431.67500
2446.30000
2461.27500
2476.77500
2622.90000
2635.85000
2649.05000
2662.35000
2675.85000
2689.52500
2703.42500
2717.55000
2731.95000
2746.65000
2761.70000
2777.37500
2922.92500
2935.90000
2949.10000
2962.45000
2975.95000
2989.67500
3003.60000
3017.77500
3032.22500
3046.97500
3062.15000
3078.00000
3222.95000
3235.92500
3249.17500
3262.52500
3276.07500
3289.82500
3303.80000
3318.00000
3332.50000
3347.32500
3362.57500
3378.75000
3522.95000
3535.95000
3549.22500
3562.60000
3576.17500
3589.97500
3603.97500
3618.22500
3632.77500
3647.65000
3663.02500
3679.37500
3822.97500
3836.00000
3849.27500
3862.67500
3876.30000
3890.10000
3904.15000
3918.45000
3933.02500
3948.00000
3963.47500
4122.97500
4136.02500
4149.32500
4162.75000
4176.37500
4190.22500
4204.30000
4218.62500
4233.27500
4248.30000
4263.90000
4423.00000
4436.05000
4449.37500
4462.82500
4476.47500
4490.35000
4504.45000
4518.82500
4533.52500
4548.60000
4564.35000
4723.00000
4736.07500
4749.42500
4762.90000
4776.57500
4790.47500
4804.60000
4819.02500
4833.75000
4848.90000
4864.82500

