$ Stimulation Interval(ms): 300
$ Delay(ms): 231.724716
$ Number of data : 226
$ TSTOP : 5000
236.52500
249.55000
262.55000
275.57500
288.67500
301.95000
315.37500
328.97500
342.75000
356.72500
370.95000
385.42500
400.20000
415.32500
430.90000
446.85000
463.52500
479.72500
496.47500
539.30000
552.22500
565.32500
578.40000
591.62500
605.00000
618.57500
632.30000
646.25000
660.45000
674.90000
689.67500
704.77500
720.25000
736.05000
752.45000
768.70000
785.90000
839.30000
852.27500
865.42500
878.55000
891.85000
905.27500
918.90000
932.70000
946.72500
961.00000
975.57500
990.47500
1005.80000
1021.70000
1038.05000
1054.02500
1070.65000
1087.47500
1104.55000
1139.52500
1152.57500
1165.77500
1178.95000
1192.30000
1205.82500
1219.52500
1233.42500
1247.55000
1261.92500
1276.65000
1291.72500
1307.22500
1323.15000
1340.20000
1356.35000
1373.40000
1390.75000
1439.37500
1452.47500
1465.70000
1478.92500
1492.32500
1505.87500
1519.62500
1533.57500
1547.77500
1562.25000
1577.07500
1592.30000
1608.10000
1624.47500
1640.67500
1657.20000
1739.40000
1752.52500
1765.80000
1779.05000
1792.50000
1806.10000
1819.87500
1833.90000
1848.15000
1862.72500
1877.62500
1893.02500
1908.92500
2039.42500
2052.57500
2065.87500
2079.15000
2092.62500
2106.25000
2120.07500
2134.12500
2148.45000
2163.05000
2178.02500
2193.50000
2209.62500
2339.45000
2352.60000
2365.95000
2379.25000
2392.75000
2406.42500
2420.30000
2434.37500
2448.75000
2463.42500
2478.45000
2493.97500
2510.42500
2639.47500
2652.65000
2666.02500
2679.35000
2692.87500
2706.57500
2720.47500
2734.62500
2749.02500
2763.75000
2778.87500
2794.45000
2939.47500
2952.70000
2966.07500
2979.45000
2993.00000
3006.72500
3020.67500
3034.85000
3049.30000
3064.07500
3079.25000
3094.92500
3239.50000
3252.75000
3266.15000
3279.52500
3293.10000
3306.87500
3320.85000
3335.07500
3349.57500
3364.40000
3379.65000
3395.37500
3539.52500
3552.77500
3566.20000
3579.60000
3593.20000
3607.00000
3621.00000
3635.27500
3649.82500
3664.72500
3680.00000
3695.87500
3839.52500
3852.82500
3866.27500
3879.70000
3893.32500
3907.12500
3921.17500
3935.47500
3950.10000
3965.05000
3980.40000
3996.35000
4139.55000
4152.85000
4166.32500
4179.77500
4193.42500
4207.27500
4221.35000
4235.70000
4250.37500
4265.37500
4280.82500
4296.90000
4439.55000
4452.90000
4466.37500
4479.85000
4493.52500
4507.42500
4521.52500
4535.92500
4550.62500
4565.70000
4581.15000
4597.65000
4739.57500
4752.92500
4766.45000
4779.92500
4793.65000
4807.55000
4821.70000
4836.15000
4850.90000
4866.02500
4881.55000
4897.85000
4914.10000

