$ Stimulation Interval(ms): 300
$ Delay(ms): 46.472475
$ Number of data : 106
$ TSTOP : 5000
52.30000
62.10000
70.77500
78.90000
86.72500
94.35000
101.85000
109.32500
116.75000
124.17500
131.60000
139.07500
146.55000
154.05000
161.62500
169.20000
176.85000
184.52500
192.27500
200.05000
208.42500
222.27500
816.97500
1101.95000
1117.37500
1400.60000
1417.65000
1690.12500
1705.20000
1725.95000
1979.62500
1993.80000
2005.85000
2026.30000
2274.02500
2290.15000
2304.37500
2313.47500
2331.00000
2574.30000
2590.27500
2606.70000
2616.17500
2631.32500
2864.07500
2878.00000
2891.55000
2900.45000
2911.45000
2926.40000
3160.90000
3176.97500
3191.07500
3199.97500
3210.40000
3225.80000
3448.42500
3462.57500
3477.75000
3487.77500
3497.02500
3506.67500
3516.07500
3531.22500
3749.57500
3762.42500
3776.35000
3791.02500
3799.45000
3808.37500
3817.22500
3831.32500
4048.02500
4061.35000
4076.25000
4085.10000
4094.40000
4102.70000
4111.42500
4125.67500
4336.72500
4350.12500
4363.55000
4377.67500
4386.70000
4396.27500
4404.57500
4413.02500
4426.22500
4632.72500
4648.32500
4663.05000
4672.30000
4681.40000
4689.62500
4698.45000
4706.65000
4715.62500
4731.02500
4933.32500
4949.40000
4963.07500
4971.57500
4981.12500
4989.40000
4997.52500

