$ Stimulation Interval(ms): 300
$ Delay(ms): 230.649673
$ Number of data : 259
$ TSTOP : 5000
235.40000
248.30000
261.25000
274.15000
287.17500
300.32500
313.65000
327.12500
340.77500
354.57500
368.60000
382.80000
397.25000
411.97500
427.02500
442.37500
458.05000
474.07500
490.92500
538.15000
551.00000
563.97500
576.95000
590.07500
603.35000
616.77500
630.35000
644.12500
658.07500
672.25000
686.65000
701.32500
716.35000
731.67500
747.40000
763.62500
780.57500
798.32500
838.05000
850.92500
863.97500
877.02500
890.20000
903.52500
917.02500
930.70000
944.55000
958.60000
972.87500
987.40000
1002.22500
1017.42500
1032.85000
1048.67500
1065.20000
1138.17500
1151.10000
1164.17500
1177.27500
1190.50000
1203.90000
1217.45000
1231.17500
1245.10000
1259.22500
1273.60000
1288.22500
1303.20000
1318.52500
1334.05000
1350.02500
1366.42500
1438.20000
1451.15000
1464.27500
1477.40000
1490.67500
1504.10000
1517.72500
1531.50000
1545.47500
1559.67500
1574.12500
1588.87500
1603.97500
1619.30000
1634.92500
1651.12500
1667.95000
1738.22500
1751.22500
1764.37500
1777.52500
1790.85000
1804.32500
1817.97500
1831.82500
1845.87500
1860.15000
1874.67500
1889.52500
1904.70000
1920.10000
1935.90000
1952.35000
1969.20000
2038.25000
2051.27500
2064.47500
2077.67500
2091.02500
2104.55000
2118.25000
2132.15000
2146.25000
2160.57500
2175.20000
2190.15000
2205.42500
2221.02500
2237.07500
2254.07500
2338.27500
2351.32500
2364.55000
2377.77500
2391.17500
2404.72500
2418.47500
2432.42500
2446.57500
2460.97500
2475.65000
2490.70000
2506.02500
2521.55000
2537.42500
2553.92500
2638.30000
2651.37500
2664.65000
2677.90000
2691.32500
2704.92500
2718.70000
2732.70000
2746.90000
2761.37500
2776.15000
2791.32500
2806.72500
2822.40000
2838.40000
2855.05000
2938.32500
2951.42500
2964.72500
2978.00000
2991.47500
3005.10000
3018.92500
3032.97500
3047.22500
3061.77500
3076.62500
3091.87500
3107.45000
3123.45000
3140.17500
3238.35000
3251.47500
3264.80000
3278.10000
3291.60000
3305.27500
3319.15000
3333.22500
3347.52500
3362.12500
3377.07500
3392.30000
3407.87500
3423.82500
3440.35000
3538.35000
3551.52500
3564.87500
3578.20000
3591.72500
3605.42500
3619.35000
3633.47500
3647.82500
3662.50000
3677.52500
3692.87500
3708.55000
3724.55000
3741.00000
3838.37500
3851.55000
3864.92500
3878.30000
3891.85000
3905.60000
3919.55000
3933.72500
3948.12500
3962.87500
3978.00000
3993.32500
4009.05000
4024.97500
4041.52500
4138.40000
4151.60000
4165.00000
4178.40000
4191.97500
4205.75000
4219.75000
4233.95000
4248.42500
4263.22500
4278.40000
4293.82500
4309.55000
4325.60000
4342.77500
4438.40000
4451.65000
4465.07500
4478.47500
4492.10000
4505.92500
4519.92500
4534.20000
4548.72500
4563.57500
4578.80000
4594.32500
4610.17500
4626.17500
4643.87500
4738.42500
4751.70000
4765.15000
4778.57500
4792.22500
4806.07500
4820.12500
4834.42500
4849.00000
4863.95000
4879.22500
4894.87500
4910.62500
4927.25000
4944.52500

