$ Stimulation Interval(ms): 300
$ Delay(ms): 0.215774
$ Number of data : 87
$ TSTOP : 5000
6.35000
16.27500
25.00000
33.17500
41.00000
48.62500
56.15000
63.62500
71.05000
78.50000
85.92500
93.40000
100.87500
108.40000
115.95000
123.55000
131.20000
138.90000
146.62500
154.42500
162.25000
170.15000
178.12500
186.12500
194.20000
202.35000
213.30000
1408.40000
1694.30000
1708.02500
1993.02500
2007.35000
2280.00000
2293.07500
2308.02500
2576.00000
2592.20000
2615.20000
2865.65000
2879.85000
2894.25000
2915.90000
3165.35000
3179.20000
3194.35000
3215.62500
3450.07500
3463.55000
3479.22500
3495.45000
3505.17500
3517.20000
3751.05000
3764.17500
3778.37500
3792.85000
3801.90000
3815.85000
4050.35000
4063.55000
4078.40000
4093.75000
4102.57500
4115.80000
4337.37500
4351.62500
4365.22500
4379.95000
4389.65000
4399.12500
4407.97500
4418.12500
4620.72500
4636.27500
4649.85000
4664.50000
4677.92500
4686.90000
4697.27500
4705.92500
4716.90000
4936.67500
4951.27500
4965.60000
4980.75000
4989.65000
4998.25000

