$ Stimulation Interval(ms): 300
$ Delay(ms): 32.660291
$ Number of data : 86
$ TSTOP : 5000
38.55000
48.35000
57.05000
65.20000
73.02500
80.62500
88.15000
95.60000
103.05000
110.47500
117.90000
125.37500
132.85000
140.37500
147.92500
155.52500
163.15000
170.85000
178.57500
186.35000
194.20000
202.10000
212.47500
228.50000
1703.00000
1989.90000
2005.75000
2289.35000
2303.90000
2316.10000
2575.00000
2591.20000
2606.30000
2617.25000
2875.62500
2892.02500
2907.12500
2917.75000
3160.92500
3177.42500
3192.20000
3202.12500
3212.95000
3232.00000
3460.75000
3476.60000
3492.40000
3501.52500
3512.22500
3531.62500
3760.87500
3774.40000
3783.75000
3793.70000
3802.37500
3812.67500
3831.60000
4059.27500
4075.62500
4084.92500
4093.92500
4102.27500
4112.15000
4131.40000
4347.35000
4363.00000
4377.67500
4386.90000
4396.07500
4404.47500
4415.42500
4432.02500
4647.60000
4660.90000
4675.55000
4684.70000
4694.55000
4702.85000
4712.62500
4731.40000
4949.12500
4962.90000
4971.37500
4980.77500
4989.15000
4997.37500

