$ Stimulation Interval(ms): 300
$ Delay(ms): 207.273666
$ Number of data : 234
$ TSTOP : 5000
211.97500
224.77500
237.52500
250.50000
263.60000
276.87500
290.32500
304.02500
317.92500
332.02500
346.37500
360.90000
375.67500
390.72500
406.10000
421.92500
438.17500
455.40000
514.75000
527.55000
540.40000
553.47500
566.72500
580.17500
593.85000
607.72500
621.80000
636.07500
650.57500
665.27500
680.27500
695.60000
711.40000
727.57500
744.52500
814.80000
827.62500
840.47500
853.57500
866.87500
880.37500
894.10000
908.02500
922.15000
936.50000
951.05000
965.87500
981.02500
996.62500
1012.90000
1030.05000
1114.90000
1127.72500
1140.60000
1153.75000
1167.10000
1180.65000
1194.42500
1208.42500
1222.65000
1237.12500
1251.85000
1266.82500
1282.12500
1297.90000
1314.35000
1331.15000
1414.92500
1427.75000
1440.67500
1453.87500
1467.27500
1480.87500
1494.72500
1508.77500
1523.07500
1537.62500
1552.42500
1567.52500
1583.02500
1599.07500
1615.60000
1714.92500
1727.77500
1740.72500
1753.97500
1767.42500
1781.07500
1794.95000
1809.10000
1823.45000
1838.07500
1852.95000
1868.15000
1883.80000
1900.02500
2014.87500
2027.75000
2040.72500
2053.97500
2067.45000
2081.15000
2095.07500
2109.25000
2123.67500
2138.37500
2153.32500
2168.65000
2184.40000
2200.47500
2217.07500
2314.85000
2327.72500
2340.72500
2354.02500
2367.52500
2381.25000
2395.22500
2409.45000
2423.95000
2438.70000
2453.75000
2469.17500
2484.95000
2501.25000
2614.87500
2627.77500
2640.80000
2654.10000
2667.65000
2681.42500
2695.45000
2709.72500
2724.27500
2739.10000
2754.22500
2769.72500
2785.67500
2801.90000
2914.90000
2927.82500
2940.87500
2954.22500
2967.80000
2981.62500
2995.67500
3010.02500
3024.62500
3039.52500
3054.72500
3070.35000
3086.47500
3102.95000
3214.90000
3227.85000
3240.90000
3254.30000
3267.90000
3281.75000
3295.87500
3310.25000
3324.92500
3339.87500
3355.17500
3370.85000
3386.80000
3403.45000
3514.92500
3527.87500
3540.97500
3554.37500
3568.02500
3581.92500
3596.10000
3610.55000
3625.27500
3640.30000
3655.70000
3671.37500
3687.42500
3704.37500
3814.92500
3827.92500
3841.02500
3854.47500
3868.17500
3882.10000
3896.32500
3910.82500
3925.60000
3940.72500
3956.22500
3972.05000
3987.97500
4005.50000
4114.95000
4127.95000
4141.10000
4154.57500
4168.30000
4182.27500
4196.55000
4211.10000
4225.95000
4241.15000
4256.75000
4272.72500
4288.80000
4414.97500
4428.00000
4441.15000
4454.65000
4468.42500
4482.45000
4496.75000
4511.35000
4526.27500
4541.52500
4557.25000
4573.15000
4589.47500
4714.97500
4728.02500
4741.20000
4754.75000
4768.52500
4782.60000
4796.95000
4811.62500
4826.60000
4841.92500
4857.57500
4873.50000
4890.22500

