$ Stimulation Interval(ms): 300
$ Delay(ms): 249.890862
$ Number of data : 268
$ TSTOP : 5000
254.77500
267.85000
280.85000
293.85000
306.95000
320.20000
333.60000
347.17500
360.92500
374.90000
389.10000
403.52500
418.17500
433.00000
448.00000
463.37500
478.97500
494.82500
511.40000
557.55000
570.52500
583.60000
596.67500
609.85000
623.20000
636.70000
650.40000
664.32500
678.45000
692.77500
707.37500
722.10000
737.02500
752.30000
767.75000
783.60000
799.85000
816.52500
857.50000
870.55000
883.67500
896.80000
910.05000
923.47500
937.07500
950.87500
964.87500
979.10000
993.57500
1008.30000
1023.17500
1038.30000
1053.70000
1069.40000
1085.37500
1101.72500
1157.62500
1170.70000
1183.90000
1197.05000
1210.37500
1223.85000
1237.52500
1251.40000
1265.47500
1279.80000
1294.37500
1309.15000
1324.10000
1339.37500
1354.97500
1370.80000
1386.92500
1403.50000
1457.65000
1470.77500
1484.00000
1497.20000
1510.57500
1524.10000
1537.82500
1551.77500
1565.92500
1580.35000
1595.02500
1609.85000
1624.87500
1640.27500
1656.00000
1671.97500
1688.17500
1705.25000
1757.67500
1770.85000
1784.10000
1797.35000
1810.75000
1824.35000
1838.12500
1852.15000
1866.37500
1880.87500
1895.65000
1910.60000
1925.70000
1941.25000
1957.00000
1973.27500
1990.07500
2057.70000
2070.92500
2084.22500
2097.50000
2110.95000
2124.57500
2138.42500
2152.47500
2166.80000
2181.37500
2196.17500
2211.12500
2226.45000
2242.05000
2257.92500
2274.30000
2357.72500
2370.97500
2384.30000
2397.60000
2411.10000
2424.77500
2438.67500
2452.80000
2467.17500
2481.82500
2496.70000
2511.72500
2527.02500
2542.67500
2558.67500
2575.00000
2657.75000
2671.02500
2684.37500
2697.72500
2711.25000
2724.97500
2738.92500
2753.10000
2767.52500
2782.27500
2797.20000
2812.30000
2827.72500
2843.32500
2859.35000
2876.02500
2893.15000
2910.55000
2957.77500
2971.10000
2984.50000
2997.87500
3011.45000
3025.20000
3039.20000
3053.45000
3067.95000
3082.77500
3097.75000
3112.95000
3128.50000
3144.25000
3160.42500
3177.75000
3195.00000
3257.80000
3271.15000
3284.57500
3297.97500
3311.60000
3325.40000
3339.45000
3353.75000
3368.32500
3383.17500
3398.22500
3413.57500
3429.12500
3445.10000
3461.37500
3479.17500
3557.82500
3571.20000
3584.65000
3598.10000
3611.72500
3625.60000
3639.67500
3654.02500
3668.67500
3683.60000
3698.75000
3714.17500
3729.77500
3745.77500
3762.47500
3779.75000
3857.85000
3871.25000
3884.72500
3898.20000
3911.87500
3925.77500
3939.90000
3954.32500
3969.05000
3984.05000
3999.17500
4014.65000
4030.37500
4046.47500
4063.20000
4080.67500
4157.85000
4171.30000
4184.80000
4198.30000
4212.02500
4225.95000
4240.15000
4254.60000
4269.40000
4284.55000
4299.80000
4315.35000
4331.10000
4347.32500
4364.22500
4383.27500
4457.87500
4471.35000
4484.87500
4498.40000
4512.15000
4526.15000
4540.37500
4554.90000
4569.80000
4584.95000
4600.27500
4615.85000
4631.65000
4648.20000
4665.20000
4757.90000
4771.37500
4784.95000
4798.50000
4812.27500
4826.30000
4840.60000
4855.17500
4870.07500
4885.20000
4900.70000
4916.50000
4932.67500

