$ Stimulation Interval(ms): 300
$ Delay(ms): 234.921299
$ Number of data : 249
$ TSTOP : 5000
239.70000
252.72500
265.72500
278.75000
291.85000
305.12500
318.57500
332.20000
346.00000
360.02500
374.22500
388.62500
403.25000
418.10000
433.17500
448.47500
464.20000
480.40000
497.20000
542.45000
555.42500
568.50000
581.60000
594.82500
608.22500
621.80000
635.55000
649.50000
663.65000
678.00000
692.55000
707.32500
722.32500
737.60000
753.27500
769.25000
786.00000
842.42500
855.45000
868.60000
881.75000
895.05000
908.52500
922.17500
936.02500
950.05000
964.30000
978.75000
993.42500
1008.35000
1023.52500
1039.00000
1054.92500
1071.35000
1142.45000
1155.52500
1168.70000
1181.87500
1195.20000
1208.72500
1222.45000
1236.35000
1250.47500
1264.80000
1279.35000
1294.12500
1309.12500
1324.40000
1340.07500
1356.22500
1373.32500
1390.45000
1442.47500
1455.57500
1468.80000
1482.02500
1495.42500
1509.00000
1522.77500
1536.75000
1550.95000
1565.37500
1580.00000
1594.90000
1610.02500
1625.42500
1641.30000
1657.82500
1742.52500
1755.65000
1768.92500
1782.17500
1795.62500
1809.25000
1823.07500
1837.12500
1851.37500
1865.87500
1880.60000
1895.57500
1910.82500
1926.35000
1942.32500
1958.82500
2042.55000
2055.72500
2069.02500
2082.32500
2095.80000
2109.47500
2123.37500
2137.47500
2151.80000
2166.37500
2181.17500
2196.27500
2211.57500
2227.30000
2243.62500
2260.47500
2277.97500
2342.55000
2355.77500
2369.10000
2382.45000
2395.97500
2409.70000
2423.62500
2437.77500
2452.17500
2466.82500
2481.75000
2496.95000
2512.40000
2528.27500
2544.90000
2562.55000
2579.95000
2642.57500
2655.82500
2669.20000
2682.57500
2696.15000
2709.92500
2723.90000
2738.12500
2752.57500
2767.32500
2782.32500
2797.57500
2813.12500
2829.15000
2845.70000
2942.60000
2955.87500
2969.30000
2982.67500
2996.30000
3010.10000
3024.15000
3038.40000
3052.92500
3067.72500
3082.80000
3098.10000
3113.75000
3130.05000
3242.62500
3255.92500
3269.35000
3282.80000
3296.42500
3310.27500
3324.35000
3338.67500
3353.27500
3368.15000
3383.32500
3398.70000
3414.50000
3430.80000
3542.65000
3555.97500
3569.42500
3582.87500
3596.55000
3610.45000
3624.57500
3638.95000
3653.57500
3668.52500
3683.80000
3699.30000
3715.30000
3731.92500
3842.65000
3856.02500
3869.50000
3882.97500
3896.70000
3910.62500
3924.77500
3939.20000
3953.90000
3968.92500
3984.25000
3999.85000
4015.97500
4033.77500
4051.45000
4068.97500
4142.67500
4156.07500
4169.57500
4183.10000
4196.85000
4210.82500
4225.02500
4239.50000
4254.27500
4269.35000
4284.87500
4300.60000
4316.85000
4442.70000
4456.10000
4469.65000
4483.17500
4496.97500
4510.97500
4525.22500
4539.75000
4554.57500
4569.72500
4585.17500
4600.97500
4617.42500
4742.70000
4756.15000
4769.70000
4783.27500
4797.07500
4811.12500
4825.40000
4839.97500
4854.87500
4870.10000
4885.52500
4901.57500

