$ Stimulation Interval(ms): 300
$ Delay(ms): 244.234759
$ Number of data : 289
$ TSTOP : 5000
249.07500
262.07500
275.02500
287.95000
300.97500
314.15000
327.50000
341.00000
354.67500
368.52500
382.57500
396.82500
411.30000
426.00000
440.90000
456.02500
471.40000
486.97500
502.85000
519.42500
551.90000
564.82500
577.82500
590.82500
603.95000
617.22500
630.67500
644.30000
658.12500
672.12500
686.35000
700.80000
715.45000
730.30000
745.37500
760.62500
776.12500
791.90000
807.97500
851.85000
864.85000
877.90000
890.95000
904.15000
917.52500
931.05000
944.77500
958.67500
972.77500
987.10000
1001.65000
1016.45000
1031.37500
1046.52500
1061.82500
1077.42500
1093.30000
1109.42500
1151.85000
1164.90000
1178.00000
1191.10000
1204.35000
1217.77500
1231.37500
1245.15000
1259.12500
1273.32500
1287.72500
1302.37500
1317.22500
1332.27500
1347.50000
1362.92500
1378.70000
1394.67500
1411.17500
1451.85000
1464.92500
1478.07500
1491.22500
1504.55000
1518.02500
1531.67500
1545.52500
1559.55000
1573.82500
1588.32500
1603.05000
1617.92500
1633.07500
1648.37500
1663.85000
1679.72500
1695.90000
1712.82500
1751.87500
1765.00000
1778.20000
1791.37500
1804.75000
1818.27500
1832.00000
1845.90000
1860.00000
1874.35000
1888.95000
1903.75000
1918.72500
1933.85000
1949.27500
1964.92500
1981.00000
1997.27500
2014.40000
2051.95000
2065.10000
2078.35000
2091.57500
2104.97500
2118.55000
2132.32500
2146.30000
2160.47500
2174.90000
2189.57500
2204.42500
2219.50000
2234.77500
2250.25000
2266.07500
2282.15000
2298.37500
2351.97500
2365.17500
2378.45000
2391.70000
2405.15000
2418.77500
2432.60000
2446.62500
2460.85000
2475.35000
2490.07500
2504.97500
2520.10000
2535.50000
2551.12500
2567.12500
2583.12500
2599.37500
2652.00000
2665.22500
2678.55000
2691.85000
2705.32500
2719.00000
2732.87500
2746.95000
2761.25000
2775.80000
2790.57500
2805.57500
2820.70000
2836.15000
2851.87500
2867.97500
2884.22500
2900.87500
2952.02500
2965.30000
2978.62500
2991.97500
3005.50000
3019.20000
3033.12500
3047.25000
3061.62500
3076.25000
3091.12500
3106.12500
3121.40000
3136.75000
3152.60000
3168.75000
3185.12500
3202.25000
3252.05000
3265.35000
3278.72500
3292.10000
3305.67500
3319.42500
3333.40000
3347.57500
3362.00000
3376.72500
3391.60000
3406.70000
3421.97500
3437.60000
3453.52500
3469.62500
3486.20000
3504.00000
3552.07500
3565.42500
3578.82500
3592.22500
3605.82500
3619.62500
3633.65000
3647.90000
3662.37500
3677.10000
3692.07500
3707.25000
3722.62500
3738.32500
3754.40000
3770.62500
3787.30000
3804.80000
3852.10000
3865.47500
3878.92500
3892.35000
3906.00000
3919.85000
3933.90000
3948.20000
3962.77500
3977.55000
3992.55000
4007.75000
4023.15000
4038.87500
4054.97500
4071.27500
4088.15000
4152.12500
4165.50000
4178.97500
4192.45000
4206.12500
4220.02500
4234.12500
4248.47500
4263.10000
4277.97500
4293.07500
4308.30000
4323.75000
4339.52500
4355.60000
4372.05000
4452.15000
4465.55000
4479.05000
4492.55000
4506.27500
4520.20000
4534.35000
4548.75000
4563.42500
4578.30000
4593.35000
4608.57500
4624.05000
4639.95000
4656.17500
4672.82500
4690.77500
4752.15000
4765.60000
4779.12500
4792.65000
4806.42500
4820.37500
4834.57500
4849.02500
4863.75000
4878.65000
4893.80000
4909.22500
4924.80000
4940.82500
4957.05000
4973.75000

