$ Stimulation Interval(ms): 300
$ Delay(ms): 226.994548
$ Number of data : 268
$ TSTOP : 5000
231.75000
244.60000
257.52500
270.42500
283.45000
296.60000
309.90000
323.40000
337.05000
350.90000
364.92500
379.20000
393.70000
408.45000
423.45000
438.67500
454.27500
470.02500
486.22500
502.80000
520.17500
534.17500
547.10000
560.10000
573.10000
586.22500
599.50000
612.92500
626.55000
640.35000
654.35000
668.57500
683.05000
697.75000
712.72500
727.90000
743.42500
759.15000
775.25000
791.87500
809.07500
834.55000
847.40000
860.45000
873.47500
886.65000
900.00000
913.50000
927.20000
941.07500
955.15000
969.47500
984.02500
998.87500
1014.00000
1029.30000
1044.95000
1060.77500
1077.17500
1094.02500
1134.35000
1147.22500
1160.30000
1173.40000
1186.62500
1200.02500
1213.60000
1227.37500
1241.32500
1255.50000
1269.92500
1284.62500
1299.55000
1314.75000
1330.20000
1345.92500
1362.12500
1378.97500
1434.50000
1447.40000
1460.52500
1473.65000
1486.92500
1500.37500
1514.00000
1527.82500
1541.85000
1556.10000
1570.60000
1585.40000
1600.45000
1615.70000
1631.25000
1647.15000
1663.52500
1680.57500
1734.52500
1747.45000
1760.62500
1773.77500
1787.10000
1800.60000
1814.27500
1828.15000
1842.25000
1856.55000
1871.15000
1886.05000
1901.20000
1916.62500
1932.27500
1948.42500
1965.17500
1982.27500
2034.55000
2047.50000
2060.72500
2073.90000
2087.27500
2100.80000
2114.52500
2128.45000
2142.60000
2157.00000
2171.67500
2186.70000
2201.90000
2217.32500
2233.15000
2249.65000
2334.57500
2347.57500
2360.80000
2374.02500
2387.42500
2401.00000
2414.77500
2428.75000
2442.95000
2457.40000
2472.17500
2487.27500
2502.57500
2518.07500
2533.95000
2550.67500
2634.60000
2647.62500
2660.87500
2674.12500
2687.57500
2701.17500
2715.00000
2729.02500
2743.27500
2757.80000
2772.65000
2787.77500
2803.10000
2818.75000
2834.82500
2851.95000
2934.62500
2947.65000
2960.95000
2974.25000
2987.70000
3001.35000
3015.20000
3029.27500
3043.60000
3058.17500
3073.12500
3088.32500
3103.72500
3119.50000
3135.77500
3152.87500
3234.65000
3247.70000
3261.02500
3274.35000
3287.85000
3301.52500
3315.42500
3329.55000
3343.90000
3358.57500
3373.57500
3388.82500
3404.35000
3420.27500
3436.82500
3453.70000
3534.65000
3547.75000
3561.10000
3574.45000
3587.97500
3601.70000
3615.62500
3629.80000
3644.22500
3658.95000
3673.97500
3689.35000
3705.00000
3720.97500
3738.02500
3834.67500
3847.80000
3861.17500
3874.55000
3888.10000
3901.85000
3915.82500
3930.02500
3944.50000
3959.30000
3974.42500
3989.70000
4005.25000
4021.25000
4038.00000
4134.70000
4147.82500
4161.22500
4174.62500
4188.22500
4202.00000
4216.02500
4230.27500
4244.80000
4259.67500
4274.87500
4290.25000
4305.92500
4322.12500
4339.05000
4434.70000
4447.87500
4461.30000
4474.72500
4488.35000
4502.15000
4516.20000
4530.50000
4545.07500
4560.02500
4575.22500
4590.65000
4606.40000
4622.77500
4734.72500
4747.90000
4761.35000
4774.80000
4788.45000
4802.30000
4816.37500
4830.72500
4845.35000
4860.37500
4875.65000
4891.22500
4907.02500
4923.17500
4940.12500

