$ Stimulation Interval(ms): 300
$ Delay(ms): 17.581766
$ Number of data : 85
$ TSTOP : 5000
23.55000
33.40000
42.12500
50.27500
58.10000
65.72500
73.22500
80.70000
88.15000
95.57500
103.00000
110.47500
117.95000
125.47500
133.02500
140.62500
148.25000
155.95000
163.67500
171.47500
179.30000
187.20000
195.15000
203.17500
213.85000
1405.77500
1691.60000
1708.57500
1991.92500
2007.97500
2277.22500
2294.20000
2309.62500
2576.37500
2593.35000
2612.12500
2862.75000
2879.05000
2894.27500
2907.95000
3162.90000
3179.02500
3193.70000
3203.20000
3216.17500
3451.57500
3467.35000
3480.55000
3495.00000
3504.30000
3517.15000
3748.42500
3763.80000
3779.20000
3792.35000
3801.20000
3811.67500
4048.32500
4064.07500
4079.40000
4093.50000
4102.15000
4112.17500
4334.22500
4350.55000
4365.42500
4379.32500
4388.20000
4398.12500
4406.82500
4417.77500
4634.75000
4650.42500
4664.17500
4676.57500
4686.10000
4695.07500
4703.60000
4715.17500
4933.72500
4950.57500
4966.37500
4981.02500
4989.77500
4998.22500

