$ Stimulation Interval(ms): 300
$ Delay(ms): 18.462124
$ Number of data : 142
$ TSTOP : 5000
24.42500
34.27500
43.00000
51.15000
58.97500
66.57500
74.10000
81.57500
89.00000
96.42500
103.87500
111.32500
118.82500
126.32500
133.90000
141.47500
149.12500
156.80000
164.55000
172.32500
180.17500
188.07500
196.02500
204.02500
215.35000
775.07500
796.25000
807.87500
1076.22500
1092.65000
1107.07500
1361.07500
1378.80000
1394.15000
1405.62500
1661.60000
1677.92500
1689.77500
1701.67500
1956.75000
1970.70000
1980.70000
1990.97500
2002.27500
2247.95000
2264.90000
2276.10000
2287.25000
2296.37500
2306.52500
2527.85000
2548.70000
2563.25000
2574.40000
2586.70000
2595.60000
2605.77500
2619.17500
2818.22500
2835.10000
2850.05000
2863.00000
2875.17500
2888.20000
2897.45000
2907.42500
2923.55000
3129.57500
3144.85000
3158.82500
3169.32500
3179.52500
3190.57500
3199.55000
3209.25000
3403.87500
3428.82500
3443.40000
3458.30000
3468.95000
3478.50000
3489.30000
3497.82500
3506.95000
3520.90000
3704.65000
3721.00000
3735.95000
3748.70000
3761.02500
3773.32500
3782.65000
3792.22500
3800.70000
3809.95000
4000.55000
4019.15000
4033.12500
4045.92500
4057.77500
4066.95000
4076.40000
4085.32500
4094.25000
4102.65000
4117.50000
4300.72500
4317.05000
4331.17500
4344.05000
4352.85000
4362.67500
4374.90000
4383.32500
4391.62500
4399.90000
4408.15000
4421.82500
4585.52500
4605.30000
4617.87500
4631.47500
4643.15000
4652.20000
4662.95000
4674.62500
4682.97500
4691.17500
4699.45000
4707.65000
4720.82500
4885.70000
4902.55000
4918.20000
4931.85000
4944.50000
4953.00000
4963.25000
4971.55000
4980.55000
4988.87500
4997.07500

