$ Stimulation Interval(ms): 300
$ Delay(ms): 234.595283
$ Number of data : 276
$ TSTOP : 5000
239.42500
252.57500
265.67500
278.77500
291.97500
305.37500
318.95000
332.72500
346.72500
360.95000
375.42500
390.17500
405.22500
420.50000
436.02500
451.90000
467.90000
484.00000
500.62500
542.17500
555.25000
568.42500
581.62500
594.97500
608.50000
622.22500
636.15000
650.32500
664.77500
679.50000
694.50000
709.82500
725.37500
741.32500
757.32500
773.45000
789.90000
806.52500
842.37500
855.50000
868.75000
881.97500
895.40000
908.97500
922.77500
936.80000
951.07500
965.60000
980.42500
995.57500
1011.00000
1026.67500
1042.57500
1058.62500
1075.35000
1092.05000
1109.52500
1142.45000
1155.62500
1168.92500
1182.22500
1195.70000
1209.37500
1223.27500
1237.42500
1251.82500
1266.50000
1281.47500
1296.75000
1312.32500
1327.95000
1343.82500
1359.82500
1376.40000
1393.00000
1410.55000
1442.32500
1455.55000
1468.90000
1482.25000
1495.80000
1509.52500
1523.50000
1537.72500
1552.22500
1567.02500
1582.15000
1597.57500
1613.00000
1628.67500
1644.65000
1661.10000
1677.77500
1694.85000
1712.10000
1742.10000
1755.40000
1768.77500
1782.17500
1795.77500
1809.57500
1823.62500
1837.92500
1852.52500
1867.45000
1882.70000
1898.17500
1913.67500
1929.37500
1945.35000
1962.00000
1979.12500
1996.25000
2042.42500
2055.72500
2069.17500
2082.60000
2096.25000
2110.12500
2124.25000
2138.62500
2153.32500
2168.35000
2183.70000
2199.07500
2214.70000
2230.57500
2246.70000
2263.15000
2280.30000
2298.50000
2342.42500
2355.77500
2369.25000
2382.72500
2396.42500
2410.35000
2424.52500
2439.00000
2453.77500
2468.92500
2484.32500
2499.72500
2515.37500
2531.20000
2547.60000
2564.37500
2581.07500
2597.82500
2642.45000
2655.85000
2669.35000
2682.87500
2696.62500
2710.62500
2724.85000
2739.40000
2754.27500
2769.52500
2785.05000
2800.42500
2816.07500
2832.02500
2848.27500
2942.45000
2955.87500
2969.42500
2982.97500
2996.77500
3010.80000
3025.10000
3039.70000
3054.67500
3070.00000
3085.40000
3100.92500
3116.72500
3132.80000
3149.40000
3166.10000
3183.25000
3242.47500
3255.92500
3269.52500
3283.10000
3296.95000
3311.02500
3325.40000
3340.10000
3355.15000
3370.55000
3385.92500
3401.52500
3417.45000
3433.47500
3449.80000
3466.35000
3484.12500
3542.50000
3556.00000
3569.62500
3583.22500
3597.12500
3611.27500
3625.70000
3640.47500
3655.62500
3671.05000
3686.47500
3702.17500
3718.02500
3734.17500
3751.52500
3768.17500
3785.12500
3842.52500
3856.05000
3869.70000
3883.35000
3897.30000
3911.50000
3926.00000
3940.85000
3956.10000
3971.60000
3986.90000
4002.62500
4018.47500
4034.90000
4051.90000
4068.35000
4142.55000
4156.10000
4169.77500
4183.47500
4197.45000
4211.70000
4226.25000
4241.20000
4256.55000
4272.12500
4287.50000
4303.37500
4319.22500
4335.87500
4352.55000
4369.52500
4442.55000
4456.15000
4469.87500
4483.57500
4497.60000
4511.92500
4526.55000
4541.57500
4557.02500
4572.37500
4587.82500
4603.87500
4619.60000
4635.80000
4652.52500
4669.97500
4742.57500
4756.20000
4769.95000
4783.70000
4797.77500
4812.12500
4826.82500
4841.95000
4857.35000
4872.72500
4888.35000
4904.25000
4920.62500

