$ Stimulation Interval(ms): 300
$ Delay(ms): 31.724716
$ Number of data : 110
$ TSTOP : 5000
37.62500
47.42500
56.12500
64.27500
72.10000
79.70000
87.22500
94.67500
102.12500
109.55000
116.97500
124.45000
131.92500
139.45000
147.00000
154.57500
162.22500
169.90000
177.65000
185.42500
193.27500
201.17500
209.85000
806.47500
1091.72500
1108.25000
1385.20000
1400.97500
1677.35000
1694.27500
1705.15000
1963.10000
1978.77500
1990.40000
2003.82500
2260.87500
2273.80000
2287.75000
2303.25000
2312.82500
2548.15000
2572.70000
2588.30000
2596.97500
2606.92500
2618.60000
2846.27500
2863.12500
2875.40000
2890.22500
2898.95000
2908.40000
3134.42500
3159.35000
3175.17500
3190.65000
3199.25000
3208.72500
3432.60000
3447.77500
3460.30000
3474.35000
3483.00000
3492.72500
3501.27500
3510.22500
3732.30000
3748.85000
3760.97500
3774.67500
3783.25000
3793.20000
3801.77500
3810.52500
4032.97500
4047.95000
4060.12500
4075.72500
4084.22500
4093.97500
4102.37500
4110.90000
4319.87500
4334.45000
4347.62500
4361.20000
4369.82500
4379.45000
4387.97500
4396.95000
4405.35000
4417.62500
4617.67500
4632.75000
4647.10000
4661.37500
4670.00000
4679.45000
4687.87500
4696.72500
4705.00000
4717.52500
4919.17500
4935.02500
4949.22500
4961.45000
4969.87500
4979.55000
4987.90000
4996.10000

