$ Stimulation Interval(ms): 300
$ Delay(ms): 246.706120
$ Number of data : 247
$ TSTOP : 5000
251.62500
264.70000
277.75000
290.80000
303.95000
317.27500
330.75000
344.37500
358.17500
372.15000
386.32500
400.67500
415.25000
430.07500
445.20000
460.65000
476.25000
492.32500
508.95000
554.42500
567.47500
580.60000
593.75000
607.05000
620.50000
634.12500
647.92500
661.87500
676.02500
690.35000
704.87500
719.65000
734.70000
750.07500
765.55000
781.42500
797.80000
854.45000
867.52500
880.72500
893.90000
907.22500
920.72500
934.40000
948.25000
962.30000
976.52500
990.97500
1005.62500
1020.60000
1035.92500
1051.37500
1067.12500
1083.27500
1100.52500
1154.47500
1167.60000
1180.80000
1194.00000
1207.37500
1220.92500
1234.62500
1248.50000
1262.60000
1276.90000
1291.37500
1306.12500
1321.20000
1336.60000
1352.15000
1368.02500
1384.92500
1401.77500
1454.50000
1467.65000
1480.92500
1494.17500
1507.60000
1521.20000
1534.95000
1548.90000
1563.07500
1577.45000
1592.05000
1606.92500
1622.12500
1637.50000
1653.32500
1669.60000
1754.52500
1767.72500
1781.02500
1794.32500
1807.80000
1821.42500
1835.25000
1849.25000
1863.47500
1877.92500
1892.60000
1907.60000
1922.87500
1938.32500
1954.35000
1970.77500
2054.55000
2067.80000
2081.12500
2094.45000
2107.95000
2121.65000
2135.50000
2149.57500
2163.87500
2178.37500
2193.12500
2208.20000
2223.60000
2239.15000
2255.27500
2272.15000
2354.57500
2367.85000
2381.22500
2394.57500
2408.12500
2421.82500
2435.75000
2449.87500
2464.20000
2478.77500
2493.60000
2508.72500
2524.05000
2539.75000
2556.12500
2654.60000
2667.90000
2681.30000
2694.67500
2708.25000
2722.00000
2735.95000
2750.12500
2764.52500
2779.15000
2794.02500
2809.22500
2824.62500
2840.52500
2857.55000
2954.62500
2967.95000
2981.37500
2994.77500
3008.40000
3022.17500
3036.17500
3050.40000
3064.85000
3079.52500
3094.52500
3109.85000
3125.35000
3141.35000
3254.65000
3268.00000
3281.45000
3294.87500
3308.52500
3322.35000
3336.37500
3350.65000
3365.12500
3379.87500
3394.87500
3410.25000
3425.87500
3442.37500
3554.65000
3568.02500
3581.50000
3594.97500
3608.65000
3622.50000
3636.57500
3650.87500
3665.42500
3680.20000
3695.27500
3710.65000
3726.35000
3742.70000
3854.67500
3868.07500
3881.57500
3895.07500
3908.77500
3922.67500
3936.77500
3951.12500
3965.70000
3980.55000
3995.65000
4011.05000
4026.70000
4043.17500
4154.70000
4168.12500
4181.65000
4195.15000
4208.90000
4222.82500
4236.97500
4251.37500
4266.00000
4280.87500
4296.05000
4311.42500
4327.22500
4454.70000
4468.15000
4481.70000
4495.25000
4509.00000
4522.97500
4537.17500
4551.60000
4566.27500
4581.17500
4596.42500
4611.92500
4627.87500
4754.72500
4768.20000
4781.77500
4795.32500
4809.12500
4823.12500
4837.35000
4851.80000
4866.50000
4881.47500
4896.72500
4912.22500
4928.25000
4945.32500

