$ Stimulation Interval(ms): 300
$ Delay(ms): 42.072290
$ Number of data : 92
$ TSTOP : 5000
47.92500
57.72500
66.40000
74.55000
82.35000
89.97500
97.47500
104.95000
112.37500
119.80000
127.25000
134.70000
142.17500
149.70000
157.25000
164.85000
172.47500
180.17500
187.90000
195.67500
203.52500
213.17500
227.80000
1120.17500
1419.27500
1705.05000
1730.95000
1990.32500
2006.00000
2020.05000
2290.27500
2306.20000
2316.85000
2331.62500
2574.87500
2591.55000
2605.52500
2616.52500
2631.47500
2876.17500
2890.75000
2906.57500
2917.30000
2931.77500
3177.22500
3191.72500
3201.85000
3211.97500
3230.90000
3461.32500
3477.70000
3493.10000
3502.05000
3511.90000
3530.85000
3761.37500
3775.65000
3791.45000
3800.05000
3808.85000
3818.02500
3831.62500
4050.67500
4063.65000
4077.32500
4086.50000
4095.47500
4103.92500
4112.65000
4130.85000
4351.17500
4364.20000
4378.12500
4387.22500
4396.55000
4404.90000
4413.87500
4430.90000
4648.20000
4661.32500
4676.02500
4685.45000
4694.30000
4702.57500
4711.50000
4730.95000
4937.50000
4950.40000
4964.62500
4979.20000
4987.62500
4995.80000

