$ Stimulation Interval(ms): 300
$ Delay(ms): 238.394134
$ Number of data : 278
$ TSTOP : 5000
243.20000
256.22500
269.22500
282.17500
295.25000
308.45000
321.82500
335.35000
349.07500
363.00000
377.12500
391.47500
406.07500
420.92500
436.02500
451.42500
467.07500
483.07500
499.42500
516.32500
545.37500
558.35000
571.37500
584.40000
597.57500
610.87500
624.37500
638.05000
651.92500
666.00000
680.30000
694.85000
709.67500
724.70000
740.02500
755.62500
771.55000
788.02500
804.92500
845.90000
858.92500
872.02500
885.10000
898.35000
911.75000
925.32500
939.10000
953.07500
967.27500
981.72500
996.42500
1011.40000
1026.57500
1042.10000
1057.97500
1074.65000
1091.62500
1146.00000
1159.05000
1172.17500
1185.30000
1198.60000
1212.02500
1225.65000
1239.47500
1253.52500
1267.80000
1282.32500
1297.12500
1312.12500
1327.37500
1343.00000
1359.00000
1375.37500
1391.77500
1408.72500
1446.00000
1459.12500
1472.30000
1485.47500
1498.80000
1512.30000
1525.97500
1539.87500
1554.00000
1568.37500
1583.00000
1597.92500
1613.00000
1628.42500
1644.20000
1660.50000
1677.40000
1694.65000
1711.92500
1746.20000
1759.35000
1772.57500
1785.77500
1799.15000
1812.70000
1826.45000
1840.42500
1854.62500
1869.07500
1883.82500
1898.77500
1913.97500
1929.45000
1945.27500
1961.70000
1978.47500
1995.35000
2012.25000
2046.22500
2059.40000
2072.67500
2085.90000
2099.32500
2112.92500
2126.72500
2140.75000
2155.02500
2169.57500
2184.40000
2199.42500
2214.70000
2230.35000
2246.37500
2262.67500
2279.10000
2295.70000
2346.10000
2359.30000
2372.60000
2385.90000
2399.35000
2413.00000
2426.87500
2440.95000
2455.30000
2469.92500
2484.82500
2499.87500
2515.30000
2531.15000
2547.57500
2564.22500
2581.30000
2597.85000
2646.15000
2659.37500
2672.72500
2686.02500
2699.52500
2713.22500
2727.15000
2741.30000
2755.72500
2770.42500
2785.42500
2800.50000
2815.95000
2831.95000
2848.20000
2865.32500
2882.47500
2946.15000
2959.42500
2972.77500
2986.12500
2999.67500
3013.42500
3027.37500
3041.60000
3056.07500
3070.85000
3085.82500
3101.02500
3116.57500
3132.55000
3149.05000
3165.82500
3183.05000
3246.17500
3259.47500
3272.87500
3286.25000
3299.82500
3313.62500
3327.62500
3341.90000
3356.45000
3371.30000
3386.30000
3401.57500
3417.27500
3433.25000
3449.37500
3465.97500
3483.47500
3546.20000
3559.52500
3572.95000
3586.35000
3599.97500
3613.80000
3627.87500
3642.20000
3656.82500
3671.70000
3686.75000
3702.12500
3718.00000
3734.15000
3751.05000
3767.62500
3785.22500
3846.22500
3859.57500
3873.02500
3886.47500
3900.12500
3914.00000
3928.12500
3942.50000
3957.17500
3972.12500
3987.22500
4002.75000
4018.80000
4035.45000
4052.35000
4069.20000
4146.22500
4159.62500
4173.10000
4186.57500
4200.27500
4214.17500
4228.32500
4242.77500
4257.52500
4272.55000
4287.72500
4303.35000
4319.50000
4336.40000
4353.35000
4370.27500
4446.25000
4459.67500
4473.17500
4486.67500
4500.40000
4514.35000
4528.55000
4543.05000
4557.87500
4572.77500
4587.97500
4603.70000
4619.60000
4635.82500
4652.47500
4746.27500
4759.70000
4773.25000
4786.75000
4800.52500
4814.52500
4828.77500
4843.30000
4858.17500
4873.17500
4888.45000
4904.35000
4921.02500

