$ Stimulation Interval(ms): 300
$ Delay(ms): 213.234397
$ Number of data : 235
$ TSTOP : 5000
217.97500
230.75000
243.57500
256.60000
269.75000
283.02500
296.47500
310.10000
323.87500
337.85000
352.02500
366.40000
381.00000
395.85000
410.97500
426.47500
442.35000
459.05000
520.67500
533.40000
546.32500
559.40000
572.65000
586.05000
599.62500
613.35000
627.27500
641.40000
655.72500
670.27500
685.07500
700.15000
715.60000
731.45000
748.95000
820.70000
833.47500
846.42500
859.57500
872.87500
886.35000
899.97500
913.80000
927.80000
942.02500
956.45000
971.10000
986.02500
1001.25000
1016.92500
1033.12500
1120.67500
1133.47500
1146.45000
1159.62500
1172.97500
1186.50000
1200.17500
1214.05000
1228.12500
1242.40000
1256.90000
1271.67500
1286.70000
1302.10000
1317.80000
1334.25000
1420.75000
1433.55000
1446.55000
1459.80000
1473.17500
1486.75000
1500.47500
1514.42500
1528.55000
1542.92500
1557.50000
1572.35000
1587.47500
1603.00000
1618.90000
1636.20000
1720.80000
1733.62500
1746.67500
1759.92500
1773.37500
1786.97500
1800.77500
1814.75000
1828.95000
1843.37500
1858.02500
1872.97500
1888.22500
1903.80000
1919.82500
1937.00000
2020.82500
2033.70000
2046.75000
2060.05000
2073.52500
2087.17500
2101.02500
2115.05000
2129.30000
2143.80000
2158.52500
2173.55000
2188.92500
2204.70000
2221.60000
2320.82500
2333.72500
2346.80000
2360.15000
2373.65000
2387.35000
2401.22500
2415.32500
2429.62500
2444.17500
2459.00000
2474.12500
2489.55000
2505.52500
2620.80000
2633.72500
2646.85000
2660.20000
2673.75000
2687.47500
2701.40000
2715.55000
2729.90000
2744.50000
2759.40000
2774.60000
2790.15000
2806.35000
2920.82500
2933.77500
2946.90000
2960.30000
2973.87500
2987.65000
3001.60000
3015.77500
3030.20000
3044.85000
3059.80000
3075.10000
3090.75000
3106.95000
3220.85000
3233.80000
3246.97500
3260.40000
3274.00000
3287.80000
3301.80000
3316.02500
3330.47500
3345.20000
3360.22500
3375.60000
3391.42500
3408.05000
3520.87500
3533.85000
3547.02500
3560.47500
3574.12500
3587.95000
3602.00000
3616.25000
3630.77500
3645.55000
3660.65000
3676.07500
3692.10000
3820.87500
3833.87500
3847.10000
3860.55000
3874.22500
3888.07500
3902.15000
3916.47500
3931.02500
3945.85000
3961.02500
3976.55000
3992.90000
4120.90000
4133.90000
4147.15000
4160.62500
4174.32500
4188.22500
4202.32500
4216.67500
4231.27500
4246.17500
4261.42500
4277.02500
4294.32500
4420.90000
4433.95000
4447.20000
4460.72500
4474.42500
4488.35000
4502.50000
4516.90000
4531.55000
4546.50000
4561.80000
4577.45000
4593.80000
4720.92500
4733.97500
4747.25000
4760.80000
4774.55000
4788.50000
4802.67500
4817.10000
4831.80000
4846.80000
4862.12500
4877.87500
4894.35000

