$ Stimulation Interval(ms): 300
$ Delay(ms): 210.215429
$ Number of data : 254
$ TSTOP : 5000
214.90000
227.72500
240.55000
253.50000
266.55000
279.77500
293.15000
306.72500
320.47500
334.42500
348.60000
363.00000
377.62500
392.50000
407.62500
423.05000
438.72500
454.75000
471.27500
517.70000
530.47500
543.37500
556.37500
569.55000
582.87500
596.37500
610.07500
623.97500
638.07500
652.42500
667.00000
681.82500
696.92500
712.27500
727.90000
743.87500
760.17500
777.35000
817.57500
830.42500
843.35000
856.42500
869.67500
883.07500
896.67500
910.45000
924.47500
938.70000
953.17500
967.90000
982.87500
998.15000
1013.75000
1029.57500
1045.67500
1062.25000
1117.72500
1130.55000
1143.52500
1156.62500
1169.92500
1183.40000
1197.07500
1210.95000
1225.02500
1239.35000
1253.90000
1268.70000
1283.80000
1299.15000
1314.80000
1330.75000
1347.12500
1417.77500
1430.62500
1443.62500
1456.77500
1470.12500
1483.65000
1497.35000
1511.30000
1525.45000
1539.82500
1554.47500
1569.40000
1584.62500
1600.15000
1615.92500
1632.05000
1648.65000
1717.80000
1730.70000
1743.72500
1756.92500
1770.32500
1783.90000
1797.67500
1811.67500
1825.90000
1840.35000
1855.07500
1870.10000
1885.45000
1901.05000
1917.07500
1933.20000
1950.27500
2017.82500
2030.75000
2043.82500
2057.07500
2070.50000
2084.12500
2097.95000
2112.00000
2126.30000
2140.82500
2155.62500
2170.75000
2186.22500
2201.97500
2218.10000
2234.57500
2317.77500
2330.72500
2343.82500
2357.10000
2370.57500
2384.22500
2398.12500
2412.22500
2426.57500
2441.17500
2456.07500
2471.30000
2486.90000
2502.77500
2519.02500
2536.50000
2617.80000
2630.77500
2643.90000
2657.20000
2670.72500
2684.42500
2698.35000
2712.52500
2726.92500
2741.60000
2756.57500
2771.92500
2787.60000
2803.65000
2819.85000
2917.82500
2930.82500
2943.97500
2957.32500
2970.87500
2984.62500
2998.60000
3012.80000
3027.27500
3042.02500
3057.07500
3072.52500
3088.25000
3104.20000
3120.77500
3217.85000
3230.85000
3244.02500
3257.40000
3271.00000
3284.77500
3298.80000
3313.07500
3327.60000
3342.40000
3357.55000
3373.10000
3389.00000
3405.15000
3422.25000
3517.85000
3530.87500
3544.10000
3557.50000
3571.12500
3584.95000
3599.02500
3613.32500
3627.90000
3642.77500
3658.00000
3673.57500
3689.67500
3706.17500
3817.87500
3830.92500
3844.15000
3857.60000
3871.25000
3885.12500
3899.22500
3913.57500
3928.20000
3943.15000
3958.45000
3974.15000
3990.10000
4006.37500
4117.87500
4130.95000
4144.22500
4157.67500
4171.37500
4185.27500
4199.42500
4213.82500
4228.50000
4243.50000
4258.92500
4274.75000
4290.77500
4307.37500
4417.90000
4431.00000
4444.27500
4457.77500
4471.50000
4485.42500
4499.62500
4514.07500
4528.80000
4543.87500
4559.37500
4575.05000
4591.17500
4608.45000
4717.92500
4731.02500
4744.32500
4757.85000
4771.60000
4785.57500
4799.82500
4814.30000
4829.10000
4844.25000
4859.87500
4875.65000
4892.12500
4909.57500

