$ Stimulation Interval(ms): 300
$ Delay(ms): 45.179926
$ Number of data : 138
$ TSTOP : 5000
51.02500
60.80000
69.50000
77.62500
85.45000
93.05000
100.57500
108.02500
115.47500
122.90000
130.32500
137.77500
145.27500
152.77500
160.32500
167.92500
175.57500
183.25000
190.97500
198.77500
211.40000
228.65000
533.17500
784.15000
802.12500
820.82500
1075.37500
1091.22500
1106.15000
1119.62500
1361.92500
1385.75000
1401.85000
1419.40000
1433.77500
1656.70000
1674.00000
1689.05000
1705.15000
1720.02500
1734.22500
1942.30000
1973.57500
1989.30000
2003.52500
2020.02500
2033.65000
2242.70000
2259.47500
2274.87500
2290.27500
2304.00000
2317.00000
2332.42500
2527.57500
2544.77500
2560.82500
2575.80000
2591.22500
2605.85000
2617.67500
2632.60000
2827.77500
2845.00000
2861.05000
2876.00000
2890.22500
2900.17500
2916.85000
2932.42500
3128.85000
3146.12500
3161.00000
3176.82500
3191.07500
3200.45000
3216.37500
3232.30000
3415.85000
3445.72500
3461.17500
3477.37500
3486.52500
3495.80000
3504.15000
3516.90000
3532.35000
3714.15000
3730.95000
3746.62500
3761.50000
3775.72500
3790.97500
3799.42500
3808.22500
3818.20000
3832.55000
4014.57500
4031.22500
4047.22500
4060.62500
4075.57500
4084.75000
4093.72500
4102.00000
4116.30000
4132.15000
4315.10000
4331.30000
4346.80000
4363.07500
4376.95000
4386.00000
4395.25000
4403.40000
4416.42500
4432.17500
4602.02500
4616.95000
4632.02500
4647.45000
4661.67500
4671.87500
4681.12500
4689.32500
4698.25000
4706.45000
4717.27500
4732.37500
4900.52500
4916.52500
4932.27500
4948.72500
4963.17500
4971.62500
4980.65000
4988.82500
4996.87500

