$ Stimulation Interval(ms): 300
$ Delay(ms): 210.608339
$ Number of data : 245
$ TSTOP : 5000
215.32500
228.12500
240.90000
253.87500
266.95000
280.20000
293.62500
307.20000
321.00000
334.97500
349.15000
363.55000
378.17500
393.02500
408.15000
423.52500
439.10000
455.10000
471.85000
518.05000
530.82500
543.70000
556.75000
569.95000
583.32500
596.85000
610.57500
624.50000
638.62500
652.95000
667.52500
682.32500
697.37500
712.70000
728.22500
744.15000
760.87500
818.02500
830.85000
843.75000
856.85000
870.10000
883.52500
897.15000
910.95000
924.97500
939.20000
953.67500
968.37500
983.32500
998.55000
1014.02500
1029.65000
1045.70000
1062.42500
1118.07500
1130.90000
1143.82500
1157.00000
1170.30000
1183.80000
1197.50000
1211.37500
1225.45000
1239.77500
1254.30000
1269.07500
1284.12500
1299.42500
1315.00000
1330.92500
1347.80000
1418.15000
1431.00000
1443.97500
1457.17500
1470.52500
1484.07500
1497.82500
1511.77500
1525.92500
1540.32500
1554.92500
1569.82500
1585.00000
1600.45000
1616.10000
1632.30000
1718.22500
1731.10000
1744.10000
1757.35000
1770.75000
1784.37500
1798.17500
1812.17500
1826.40000
1840.85000
1855.55000
1870.52500
1885.82500
1901.32500
1917.15000
1933.77500
2018.25000
2031.15000
2044.17500
2057.47500
2070.92500
2084.57500
2098.42500
2112.50000
2126.77500
2141.30000
2156.07500
2171.12500
2186.55000
2202.12500
2218.17500
2318.15000
2331.07500
2344.15000
2357.45000
2370.95000
2384.62500
2398.52500
2412.65000
2426.97500
2441.57500
2456.40000
2471.57500
2487.00000
2502.65000
2518.97500
2618.17500
2631.12500
2644.20000
2657.55000
2671.07500
2684.80000
2698.75000
2712.90000
2727.30000
2741.92500
2756.85000
2772.10000
2787.55000
2803.35000
2820.17500
2918.20000
2931.17500
2944.27500
2957.65000
2971.22500
2985.00000
2998.97500
3013.20000
3027.65000
3042.35000
3057.35000
3072.70000
3088.30000
3104.32500
3218.20000
3231.20000
3244.35000
3257.75000
3271.35000
3285.15000
3299.17500
3313.45000
3327.95000
3342.70000
3357.77500
3373.25000
3388.90000
3405.15000
3518.22500
3531.22500
3544.40000
3557.82500
3571.47500
3585.32500
3599.37500
3613.67500
3628.22500
3643.05000
3658.20000
3673.52500
3689.32500
3705.95000
3818.22500
3831.27500
3844.45000
3857.92500
3871.60000
3885.47500
3899.57500
3913.92500
3928.52500
3943.40000
3958.60000
3974.02500
3989.72500
4006.17500
4118.25000
4131.30000
4144.52500
4158.00000
4171.70000
4185.62500
4199.77500
4214.15000
4228.80000
4243.72500
4259.02500
4274.52500
4290.35000
4307.25000
4418.27500
4431.35000
4444.57500
4458.10000
4471.82500
4485.80000
4499.97500
4514.40000
4529.10000
4544.10000
4559.45000
4575.12500
4591.12500
4718.27500
4731.37500
4744.65000
4758.17500
4771.95000
4785.92500
4800.15000
4814.62500
4829.35000
4844.40000
4859.77500
4875.45000
4891.92500

