$ Stimulation Interval(ms): 300
$ Delay(ms): 200.854390
$ Number of data : 212
$ TSTOP : 5000
205.52500
218.30000
231.05000
243.85000
256.92500
270.17500
283.57500
297.15000
310.90000
324.85000
339.02500
353.45000
368.10000
383.05000
398.37500
414.22500
508.35000
521.15000
533.97500
546.87500
560.05000
573.40000
586.92500
600.62500
614.52500
628.65000
643.02500
657.65000
672.55000
687.82500
703.75000
808.30000
821.12500
833.97500
846.90000
860.12500
873.52500
887.10000
900.87500
914.82500
929.00000
943.42500
958.12500
973.17500
988.67500
1005.22500
1108.32500
1121.12500
1134.00000
1146.95000
1160.22500
1173.67500
1187.30000
1201.10000
1215.15000
1229.42500
1243.95000
1258.80000
1273.97500
1289.60000
1306.52500
1408.35000
1421.20000
1434.10000
1447.07500
1460.40000
1473.90000
1487.57500
1501.45000
1515.55000
1529.90000
1544.52500
1559.42500
1574.75000
1590.70000
1708.32500
1721.25000
1734.17500
1747.17500
1760.52500
1774.05000
1787.77500
1801.70000
1815.85000
1830.25000
1844.95000
1859.97500
1875.42500
1891.80000
2008.32500
2021.25000
2034.20000
2047.25000
2060.62500
2074.20000
2087.97500
2101.95000
2116.15000
2130.62500
2145.37500
2160.52500
2176.12500
2308.37500
2321.25000
2334.22500
2347.27500
2360.70000
2374.30000
2388.10000
2402.12500
2416.37500
2430.90000
2445.75000
2460.95000
2476.75000
2608.40000
2621.30000
2634.30000
2647.37500
2660.82500
2674.47500
2688.30000
2702.37500
2716.67500
2731.25000
2746.17500
2761.50000
2777.55000
2908.45000
2921.35000
2934.37500
2947.47500
2960.97500
2974.65000
2988.52500
3002.62500
3016.97500
3031.62500
3046.62500
3062.10000
3078.55000
3208.47500
3221.40000
3234.42500
3247.55000
3261.07500
3274.77500
3288.70000
3302.82500
3317.25000
3331.95000
3347.02500
3362.62500
3508.45000
3521.40000
3534.45000
3547.62500
3561.15000
3574.87500
3588.82500
3603.02500
3617.47500
3632.25000
3647.40000
3663.12500
3808.45000
3821.40000
3834.47500
3847.65000
3861.22500
3874.97500
3888.95000
3903.17500
3917.67500
3932.50000
3947.75000
3963.65000
4108.42500
4121.40000
4134.50000
4147.70000
4161.27500
4175.07500
4189.07500
4203.32500
4217.87500
4232.75000
4248.07500
4264.22500
4408.45000
4421.45000
4434.55000
4447.77500
4461.37500
4475.20000
4489.25000
4503.55000
4518.12500
4533.07500
4548.50000
4565.10000
4708.47500
4721.47500
4734.60000
4747.82500
4761.47500
4775.32500
4789.40000
4803.72500
4818.37500
4833.37500
4848.90000

