$ Stimulation Interval(ms): 300
$ Delay(ms): 15.330667
$ Number of data : 76
$ TSTOP : 5000
21.32500
31.17500
39.90000
48.05000
55.87500
63.50000
71.02500
78.47500
85.92500
93.35000
100.80000
108.25000
115.72500
123.25000
130.80000
138.40000
146.05000
153.72500
161.47500
169.25000
177.10000
185.00000
192.95000
200.95000
209.50000
228.50000
1708.40000
1996.10000
2008.80000
2291.77500
2307.85000
2317.65000
2592.70000
2610.75000
2879.77500
2895.67500
2910.05000
3177.92500
3193.80000
3209.57500
3463.32500
3479.35000
3494.45000
3503.67500
3514.20000
3762.60000
3777.72500
3791.95000
3800.75000
3810.45000
3832.92500
4062.92500
4077.57500
4086.87500
4096.27500
4105.00000
4114.82500
4352.97500
4366.80000
4380.45000
4389.80000
4399.27500
4408.05000
4417.12500
4649.45000
4663.50000
4677.27500
4686.65000
4696.12500
4704.60000
4714.10000
4949.92500
4965.57500
4980.75000
4989.52500
4998.00000

