$ Stimulation Interval(ms): 300
$ Delay(ms): 242.820867
$ Number of data : 252
$ TSTOP : 5000
247.67500
260.77500
273.80000
286.85000
300.02500
313.35000
326.82500
340.50000
354.35000
368.40000
382.70000
397.27500
412.17500
427.45000
443.32500
550.40000
563.42500
576.52500
589.62500
602.90000
616.32500
629.90000
643.70000
657.67500
671.90000
686.40000
701.20000
716.37500
732.07500
850.42500
863.47500
876.62500
889.77500
903.07500
916.52500
930.15000
943.97500
958.00000
972.25000
986.77500
1001.57500
1016.67500
1032.02500
1047.80000
1064.30000
1150.47500
1163.60000
1176.80000
1190.00000
1203.37500
1216.92500
1230.62500
1244.55000
1258.67500
1273.05000
1287.72500
1302.70000
1318.07500
1333.75000
1350.30000
1450.50000
1463.65000
1476.90000
1490.15000
1503.55000
1517.12500
1530.90000
1544.85000
1559.02500
1573.47500
1588.20000
1603.20000
1618.40000
1633.92500
1649.75000
1665.70000
1681.95000
1698.47500
1750.52500
1763.72500
1777.00000
1790.30000
1803.75000
1817.37500
1831.20000
1845.22500
1859.50000
1874.02500
1888.85000
1904.00000
1919.32500
1934.97500
1950.92500
1967.07500
1983.90000
2050.57500
2063.80000
2077.12500
2090.45000
2103.97500
2117.65000
2131.52500
2145.62500
2159.97500
2174.60000
2189.55000
2204.85000
2220.52500
2236.77500
2350.60000
2363.85000
2377.22500
2390.57500
2404.10000
2417.82500
2431.75000
2445.87500
2460.27500
2474.95000
2489.95000
2505.20000
2520.65000
2536.45000
2552.52500
2569.55000
2650.62500
2663.92500
2677.30000
2690.70000
2704.27500
2718.02500
2732.00000
2746.20000
2760.65000
2775.40000
2790.47500
2805.75000
2821.17500
2836.80000
2852.90000
2869.07500
2885.65000
2902.87500
2950.65000
2963.97500
2977.42500
2990.85000
3004.47500
3018.27500
3032.30000
3046.55000
3061.10000
3075.95000
3091.17500
3106.60000
3122.47500
3138.55000
3155.02500
3250.65000
3264.02500
3277.47500
3290.92500
3304.60000
3318.45000
3332.50000
3346.82500
3361.40000
3376.32500
3391.50000
3406.82500
3422.32500
3438.22500
3454.45000
3471.15000
3488.10000
3505.47500
3550.70000
3564.10000
3577.60000
3591.10000
3604.80000
3618.70000
3632.82500
3647.22500
3661.90000
3676.92500
3692.30000
3707.92500
3723.65000
3739.97500
3850.70000
3864.12500
3877.65000
3891.17500
3904.90000
3918.85000
3933.00000
3947.42500
3962.17500
3977.25000
3992.55000
4008.05000
4023.92500
4040.25000
4150.72500
4164.17500
4177.72500
4191.27500
4205.02500
4219.00000
4233.20000
4247.67500
4262.45000
4277.52500
4292.90000
4308.35000
4324.12500
4340.05000
4356.52500
4373.40000
4390.30000
4450.75000
4464.22500
4477.80000
4491.37500
4505.17500
4519.20000
4533.45000
4548.00000
4562.87500
4578.02500
4593.37500
4608.85000
4624.57500
4640.67500
4657.45000
4675.07500
4692.27500
4750.75000
4764.27500
4777.90000
4791.50000
4805.35000
4819.40000
4833.72500
4848.32500
4863.30000
4878.55000
4894.07500
4909.90000
4926.30000
4943.42500

