$ Stimulation Interval(ms): 300
$ Delay(ms): 218.082870
$ Number of data : 254
$ TSTOP : 5000
222.80000
235.60000
248.42500
261.32500
274.30000
287.42500
300.70000
314.15000
327.75000
341.57500
355.57500
369.80000
384.22500
398.90000
413.87500
429.17500
444.82500
461.02500
477.32500
493.85000
511.05000
525.22500
538.10000
551.00000
563.97500
577.05000
590.32500
603.72500
617.32500
631.10000
645.07500
659.25000
673.65000
688.30000
703.20000
718.45000
734.02500
750.07500
766.20000
782.75000
799.72500
825.55000
838.32500
851.27500
864.30000
877.45000
890.77500
904.27500
917.92500
931.80000
945.87500
960.17500
974.72500
989.52500
1004.67500
1020.25000
1036.37500
1052.87500
1069.75000
1086.45000
1125.52500
1138.32500
1151.30000
1164.37500
1177.57500
1190.95000
1204.47500
1218.20000
1232.15000
1246.27500
1260.67500
1275.30000
1290.22500
1305.52500
1321.22500
1337.72500
1354.32500
1370.80000
1388.30000
1425.60000
1438.45000
1451.47500
1464.57500
1477.82500
1491.22500
1504.82500
1518.62500
1532.60000
1546.85000
1561.32500
1576.07500
1591.15000
1606.65000
1622.65000
1639.17500
1656.10000
1673.12500
1725.62500
1738.50000
1751.55000
1764.70000
1777.97500
1791.42500
1805.07500
1818.92500
1833.00000
1847.30000
1861.85000
1876.70000
1891.90000
1907.55000
1923.77500
1940.52500
1957.37500
2025.65000
2038.55000
2051.65000
2064.82500
2078.15000
2091.65000
2105.32500
2119.22500
2133.35000
2147.72500
2162.35000
2177.32500
2192.65000
2208.45000
2225.27500
2242.15000
2258.80000
2325.70000
2338.60000
2351.72500
2364.92500
2378.30000
2391.85000
2405.57500
2419.52500
2433.70000
2448.12500
2462.85000
2477.92500
2493.40000
2509.45000
2625.70000
2638.65000
2651.80000
2665.02500
2678.42500
2692.00000
2705.77500
2719.77500
2734.00000
2748.47500
2763.27500
2778.42500
2794.02500
2810.25000
2925.72500
2938.67500
2951.85000
2965.12500
2978.55000
2992.15000
3005.97500
3020.00000
3034.27500
3048.82500
3063.70000
3078.92500
3094.62500
3111.00000
3128.12500
3145.27500
3225.75000
3238.72500
3251.92500
3265.22500
3278.67500
3292.32500
3306.17500
3320.25000
3334.60000
3349.20000
3364.15000
3379.50000
3395.35000
3412.55000
3429.10000
3525.75000
3538.77500
3552.00000
3565.30000
3578.80000
3592.47500
3606.37500
3620.50000
3634.90000
3649.57500
3664.57500
3680.02500
3696.07500
3825.77500
3838.80000
3852.05000
3865.40000
3878.90000
3892.62500
3906.55000
3920.72500
3935.15000
3949.87500
3964.97500
3980.52500
3996.77500
4125.80000
4138.82500
4152.10000
4165.47500
4179.02500
4192.75000
4206.72500
4220.92500
4235.40000
4250.20000
4265.35000
4281.05000
4297.75000
4425.80000
4438.87500
4452.17500
4465.55000
4479.12500
4492.90000
4506.87500
4521.12500
4535.65000
4550.50000
4565.75000
4581.37500
4598.07500
4725.82500
4738.90000
4752.22500
4765.62500
4779.22500
4793.02500
4807.05000
4821.32500
4835.90000
4850.80000
4866.12500
4881.87500

