$ Stimulation Interval(ms): 300
$ Delay(ms): 211.426176
$ Number of data : 239
$ TSTOP : 5000
216.12500
228.95000
241.77500
254.77500
267.90000
281.15000
294.60000
308.22500
322.00000
336.00000
350.17500
364.60000
379.22500
394.15000
409.37500
424.87500
440.75000
457.52500
518.87500
531.65000
544.55000
557.62500
570.85000
584.22500
597.77500
611.52500
625.47500
639.60000
653.97500
668.57500
683.42500
698.60000
714.02500
729.80000
746.35000
818.87500
831.70000
844.62500
857.75000
871.05000
884.50000
898.15000
911.97500
926.02500
940.25000
954.72500
969.42500
984.40000
999.70000
1015.30000
1031.27500
1118.90000
1131.72500
1144.67500
1157.82500
1171.17500
1184.67500
1198.35000
1212.25000
1226.32500
1240.62500
1255.17500
1269.97500
1285.07500
1300.47500
1316.30000
1332.72500
1418.97500
1431.82500
1444.80000
1458.02500
1471.40000
1484.95000
1498.70000
1512.65000
1526.80000
1541.17500
1555.80000
1570.70000
1585.92500
1601.47500
1617.32500
1719.00000
1731.87500
1744.90000
1758.15000
1771.55000
1785.15000
1798.95000
1812.95000
1827.17500
1841.60000
1856.30000
1871.30000
1886.62500
1902.37500
1918.52500
2019.02500
2031.92500
2044.97500
2058.25000
2071.72500
2085.35000
2099.20000
2113.25000
2127.52500
2142.02500
2156.80000
2171.90000
2187.37500
2203.20000
2219.72500
2318.97500
2331.90000
2344.97500
2358.30000
2371.80000
2385.47500
2399.37500
2413.47500
2427.80000
2442.37500
2457.25000
2472.45000
2488.12500
2503.90000
2520.40000
2619.00000
2631.95000
2645.05000
2658.40000
2671.95000
2685.67500
2699.60000
2713.75000
2728.12500
2742.77500
2757.72500
2773.02500
2788.70000
2804.55000
2821.02500
2919.02500
2932.00000
2945.15000
2958.52500
2972.10000
2985.85000
2999.82500
3014.02500
3028.47500
3043.17500
3058.20000
3073.62500
3089.57500
3105.72500
3219.05000
3232.05000
3245.20000
3258.60000
3272.20000
3286.02500
3300.02500
3314.27500
3328.77500
3343.55000
3358.65000
3374.20000
3389.95000
3405.97500
3423.50000
3519.05000
3532.07500
3545.25000
3558.70000
3572.32500
3586.17500
3600.22500
3614.52500
3629.07500
3643.92500
3659.10000
3674.67500
3690.62500
3706.95000
3819.07500
3832.10000
3845.32500
3858.77500
3872.45000
3886.32500
3900.42500
3914.77500
3929.37500
3944.27500
3959.52500
3975.22500
3991.20000
4007.90000
4119.07500
4132.15000
4145.37500
4158.87500
4172.57500
4186.47500
4200.62500
4215.00000
4229.67500
4244.62500
4259.97500
4275.65000
4291.77500
4419.10000
4432.17500
4445.45000
4458.95000
4472.67500
4486.62500
4500.80000
4515.22500
4529.95000
4544.97500
4560.40000
4576.02500
4592.00000
4609.52500
4719.12500
4732.22500
4745.50000
4759.05000
4772.80000
4786.77500
4801.00000
4815.47500
4830.22500
4845.32500
4860.87500
4876.55000
4892.67500

