$ Stimulation Interval(ms): 300
$ Delay(ms): 243.007129
$ Number of data : 277
$ TSTOP : 5000
247.82500
260.82500
273.80000
286.75000
299.80000
313.02500
326.40000
339.97500
353.70000
367.62500
381.72500
396.02500
410.52500
425.25000
440.22500
455.52500
471.12500
486.97500
503.25000
520.05000
550.25000
563.20000
576.25000
589.27500
602.45000
615.80000
629.32500
643.00000
656.87500
670.92500
685.17500
699.62500
714.32500
729.25000
744.52500
760.00000
775.75000
791.87500
808.52500
826.97500
851.30000
864.30000
877.35000
890.40000
903.65000
917.05000
930.62500
944.40000
958.37500
972.57500
986.97500
1001.57500
1016.45000
1031.57500
1047.10000
1062.77500
1078.70000
1094.95000
1111.75000
1150.55000
1163.60000
1176.75000
1189.90000
1203.20000
1216.70000
1230.35000
1244.22500
1258.27500
1272.52500
1286.97500
1301.67500
1316.62500
1331.87500
1347.40000
1363.15000
1379.40000
1396.72500
1450.65000
1463.75000
1476.92500
1490.12500
1503.47500
1517.00000
1530.72500
1544.65000
1558.75000
1573.07500
1587.60000
1602.37500
1617.40000
1632.77500
1648.40000
1664.32500
1680.67500
1697.40000
1714.82500
1750.77500
1763.90000
1777.12500
1790.35000
1803.75000
1817.35000
1831.12500
1845.10000
1859.27500
1873.67500
1888.30000
1903.15000
1918.30000
1933.75000
1949.57500
1965.75000
1982.27500
2000.15000
2050.70000
2063.87500
2077.15000
2090.42500
2103.87500
2117.50000
2131.35000
2145.37500
2159.62500
2174.07500
2188.77500
2203.72500
2219.02500
2234.62500
2250.47500
2267.05000
2284.20000
2350.75000
2363.95000
2377.25000
2390.55000
2404.05000
2417.72500
2431.60000
2445.70000
2460.00000
2474.50000
2489.27500
2504.35000
2519.77500
2535.47500
2551.37500
2567.80000
2584.52500
2601.92500
2650.77500
2664.02500
2677.35000
2690.67500
2704.22500
2717.95000
2731.90000
2746.05000
2760.40000
2775.00000
2789.87500
2805.00000
2820.45000
2836.22500
2852.17500
2868.77500
2886.92500
2950.80000
2964.07500
2977.42500
2990.80000
3004.37500
3018.15000
3032.15000
3046.35000
3060.77500
3075.42500
3090.32500
3105.50000
3121.07500
3136.92500
3153.40000
3170.60000
3187.57500
3250.82500
3264.12500
3277.52500
3290.92500
3304.55000
3318.37500
3332.40000
3346.65000
3361.12500
3375.85000
3390.82500
3406.10000
3421.75000
3437.87500
3454.32500
3550.82500
3564.17500
3577.60000
3591.02500
3604.67500
3618.55000
3632.62500
3646.90000
3661.42500
3676.22500
3691.30000
3706.67500
3722.35000
3738.27500
3754.85000
3850.85000
3864.22500
3877.67500
3891.15000
3904.82500
3918.72500
3932.82500
3947.17500
3961.75000
3976.60000
3991.75000
4007.25000
4022.92500
4039.05000
4055.25000
4072.10000
4089.15000
4150.87500
4164.27500
4177.75000
4191.25000
4204.97500
4218.92500
4233.07500
4247.47500
4262.10000
4277.02500
4292.30000
4307.95000
4323.75000
4340.07500
4356.40000
4373.00000
4390.15000
4450.90000
4464.32500
4477.85000
4491.37500
4505.12500
4519.10000
4533.32500
4547.75000
4562.45000
4577.35000
4592.62500
4608.27500
4624.10000
4640.70000
4750.90000
4764.35000
4777.90000
4791.45000
4805.25000
4819.27500
4833.50000
4848.00000
4862.72500
4877.70000
4893.02500
4908.72500
4924.72500
4941.25000
4957.97500
4974.77500

