$ Stimulation Interval(ms): 300
$ Delay(ms): 226.031962
$ Number of data : 253
$ TSTOP : 5000
230.75000
243.67500
256.60000
269.55000
282.60000
295.77500
309.12500
322.62500
336.32500
350.20000
364.30000
378.60000
393.15000
407.95000
423.02500
438.32500
453.97500
470.15000
486.87500
533.47500
546.30000
559.30000
572.30000
585.45000
598.72500
612.20000
625.82500
639.67500
653.70000
667.95000
682.45000
697.20000
712.20000
727.42500
743.00000
759.10000
775.70000
792.87500
833.37500
846.25000
859.30000
872.37500
885.60000
898.95000
912.50000
926.22500
940.15000
954.27500
968.65000
983.30000
998.22500
1013.42500
1028.77500
1044.52500
1060.67500
1077.47500
1094.70000
1133.42500
1146.32500
1159.45000
1172.57500
1185.82500
1199.25000
1212.85000
1226.62500
1240.60000
1254.82500
1269.27500
1284.02500
1299.05000
1314.32500
1329.87500
1345.92500
1362.35000
1433.52500
1446.47500
1459.62500
1472.77500
1486.07500
1499.55000
1513.20000
1527.05000
1541.10000
1555.40000
1569.95000
1584.82500
1599.97500
1615.32500
1631.10000
1647.35000
1663.97500
1733.57500
1746.55000
1759.72500
1772.90000
1786.25000
1799.77500
1813.47500
1827.37500
1841.50000
1855.87500
1870.52500
1885.50000
1900.70000
1916.17500
1932.17500
1949.00000
1966.57500
2033.57500
2046.60000
2059.82500
2073.02500
2086.42500
2099.97500
2113.72500
2127.67500
2141.87500
2156.30000
2171.02500
2186.15000
2201.42500
2217.02500
2233.25000
2250.12500
2333.60000
2346.65000
2359.90000
2373.15000
2386.57500
2400.17500
2413.95000
2427.97500
2442.22500
2456.72500
2471.55000
2486.65000
2501.92500
2517.67500
2534.40000
2633.62500
2646.70000
2659.97500
2673.25000
2686.70000
2700.35000
2714.17500
2728.22500
2742.52500
2757.10000
2772.02500
2787.17500
2802.57500
2818.50000
2933.65000
2946.72500
2960.05000
2973.35000
2986.82500
3000.50000
3014.37500
3028.47500
3042.82500
3057.47500
3072.47500
3087.72500
3103.30000
3119.42500
3135.97500
3233.67500
3246.77500
3260.12500
3273.45000
3286.95000
3300.67500
3314.57500
3328.72500
3343.15000
3357.85000
3372.97500
3388.20000
3403.82500
3420.15000
3533.67500
3546.82500
3560.17500
3573.52500
3587.07500
3600.82500
3614.77500
3628.97500
3643.42500
3658.20000
3673.25000
3688.57500
3704.32500
3721.00000
3833.70000
3846.85000
3860.25000
3873.62500
3887.20000
3900.97500
3914.97500
3929.20000
3943.72500
3958.57500
3973.70000
3988.95000
4004.70000
4021.05000
4133.72500
4146.90000
4160.30000
4173.70000
4187.32500
4201.12500
4215.15000
4229.42500
4244.00000
4258.92500
4274.02500
4289.37500
4305.22500
4321.70000
4433.72500
4446.92500
4460.37500
4473.80000
4487.42500
4501.27500
4515.32500
4529.65000
4544.27500
4559.30000
4574.50000
4589.92500
4605.87500
4624.17500
4733.75000
4746.97500
4760.42500
4773.87500
4787.55000
4801.40000
4815.52500
4829.90000
4844.57500
4859.60000
4874.82500
4890.50000
4906.67500
4922.92500
4940.17500

