$ Stimulation Interval(ms): 300
$ Delay(ms): 205.756977
$ Number of data : 259
$ TSTOP : 5000
210.47500
223.25000
236.00000
248.85000
261.82500
274.97500
288.25000
301.70000
315.30000
329.10000
343.07500
357.25000
371.62500
386.27500
401.17500
416.32500
431.82500
447.65000
463.82500
480.87500
498.75000
512.82500
525.80000
538.65000
551.57500
564.67500
577.90000
591.30000
604.87500
618.62500
632.55000
646.70000
661.05000
675.65000
690.50000
705.62500
721.05000
736.82500
752.97500
769.57500
813.27500
826.07500
838.92500
851.90000
865.05000
878.37500
891.85000
905.52500
919.35000
933.40000
947.67500
962.15000
976.90000
991.90000
1007.17500
1022.80000
1038.77500
1055.55000
1113.27500
1126.10000
1138.97500
1152.00000
1165.20000
1178.57500
1192.12500
1205.82500
1219.72500
1233.85000
1248.17500
1262.75000
1277.60000
1292.72500
1308.17500
1323.95000
1340.22500
1413.30000
1426.15000
1439.07500
1452.12500
1465.40000
1478.80000
1492.40000
1506.17500
1520.15000
1534.32500
1548.75000
1563.42500
1578.35000
1593.60000
1609.17500
1625.07500
1641.70000
1713.30000
1726.17500
1739.12500
1752.22500
1765.52500
1778.97500
1792.62500
1806.45000
1820.50000
1834.75000
1849.25000
1864.00000
1879.05000
1894.42500
1910.10000
1926.25000
1943.35000
2013.30000
2026.20000
2039.17500
2052.30000
2065.65000
2079.15000
2092.85000
2106.72500
2120.82500
2135.15000
2149.72500
2164.57500
2179.75000
2195.22500
2211.10000
2227.55000
2313.32500
2326.22500
2339.25000
2352.40000
2365.77500
2379.32500
2393.07500
2407.00000
2421.15000
2435.55000
2450.20000
2465.12500
2480.40000
2495.95000
2511.90000
2528.65000
2613.32500
2626.27500
2639.32500
2652.50000
2665.92500
2679.50000
2693.27500
2707.27500
2721.47500
2735.92500
2750.65000
2765.67500
2781.05000
2796.72500
2812.87500
2830.02500
2913.37500
2926.35000
2939.40000
2952.62500
2966.07500
2979.70000
2993.52500
3007.55000
3021.82500
3036.35000
3051.15000
3066.25000
3081.75000
3097.55000
3113.90000
3213.37500
3226.37500
3239.45000
3252.70000
3266.20000
3279.85000
3293.72500
3307.80000
3322.10000
3336.67500
3351.55000
3366.75000
3382.35000
3398.27500
3414.77500
3432.85000
3513.40000
3526.40000
3539.52500
3552.80000
3566.32500
3580.02500
3593.92500
3608.05000
3622.42500
3637.07500
3652.02500
3667.32500
3683.02500
3699.12500
3716.32500
3813.40000
3826.45000
3839.57500
3852.90000
3866.45000
3880.17500
3894.12500
3908.30000
3922.72500
3937.42500
3952.45000
3967.85000
3983.55000
3999.80000
4113.42500
4126.47500
4139.65000
4152.97500
4166.55000
4180.32500
4194.30000
4208.52500
4223.00000
4237.77500
4252.85000
4268.35000
4284.15000
4300.65000
4413.42500
4426.52500
4439.70000
4453.05000
4466.67500
4480.47500
4494.50000
4508.75000
4523.27500
4538.10000
4553.27500
4568.87500
4584.72500
4601.30000
4713.45000
4726.55000
4739.75000
4753.15000
4766.77500
4780.60000
4794.67500
4808.97500
4823.55000
4838.42500
4853.67500
4869.37500
4885.37500
4902.57500

