$ Stimulation Interval(ms): 300
$ Delay(ms): 242.072290
$ Number of data : 267
$ TSTOP : 5000
246.87500
259.95000
272.95000
285.95000
299.05000
312.32500
325.72500
339.32500
353.10000
367.07500
381.27500
395.70000
410.37500
425.25000
440.37500
455.77500
471.55000
487.67500
504.12500
549.62500
562.60000
575.67500
588.75000
601.95000
615.32500
628.87500
642.60000
656.52500
670.65000
685.02500
699.65000
714.47500
729.50000
744.85000
760.52500
776.45000
792.90000
809.95000
849.52500
862.57500
875.67500
888.80000
902.05000
915.47500
929.07500
942.85000
956.85000
971.05000
985.50000
1000.20000
1015.10000
1030.20000
1045.65000
1061.27500
1077.37500
1093.87500
1110.67500
1149.57500
1162.67500
1175.87500
1189.02500
1202.37500
1215.87500
1229.55000
1243.45000
1257.55000
1271.87500
1286.47500
1301.27500
1316.32500
1331.60000
1347.30000
1363.32500
1379.97500
1449.70000
1462.82500
1476.05000
1489.25000
1502.62500
1516.17500
1529.92500
1543.87500
1558.05000
1572.45000
1587.12500
1602.00000
1617.07500
1632.47500
1648.27500
1664.30000
1680.72500
1698.92500
1749.70000
1762.87500
1776.12500
1789.37500
1802.80000
1816.40000
1830.20000
1844.20000
1858.45000
1872.92500
1887.67500
1902.62500
1917.80000
1933.30000
1949.22500
1965.40000
1982.32500
2049.75000
2062.95000
2076.25000
2089.52500
2102.97500
2116.62500
2130.47500
2144.52500
2158.82500
2173.37500
2188.22500
2203.30000
2218.65000
2234.30000
2250.37500
2267.10000
2284.72500
2349.77500
2363.00000
2376.32500
2389.65000
2403.15000
2416.82500
2430.72500
2444.85000
2459.20000
2473.85000
2488.80000
2503.85000
2519.20000
2534.85000
2551.05000
2649.80000
2663.05000
2676.40000
2689.75000
2703.30000
2717.02500
2730.95000
2745.12500
2759.55000
2774.22500
2789.17500
2804.27500
2819.65000
2835.45000
2851.87500
2869.07500
2949.80000
2963.10000
2976.50000
2989.87500
3003.45000
3017.20000
3031.20000
3045.40000
3059.87500
3074.62500
3089.62500
3104.90000
3120.52500
3136.37500
3152.90000
3249.82500
3263.15000
3276.55000
3289.97500
3303.57500
3317.37500
3331.40000
3345.67500
3360.17500
3375.00000
3390.00000
3405.25000
3420.87500
3436.75000
3453.22500
3470.92500
3488.27500
3549.85000
3563.20000
3576.65000
3590.07500
3603.72500
3617.57500
3631.65000
3645.97500
3660.55000
3675.40000
3690.50000
3705.90000
3721.65000
3738.07500
3849.87500
3863.25000
3876.70000
3890.17500
3903.85000
3917.72500
3931.85000
3946.20000
3960.82500
3975.72500
3990.77500
4006.12500
4021.85000
4038.17500
4054.60000
4071.35000
4088.50000
4149.87500
4163.30000
4176.80000
4190.27500
4204.00000
4217.92500
4232.07500
4246.50000
4261.20000
4276.12500
4291.22500
4306.67500
4322.55000
4339.07500
4355.72500
4372.60000
4390.15000
4449.90000
4463.35000
4476.87500
4490.40000
4504.15000
4518.10000
4532.32500
4546.80000
4561.55000
4576.55000
4591.75000
4607.30000
4623.17500
4639.67500
4749.92500
4763.37500
4776.92500
4790.47500
4804.25000
4818.25000
4832.50000
4847.02500
4861.85000
4876.87500
4892.22500
4908.00000
4924.12500
4941.20000
4958.05000
4975.62500

