$ Stimulation Interval(ms): 300
$ Delay(ms): 17.581766
$ Number of data : 284
$ TSTOP : 10000
23.55000
33.40000
42.12500
50.27500
58.10000
65.72500
73.22500
80.70000
88.15000
95.57500
103.00000
110.47500
117.95000
125.47500
133.02500
140.62500
148.25000
155.95000
163.67500
171.47500
179.30000
187.20000
195.15000
203.17500
213.90000
227.72500
1407.70000
1702.00000
1733.42500
1997.72500
2014.27500
2278.72500
2294.75000
2313.97500
2331.20000
2566.62500
2583.47500
2597.15000
2616.07500
2631.85000
2880.92500
2896.57500
2916.82500
2933.00000
3170.40000
3183.10000
3197.00000
3205.95000
3217.80000
3233.95000
3456.60000
3468.57500
3482.37500
3494.27500
3503.30000
3516.97500
3532.65000
3766.77500
3782.97500
3797.50000
3806.15000
3817.60000
3833.12500
4052.77500
4069.00000
4083.35000
4095.90000
4104.55000
4116.67500
4131.27500
4351.15000
4367.42500
4377.77500
4386.80000
4396.12500
4404.72500
4416.75000
4431.27500
4637.20000
4653.42500
4668.92500
4680.60000
4689.15000
4699.00000
4707.50000
4717.85000
4732.20000
4936.52500
4952.67500
4968.20000
4976.85000
4986.22500
4994.70000
5003.62500
5015.62500
5030.97500
5245.12500
5256.37500
5267.47500
5280.37500
5289.27500
5297.80000
5306.20000
5317.25000
5331.42500
5554.70000
5571.00000
5579.87500
5589.70000
5599.40000
5608.07500
5618.65000
5633.47500
5822.50000
5838.47500
5853.17500
5861.77500
5870.45000
5878.80000
5887.52500
5895.92500
5904.22500
5916.30000
5931.05000
6124.60000
6139.97500
6155.52500
6166.70000
6175.12500
6183.32500
6191.50000
6199.70000
6207.90000
6217.95000
6231.65000
6414.47500
6429.45000
6441.05000
6454.37500
6469.37500
6477.90000
6487.40000
6495.72500
6503.97500
6515.32500
6530.92500
6723.72500
6739.25000
6751.30000
6762.07500
6770.72500
6779.05000
6787.27500
6795.50000
6803.70000
6814.37500
6830.80000
7024.80000
7040.45000
7057.02500
7073.10000
7081.75000
7090.10000
7098.37500
7106.65000
7117.35000
7131.42500
7325.42500
7340.92500
7356.80000
7365.47500
7375.45000
7384.12500
7392.50000
7400.82500
7413.27500
7430.70000
7608.55000
7623.40000
7637.32500
7648.02500
7656.62500
7664.85000
7672.97500
7681.05000
7689.15000
7697.25000
7705.40000
7716.80000
7731.15000
7899.62500
7915.55000
7925.77500
7939.92500
7948.62500
7958.07500
7966.50000
7974.80000
7983.02500
7991.20000
7999.35000
8007.52500
8017.72500
8031.47500
8199.25000
8213.67500
8225.67500
8237.75000
8246.12500
8254.95000
8263.07500
8271.12500
8279.15000
8287.17500
8295.25000
8303.35000
8313.90000
8330.72500
8509.47500
8525.35000
8539.80000
8548.27500
8557.77500
8566.10000
8574.22500
8582.32500
8590.42500
8598.55000
8606.70000
8617.30000
8631.35000
8799.90000
8812.85000
8826.60000
8841.22500
8849.72500
8859.40000
8867.82500
8876.02500
8884.17500
8892.30000
8900.45000
8909.82500
8921.75000
9109.87500
9125.27500
9135.07500
9143.75000
9152.10000
9160.50000
9168.70000
9176.87500
9185.07500
9193.20000
9201.35000
9213.30000
9230.70000
9411.30000
9425.82500
9434.32500
9443.90000
9452.37500
9461.20000
9469.50000
9477.67500
9485.80000
9493.92500
9502.05000
9513.47500
9530.75000
9701.15000
9717.50000
9728.77500
9743.97500
9752.52500
9760.72500
9768.80000
9776.87500
9784.92500
9793.02500
9801.12500
9813.25000
9830.72500
9986.37500

