$ Stimulation Interval(ms): 300
$ Delay(ms): 204.892214
$ Number of data : 449
$ TSTOP : 10000
209.60000
222.42500
235.20000
248.07500
261.15000
274.35000
287.70000
301.22500
314.90000
328.75000
342.77500
357.00000
371.37500
385.97500
400.85000
416.05000
431.45000
447.37500
463.72500
512.32500
525.17500
538.05000
551.02500
564.20000
577.52500
591.00000
604.62500
618.42500
632.40000
646.55000
660.90000
675.42500
690.25000
705.42500
720.85000
736.77500
753.15000
812.40000
825.27500
838.17500
851.17500
864.40000
877.80000
891.32500
905.02500
918.92500
932.97500
947.25000
961.67500
976.32500
991.27500
1006.55000
1022.10000
1038.25000
1055.42500
1112.40000
1125.25000
1138.15000
1151.20000
1164.47500
1177.90000
1191.50000
1205.27500
1219.22500
1233.37500
1247.70000
1262.22500
1277.00000
1292.10000
1307.67500
1323.55000
1340.00000
1412.45000
1425.37500
1438.32500
1451.40000
1464.72500
1478.20000
1491.82500
1505.65000
1519.65000
1533.85000
1548.25000
1562.85000
1577.70000
1592.92500
1608.40000
1624.42500
1641.07500
1712.42500
1725.35000
1738.32500
1751.45000
1764.80000
1778.32500
1792.02500
1805.90000
1819.95000
1834.22500
1848.67500
1863.35000
1878.32500
1893.70000
1909.35000
1925.70000
2012.42500
2025.37500
2038.37500
2051.55000
2064.95000
2078.50000
2092.25000
2106.15000
2120.27500
2134.60000
2149.12500
2163.87500
2178.95000
2194.47500
2210.30000
2227.32500
2312.50000
2325.47500
2338.50000
2351.70000
2365.12500
2378.70000
2392.47500
2406.45000
2420.62500
2435.00000
2449.60000
2464.40000
2479.57500
2495.05000
2511.10000
2528.35000
2612.52500
2625.52500
2638.57500
2651.80000
2665.25000
2678.90000
2692.70000
2706.72500
2720.92500
2735.37500
2750.02500
2764.92500
2780.17500
2795.72500
2812.07500
2912.55000
2925.57500
2938.65000
2951.90000
2965.40000
2979.05000
2992.90000
3006.95000
3021.22500
3035.72500
3050.42500
3065.40000
3080.75000
3096.80000
3114.42500
3212.52500
3225.55000
3238.67500
3251.95000
3265.47500
3279.17500
3293.07500
3307.15000
3321.47500
3336.02500
3350.77500
3365.85000
3381.32500
3397.25000
3512.57500
3525.62500
3538.77500
3552.07500
3565.62500
3579.35000
3593.27500
3607.40000
3621.75000
3636.35000
3651.17500
3666.32500
3681.92500
3698.05000
3812.57500
3825.65000
3838.82500
3852.12500
3865.70000
3879.47500
3893.42500
3907.60000
3922.00000
3936.65000
3951.50000
3966.70000
3982.45000
3998.82500
4112.55000
4125.65000
4138.82500
4152.17500
4165.77500
4179.57500
4193.57500
4207.77500
4222.22500
4236.92500
4251.85000
4267.15000
4283.10000
4300.25000
4412.57500
4425.67500
4438.87500
4452.25000
4465.87500
4479.70000
4493.75000
4508.00000
4522.47500
4537.25000
4552.22500
4567.60000
4583.37500
4712.60000
4725.72500
4738.95000
4752.32500
4766.00000
4779.85000
4793.90000
4808.17500
4822.72500
4837.52500
4852.57500
4868.02500
4883.95000
5012.60000
5025.75000
5039.00000
5052.40000
5066.07500
5079.97500
5094.05000
5108.37500
5122.95000
5137.82500
5152.90000
5168.47500
5184.55000
5312.60000
5325.77500
5339.05000
5352.47500
5366.17500
5380.07500
5394.20000
5408.57500
5423.17500
5438.10000
5453.27500
5468.95000
5485.30000
5502.30000
5612.62500
5625.82500
5639.10000
5652.55000
5666.27500
5680.22500
5694.37500
5708.77500
5723.42500
5738.40000
5753.65000
5769.52500
5786.77500
5912.65000
5925.85000
5939.15000
5952.62500
5966.37500
5980.35000
5994.52500
6008.95000
6023.67500
6038.70000
6054.02500
6070.10000
6212.65000
6225.87500
6239.20000
6252.67500
6266.47500
6280.45000
6294.67500
6309.12500
6323.87500
6338.95000
6354.35000
6370.22500
6512.67500
6525.90000
6539.25000
6552.75000
6566.55000
6580.55000
6594.80000
6609.30000
6624.10000
6639.17500
6654.67500
6670.67500
6812.67500
6825.92500
6839.27500
6852.80000
6866.62500
6880.67500
6894.95000
6909.47500
6924.30000
6939.37500
6954.92500
6971.12500
7112.67500
7125.97500
7139.32500
7152.87500
7166.72500
7180.77500
7195.07500
7209.65000
7224.52500
7239.65000
7255.27500
7271.70000
7412.70000
7426.00000
7439.37500
7452.92500
7466.80000
7480.87500
7495.20000
7509.80000
7524.75000
7539.92500
7555.67500
7572.62500
7712.70000
7726.02500
7739.42500
7753.00000
7766.87500
7781.00000
7795.35000
7809.97500
7824.95000
7840.17500
7856.05000
8012.72500
8026.05000
8039.45000
8053.05000
8066.95000
8081.07500
8095.47500
8110.12500
8125.15000
8140.42500
8156.45000
8312.72500
8326.07500
8339.50000
8353.10000
8367.02500
8381.17500
8395.60000
8410.27500
8425.35000
8440.70000
8456.90000
8612.75000
8626.10000
8639.52500
8653.15000
8667.10000
8681.27500
8695.70000
8710.45000
8725.55000
8740.95000
8757.55000
8912.75000
8926.12500
8939.57500
8953.20000
8967.17500
8981.37500
8995.82500
9010.60000
9025.75000
9041.22500
9057.25000
9212.75000
9226.15000
9239.60000
9253.25000
9267.25000
9281.47500
9295.95000
9310.75000
9325.95000
9341.52500
9357.75000
9512.77500
9526.15000
9539.65000
9553.32500
9567.32500
9581.55000
9596.07500
9610.90000
9626.17500
9641.62500
9658.07500
9812.77500
9826.17500
9839.67500
9853.37500
9867.40000
9881.65000
9896.20000
9911.07500
9926.37500
9942.10000
9958.97500

