$ Stimulation Interval(ms): 300
$ Delay(ms): 18.462124
$ Number of data : 458
$ TSTOP : 10000
24.42500
34.27500
43.00000
51.15000
58.97500
66.57500
74.10000
81.57500
89.00000
96.42500
103.87500
111.32500
118.82500
126.32500
133.90000
141.47500
149.12500
156.80000
164.55000
172.32500
180.17500
188.07500
196.02500
204.02500
214.90000
484.90000
502.27500
773.65000
788.90000
805.62500
1044.62500
1075.97500
1092.85000
1108.92500
1360.40000
1374.55000
1388.90000
1399.30000
1408.92500
1605.55000
1631.27500
1662.60000
1677.30000
1693.17500
1703.17500
1735.95000
1915.75000
1946.70000
1962.37500
1975.30000
1986.87500
1996.70000
2007.32500
2035.62500
2216.70000
2238.27500
2253.22500
2264.82500
2277.52500
2286.90000
2296.45000
2305.10000
2317.80000
2491.92500
2517.47500
2533.82500
2549.07500
2560.72500
2570.47500
2582.05000
2590.62500
2600.52500
2617.45000
2792.57500
2818.30000
2832.70000
2848.70000
2861.65000
2870.97500
2880.37500
2888.77500
2897.70000
2906.12500
2935.52500
3087.45000
3104.02500
3119.80000
3134.47500
3148.92500
3164.82500
3173.72500
3183.52500
3192.22500
3200.87500
3209.30000
3235.45000
3387.95000
3404.02500
3418.90000
3434.10000
3444.50000
3454.57500
3465.02500
3473.27500
3482.42500
3490.62500
3499.77500
3508.07500
3526.35000
3688.42500
3704.65000
3719.52500
3734.57500
3745.62500
3755.65000
3766.60000
3775.00000
3784.37500
3792.75000
3801.37500
3809.72500
3835.37500
3974.52500
3989.87500
4004.87500
4019.87500
4030.17500
4041.85000
4052.67500
4063.30000
4072.27500
4082.17500
4090.47500
4098.65000
4106.85000
4117.97500
4274.85000
4290.42500
4305.65000
4319.85000
4331.35000
4341.07500
4350.82500
4359.07500
4367.80000
4375.92500
4384.60000
4392.77500
4400.92500
4409.07500
4426.82500
4575.17500
4590.42500
4605.05000
4619.97500
4631.87500
4641.60000
4651.75000
4659.90000
4669.05000
4677.15000
4685.20000
4693.25000
4701.35000
4709.47500
4735.35000
4875.47500
4898.60000
4919.90000
4931.72500
4941.55000
4952.02500
4960.27500
4969.37500
4977.60000
4986.25000
4994.47500
5003.27500
5017.47500
5037.17500
5175.85000
5197.67500
5212.55000
5222.72500
5235.70000
5244.52500
5253.65000
5262.40000
5270.55000
5279.20000
5287.35000
5295.47500
5303.62500
5317.40000
5336.80000
5476.20000
5492.05000
5508.40000
5522.80000
5536.22500
5545.12500
5554.07500
5562.70000
5571.55000
5579.85000
5588.52500
5596.87500
5605.12500
5617.55000
5637.50000
5776.67500
5798.87500
5808.90000
5821.37500
5836.92500
5845.15000
5854.17500
5862.30000
5870.32500
5878.32500
5886.32500
5894.37500
5902.47500
5910.92500
5935.35000
6077.12500
6092.22500
6106.10000
6120.95000
6131.40000
6140.27500
6149.20000
6157.55000
6166.40000
6174.55000
6182.62500
6190.70000
6198.80000
6206.92500
6218.00000
6237.77500
6366.57500
6390.77500
6407.15000
6422.00000
6430.22500
6439.12500
6447.17500
6455.57500
6463.57500
6471.52500
6479.50000
6487.50000
6495.52500
6503.60000
6517.47500
6536.57500
6663.00000
6685.52500
6701.85000
6711.85000
6722.47500
6731.75000
6740.45000
6748.72500
6757.20000
6765.37500
6773.45000
6781.50000
6789.55000
6797.62500
6805.72500
6817.65000
6836.87500
6962.77500
6978.15000
6992.95000
7007.90000
7016.32500
7025.70000
7033.92500
7042.20000
7050.22500
7058.42500
7066.50000
7074.95000
7083.12500
7091.22500
7099.35000
7107.47500
7118.37500
7137.97500
7263.20000
7278.70000
7293.50000
7308.22500
7316.70000
7326.22500
7334.67500
7342.92500
7351.22500
7359.47500
7367.52500
7375.72500
7383.90000
7392.00000
7400.10000
7408.25000
7424.02500
7564.35000
7580.25000
7593.20000
7603.50000
7612.90000
7621.75000
7630.65000
7638.90000
7646.82500
7654.70000
7662.55000
7670.42500
7678.35000
7686.30000
7694.30000
7702.32500
7710.47500
7726.82500
7867.47500
7880.22500
7893.25000
7905.55000
7914.55000
7923.45000
7931.42500
7940.10000
7948.10000
7956.65000
7964.65000
7972.57500
7980.52500
7988.50000
7996.52500
8004.60000
8017.47500
8036.62500
8167.75000
8180.47500
8193.00000
8205.02500
8214.20000
8224.80000
8232.92500
8241.00000
8248.92500
8256.77500
8264.65000
8272.55000
8280.47500
8288.42500
8296.45000
8304.50000
8317.47500
8336.60000
8468.02500
8480.72500
8493.60000
8507.37500
8516.07500
8525.12500
8533.10000
8541.40000
8549.30000
8557.75000
8565.70000
8573.65000
8581.57500
8589.57500
8597.60000
8605.67500
8617.67500
8636.82500
8768.37500
8779.52500
8793.52500
8804.67500
8813.32500
8823.85000
8831.82500
8840.22500
8848.12500
8856.67500
8864.62500
8872.55000
8880.47500
8888.45000
8896.47500
8904.52500
8917.50000
8936.62500
9064.47500
9079.07500
9093.97500
9102.50000
9111.35000
9119.40000
9127.55000
9135.87500
9143.90000
9151.85000
9159.82500
9167.80000
9175.75000
9183.72500
9191.72500
9199.75000
9207.85000
9226.17500
9363.87500
9379.32500
9394.10000
9402.52500
9412.07500
9420.25000
9428.42500
9436.32500
9444.37500
9452.32500
9460.42500
9468.40000
9476.35000
9484.32500
9492.32500
9500.37500
9508.45000
9523.82500
9664.12500
9678.80000
9692.27500
9700.80000
9709.92500
9717.80000
9726.57500
9734.47500
9743.37500
9751.32500
9759.20000
9767.07500
9774.97500
9782.90000
9790.87500
9798.90000
9806.97500
9818.05000
9837.07500
9964.55000
9979.82500
9990.82500
9998.85000

