$ Stimulation Interval(ms): 300
$ Delay(ms): 18.462124
$ Number of data : 437
$ TSTOP : 10000
26.02500
36.82500
46.25000
55.05000
63.47500
71.70000
79.85000
87.97500
96.05000
104.15000
112.27500
120.42500
128.62500
136.87500
145.17500
153.52500
161.95000
170.42500
178.97500
187.60000
196.30000
205.07500
464.22500
479.30000
493.42500
503.17500
751.07500
774.65000
791.95000
804.72500
1040.82500
1058.30000
1074.40000
1088.62500
1098.35000
1110.00000
1321.82500
1337.07500
1353.17500
1362.95000
1372.27500
1381.60000
1393.45000
1404.30000
1624.62500
1644.02500
1657.95000
1673.92500
1683.20000
1692.52500
1701.62500
1710.90000
1910.50000
1924.45000
1938.12500
1954.40000
1964.47500
1977.92500
1987.07500
1996.60000
2005.72500
2206.57500
2223.15000
2237.42500
2247.35000
2257.27500
2270.60000
2279.70000
2289.20000
2298.25000
2307.27500
2508.57500
2525.00000
2540.32500
2549.35000
2558.55000
2567.50000
2576.60000
2587.95000
2596.95000
2605.92500
2795.17500
2810.97500
2823.32500
2833.17500
2842.60000
2851.55000
2860.52500
2869.37500
2878.35000
2887.25000
2896.40000
2905.40000
3102.12500
3119.20000
3131.37500
3143.40000
3153.15000
3162.60000
3175.87500
3184.97500
3193.92500
3202.87500
3396.90000
3411.27500
3426.27500
3435.92500
3445.80000
3455.05000
3464.15000
3473.07500
3482.12500
3491.07500
3500.02500
3508.97500
3699.20000
3713.60000
3728.65000
3742.70000
3752.77500
3762.17500
3771.07500
3780.20000
3789.17500
3798.07500
3807.02500
3996.50000
4012.27500
4023.77500
4033.95000
4043.35000
4052.12500
4060.82500
4069.52500
4078.22500
4086.97500
4095.77500
4104.65000
4296.90000
4312.20000
4321.47500
4332.72500
4343.27500
4352.07500
4361.55000
4370.37500
4379.67500
4388.57500
4397.47500
4406.40000
4580.67500
4594.20000
4608.72500
4622.65000
4631.82500
4641.55000
4650.40000
4659.12500
4667.82500
4676.52500
4685.25000
4694.05000
4702.87500
4719.10000
4882.30000
4898.37500
4914.32500
4929.12500
4938.65000
4949.10000
4960.17500
4969.27500
4979.95000
4988.90000
4997.80000
5006.72500
5181.32500
5194.80000
5207.57500
5219.27500
5228.50000
5237.47500
5246.15000
5254.77500
5263.40000
5272.05000
5280.72500
5289.47500
5298.25000
5307.10000
5481.67500
5494.25000
5509.42500
5518.22500
5528.10000
5536.87500
5546.45000
5555.35000
5564.10000
5572.82500
5581.57500
5590.32500
5599.15000
5608.02500
5769.65000
5782.52500
5795.15000
5810.30000
5819.15000
5829.12500
5837.92500
5847.15000
5855.87500
5864.52500
5873.17500
5881.87500
5890.62500
5899.42500
5908.27500
6072.55000
6084.05000
6095.82500
6105.67500
6114.70000
6123.32500
6131.85000
6140.32500
6148.82500
6157.32500
6165.87500
6174.47500
6183.12500
6191.82500
6200.60000
6209.45000
6371.97500
6383.60000
6397.70000
6407.30000
6416.55000
6425.65000
6434.55000
6443.20000
6451.97500
6460.65000
6469.30000
6477.97500
6486.70000
6495.47500
6504.30000
6671.52500
6684.67500
6697.85000
6707.32500
6716.67500
6725.42500
6734.35000
6743.17500
6752.22500
6760.97500
6769.65000
6778.35000
6787.07500
6795.85000
6804.67500
6970.10000
6983.97500
6997.07500
7006.05000
7015.57500
7024.27500
7033.35000
7042.05000
7050.65000
7059.25000
7067.85000
7076.50000
7085.17500
7093.92500
7102.72500
7119.05000
7268.60000
7282.47500
7297.35000
7306.17500
7315.65000
7324.30000
7333.22500
7341.80000
7350.67500
7359.35000
7367.97500
7376.62500
7385.32500
7394.07500
7402.87500
7419.02500
7569.22500
7583.57500
7598.70000
7608.25000
7617.40000
7626.35000
7635.20000
7643.85000
7652.57500
7661.27500
7669.92500
7678.62500
7687.32500
7696.10000
7704.92500
7864.67500
7880.17500
7889.07500
7898.37500
7906.95000
7915.77500
7924.37500
7932.95000
7941.50000
7950.02500
7958.55000
7967.10000
7975.70000
7984.35000
7993.07500
8001.85000
8010.70000
8157.57500
8170.80000
8184.12500
8196.92500
8205.72500
8215.05000
8223.67500
8232.47500
8241.05000
8249.57500
8258.10000
8266.65000
8275.25000
8283.90000
8292.62500
8301.40000
8310.25000
8457.77500
8471.00000
8483.82500
8496.90000
8505.60000
8515.22500
8523.82500
8532.30000
8540.75000
8549.20000
8557.70000
8566.22500
8574.80000
8583.45000
8592.15000
8600.92500
8609.77500
8759.85000
8773.70000
8785.80000
8798.47500
8807.17500
8815.65000
8824.05000
8832.42500
8840.82500
8849.27500
8857.72500
8866.25000
8874.82500
8883.45000
8892.15000
8900.92500
8909.77500
9057.02500
9069.47500
9082.27500
9091.17500
9100.15000
9108.65000
9117.37500
9125.82500
9134.22500
9142.65000
9151.07500
9159.55000
9168.07500
9176.65000
9185.30000
9194.00000
9202.77500
9219.07500
9357.85000
9372.47500
9384.65000
9398.15000
9406.87500
9416.50000
9425.12500
9434.17500
9442.75000
9451.27500
9459.80000
9468.37500
9476.97500
9485.65000
9494.37500
9503.17500
9519.00000
9656.82500
9670.00000
9682.65000
9692.30000
9701.85000
9710.90000
9719.67500
9728.22500
9736.82500
9745.40000
9753.90000
9762.45000
9771.02500
9779.65000
9788.32500
9797.07500
9805.90000
9956.50000
9970.87500
9981.55000
9990.55000
9999.80000

