$ Stimulation Interval(ms): 300
$ Delay(ms): 204.926443
$ Number of data : 199
$ TSTOP : 10000
210.25000
223.95000
237.65000
251.77500
266.22500
280.97500
296.12500
312.22500
513.25000
526.87500
540.60000
554.80000
569.40000
584.30000
599.62500
813.27500
826.92500
840.70000
854.95000
869.60000
884.57500
900.00000
1113.30000
1126.97500
1140.77500
1155.07500
1169.77500
1184.82500
1200.37500
1413.32500
1427.05000
1440.87500
1455.20000
1469.95000
1485.05000
1500.70000
1713.35000
1727.07500
1740.95000
1755.30000
1770.12500
1785.27500
1801.07500
2013.37500
2027.12500
2041.02500
2055.40000
2070.27500
2085.50000
2101.42500
2313.40000
2327.17500
2341.07500
2355.52500
2370.42500
2385.72500
2401.80000
2613.42500
2627.22500
2641.15000
2655.62500
2670.57500
2685.92500
2702.17500
2913.42500
2927.25000
2941.20000
2955.70000
2970.70000
2986.15000
3002.72500
3213.45000
3227.30000
3241.27500
3255.80000
3270.85000
3286.35000
3513.47500
3527.32500
3541.32500
3555.87500
3570.95000
3586.50000
3813.47500
3827.35000
3841.37500
3855.95000
3871.07500
3886.67500
4113.50000
4127.40000
4141.42500
4156.02500
4171.17500
4186.85000
4413.50000
4427.42500
4441.47500
4456.10000
4471.30000
4487.02500
4713.52500
4727.45000
4741.52500
4756.17500
4771.42500
4787.22500
5013.52500
5027.47500
5041.57500
5056.25000
5071.52500
5087.42500
5313.55000
5327.50000
5341.60000
5356.32500
5371.65000
5387.57500
5613.55000
5627.52500
5641.65000
5656.37500
5671.75000
5687.80000
5913.57500
5927.55000
5941.70000
5956.45000
5971.87500
5988.00000
6213.57500
6227.57500
6241.75000
6256.52500
6272.00000
6288.22500
6513.60000
6527.60000
6541.80000
6556.60000
6572.12500
6588.40000
6813.60000
6827.65000
6841.82500
6856.65000
6872.25000
6889.37500
7113.60000
7127.67500
7141.87500
7156.72500
7172.37500
7413.62500
7427.67500
7441.90000
7456.77500
7472.47500
7713.62500
7727.70000
7741.95000
7756.85000
7772.57500
8013.62500
8027.72500
8041.97500
8056.90000
8072.70000
8313.65000
8327.75000
8342.00000
8356.95000
8372.82500
8613.65000
8627.77500
8642.05000
8657.00000
8672.95000
8913.65000
8927.77500
8942.07500
8957.07500
8973.10000
9213.67500
9227.80000
9242.10000
9257.12500
9273.20000
9513.67500
9527.82500
9542.15000
9557.17500
9573.37500
9813.67500
9827.85000
9842.17500
9857.22500
9873.52500

