$ Stimulation Interval(ms): 300
$ Delay(ms): 18.462124
$ Number of data : 444
$ TSTOP : 10000
29.00000
41.17500
51.65000
61.37500
70.75000
79.97500
89.12500
98.27500
107.42500
116.62500
125.85000
135.15000
144.55000
154.00000
163.55000
173.17500
182.92500
192.77500
202.72500
439.50000
459.42500
473.50000
484.40000
495.20000
505.72500
720.35000
735.17500
750.65000
763.05000
778.62500
789.07500
799.77500
810.27500
1020.97500
1032.87500
1046.27500
1056.60000
1067.42500
1077.67500
1088.20000
1098.52500
1108.85000
1305.90000
1322.22500
1339.45000
1353.70000
1365.27500
1375.62500
1385.85000
1396.05000
1406.30000
1590.52500
1607.07500
1622.47500
1633.55000
1644.20000
1657.02500
1667.10000
1677.07500
1687.10000
1697.17500
1707.32500
1891.10000
1907.97500
1920.50000
1933.10000
1943.32500
1953.32500
1963.25000
1973.15000
1983.10000
1993.12500
2003.22500
2203.45000
2220.82500
2236.40000
2246.70000
2256.72500
2266.70000
2276.65000
2286.67500
2296.75000
2306.90000
2504.55000
2518.92500
2531.72500
2541.70000
2551.55000
2561.37500
2571.22500
2581.15000
2591.12500
2601.20000
2611.50000
2792.02500
2806.67500
2819.45000
2829.67500
2839.92500
2851.65000
2861.65000
2871.55000
2881.50000
2891.47500
2901.55000
3085.90000
3102.07500
3113.07500
3123.12500
3132.95000
3142.67500
3152.40000
3162.15000
3171.92500
3181.80000
3191.72500
3201.75000
3377.80000
3393.20000
3406.37500
3421.62500
3435.15000
3445.35000
3455.57500
3465.62500
3475.60000
3485.57500
3495.62500
3505.75000
3688.97500
3699.95000
3711.85000
3723.10000
3733.30000
3743.47500
3756.00000
3765.95000
3775.85000
3785.77500
3795.80000
3805.90000
3977.55000
3991.45000
4006.92500
4020.17500
4030.25000
4040.72500
4050.72500
4060.57500
4070.45000
4080.35000
4090.30000
4100.35000
4110.47500
4273.50000
4288.05000
4303.10000
4313.25000
4323.00000
4332.67500
4342.30000
4351.92500
4361.62500
4371.37500
4381.20000
4391.10000
4401.10000
4411.20000
4577.05000
4589.22500
4602.37500
4613.30000
4623.10000
4632.72500
4642.35000
4651.97500
4661.67500
4671.40000
4681.22500
4691.12500
4701.12500
4711.25000
4872.45000
4888.47500
4903.50000
4913.32500
4923.55000
4933.27500
4943.17500
4952.95000
4962.72500
4972.52500
4982.37500
4992.32500
5002.35000
5163.57500
5177.60000
5190.60000
5205.47500
5220.12500
5229.97500
5239.65000
5249.30000
5258.97500
5268.70000
5278.50000
5288.40000
5298.37500
5308.45000
5474.17500
5489.60000
5503.27500
5514.55000
5524.77500
5534.52500
5544.20000
5553.85000
5563.57500
5573.35000
5583.20000
5593.12500
5603.15000
5775.45000
5788.17500
5801.05000
5810.82500
5821.42500
5831.12500
5840.72500
5850.35000
5860.00000
5869.72500
5879.52500
5889.40000
5899.40000
5909.47500
6063.85000
6076.47500
6090.27500
6106.32500
6116.25000
6126.22500
6135.95000
6145.60000
6155.25000
6164.97500
6174.75000
6184.60000
6194.52500
6204.57500
6363.67500
6375.95000
6389.10000
6399.67500
6409.85000
6422.60000
6432.32500
6441.92500
6451.55000
6461.20000
6470.92500
6480.72500
6490.62500
6500.60000
6510.70000
6662.27500
6674.32500
6688.02500
6697.85000
6707.85000
6717.42500
6726.92500
6736.42500
6745.95000
6755.52500
6765.17500
6774.90000
6784.70000
6794.62500
6804.62500
6958.25000
6973.25000
6983.72500
6996.07500
7006.80000
7016.42500
7025.92500
7035.40000
7044.92500
7054.50000
7064.12500
7073.85000
7083.65000
7093.55000
7103.55000
7259.22500
7274.00000
7284.20000
7294.45000
7305.77500
7315.37500
7324.87500
7334.35000
7343.85000
7353.40000
7363.02500
7372.72500
7382.52500
7392.40000
7402.40000
7561.90000
7575.62500
7589.77500
7599.60000
7609.97500
7619.72500
7629.30000
7638.87500
7648.45000
7658.07500
7667.75000
7677.50000
7687.35000
7697.30000
7707.35000
7859.37500
7870.27500
7881.80000
7891.47500
7901.50000
7911.02500
7920.45000
7929.87500
7939.32500
7948.85000
7958.40000
7968.05000
7977.80000
7987.62500
7997.55000
8007.57500
8159.55000
8174.57500
8190.12500
8199.87500
8210.15000
8219.72500
8229.22500
8238.70000
8248.25000
8257.85000
8267.50000
8277.25000
8287.10000
8297.02500
8307.07500
8448.32500
8460.52500
8473.60000
8483.62500
8493.50000
8503.02500
8512.42500
8521.80000
8531.20000
8540.62500
8550.12500
8559.67500
8569.32500
8579.05000
8588.87500
8598.80000
8608.85000
8757.12500
8770.55000
8780.47500
8790.37500
8800.12500
8809.80000
8819.25000
8828.67500
8838.12500
8847.60000
8857.17500
8866.80000
8876.52500
8886.32500
8896.25000
8906.25000
9048.62500
9060.77500
9074.07500
9088.40000
9098.07500
9107.50000
9116.87500
9126.25000
9135.67500
9145.12500
9154.67500
9164.27500
9173.97500
9183.75000
9193.65000
9203.62500
9344.57500
9358.62500
9368.87500
9378.57500
9388.00000
9397.32500
9406.60000
9415.87500
9425.17500
9434.52500
9443.95000
9453.42500
9463.00000
9472.65000
9482.40000
9492.25000
9502.22500
9648.30000
9660.45000
9673.02500
9682.70000
9692.10000
9701.42500
9710.70000
9720.00000
9729.35000
9738.72500
9748.20000
9757.72500
9767.32500
9777.02500
9786.85000
9796.75000
9806.75000
9948.50000
9961.70000
9972.00000
9981.95000
9991.47500

