$ Stimulation Interval(ms): 300
$ Delay(ms): 204.926443
$ Number of data : 423
$ TSTOP : 10000
209.35000
221.80000
234.17500
246.65000
259.30000
272.10000
285.05000
298.12500
311.37500
324.80000
338.45000
352.37500
366.57500
381.05000
395.87500
411.07500
426.92500
443.25000
459.20000
475.32500
492.47500
512.25000
524.80000
537.27500
549.85000
562.62500
575.52500
588.55000
601.77500
615.15000
628.75000
642.60000
656.72500
671.15000
685.85000
700.82500
716.42500
812.00000
824.57500
837.12500
849.72500
862.52500
875.45000
888.52500
901.77500
915.20000
928.82500
942.67500
956.82500
971.32500
986.20000
1001.72500
1112.10000
1124.72500
1137.27500
1149.95000
1162.77500
1175.77500
1188.95000
1202.35000
1215.97500
1229.82500
1243.95000
1258.30000
1273.02500
1288.37500
1304.45000
1320.00000
1335.85000
1352.07500
1412.10000
1424.67500
1437.25000
1449.92500
1462.85000
1475.90000
1489.12500
1502.55000
1516.17500
1530.05000
1544.17500
1558.57500
1573.35000
1588.70000
1605.70000
1621.35000
1637.22500
1653.97500
1712.17500
1724.82500
1737.40000
1750.10000
1763.02500
1776.12500
1789.37500
1802.85000
1816.55000
1830.57500
1844.90000
1859.55000
1874.40000
1889.60000
1905.52500
2012.17500
2024.75000
2037.30000
2050.02500
2062.97500
2076.07500
2089.35000
2102.82500
2116.50000
2130.45000
2144.72500
2159.30000
2174.30000
2189.97500
2312.15000
2324.72500
2337.30000
2350.02500
2363.00000
2376.12500
2389.42500
2402.92500
2416.67500
2430.70000
2445.10000
2459.90000
2475.12500
2491.05000
2612.20000
2624.82500
2637.42500
2650.20000
2663.20000
2676.37500
2689.72500
2703.27500
2717.07500
2731.15000
2745.55000
2760.30000
2775.57500
2912.15000
2924.75000
2937.37500
2950.15000
2963.17500
2976.35000
2989.70000
3003.27500
3017.07500
3031.17500
3045.62500
3060.45000
3075.82500
3212.22500
3224.82500
3237.45000
3250.25000
3263.30000
3276.52500
3289.92500
3303.52500
3317.37500
3331.50000
3346.00000
3360.90000
3376.42500
3512.22500
3524.85000
3537.50000
3550.32500
3563.40000
3576.62500
3590.05000
3603.67500
3617.55000
3631.75000
3646.27500
3661.17500
3676.62500
3812.22500
3824.82500
3837.50000
3850.32500
3863.42500
3876.67500
3890.12500
3903.77500
3917.70000
3931.92500
3946.50000
3961.55000
3977.40000
4112.25000
4124.87500
4137.55000
4150.42500
4163.52500
4176.80000
4190.27500
4203.97500
4217.92500
4232.20000
4246.85000
4261.97500
4278.20000
4412.17500
4424.80000
4437.50000
4450.37500
4463.52500
4476.82500
4490.32500
4504.02500
4518.00000
4532.30000
4546.97500
4562.15000
4578.72500
4712.17500
4724.82500
4737.52500
4750.42500
4763.57500
4776.90000
4790.42500
4804.17500
4818.17500
4832.50000
4847.22500
4862.50000
5012.20000
5024.85000
5037.57500
5050.50000
5063.67500
5077.02500
5090.55000
5104.32500
5118.37500
5132.75000
5147.52500
5162.87500
5312.20000
5324.87500
5337.62500
5350.55000
5363.75000
5377.12500
5390.67500
5404.50000
5418.57500
5432.97500
5447.82500
5463.27500
5612.20000
5624.90000
5637.65000
5650.60000
5663.82500
5677.20000
5690.80000
5704.65000
5718.75000
5733.22500
5748.12500
5763.67500
5912.22500
5924.92500
5937.70000
5950.65000
5963.90000
5977.30000
5990.92500
6004.80000
6018.95000
6033.45000
6048.42500
6064.12500
6212.22500
6224.92500
6237.72500
6250.70000
6263.95000
6277.40000
6291.05000
6304.95000
6319.12500
6333.67500
6348.72500
6364.65000
6512.22500
6524.97500
6537.77500
6550.77500
6564.05000
6577.50000
6591.17500
6605.10000
6619.32500
6633.92500
6649.05000
6665.42500
6812.25000
6824.97500
6837.80000
6850.82500
6864.10000
6877.57500
6891.30000
6905.25000
6919.50000
6934.17500
6949.37500
7112.25000
7125.00000
7137.82500
7150.85000
7164.17500
7177.67500
7191.40000
7205.37500
7219.67500
7234.40000
7249.67500
7412.25000
7425.02500
7437.85000
7450.90000
7464.25000
7477.75000
7491.50000
7505.52500
7519.87500
7534.62500
7550.00000
7712.27500
7725.05000
7737.90000
7750.95000
7764.30000
7777.85000
7791.62500
7805.67500
7820.05000
7834.85000
7850.35000
8012.27500
8025.07500
8037.92500
8051.00000
8064.37500
8077.92500
8091.72500
8105.80000
8120.22500
8135.10000
8150.75000
8312.27500
8325.07500
8337.95000
8351.05000
8364.42500
8378.02500
8391.82500
8405.95000
8420.40000
8435.35000
8451.20000
8612.30000
8625.10000
8638.00000
8651.10000
8664.50000
8678.10000
8691.95000
8706.07500
8720.57500
8735.60000
8751.72500
8912.30000
8925.12500
8938.02500
8951.15000
8964.57500
8978.17500
8992.05000
9006.22500
9020.77500
9035.85000
9212.30000
9225.15000
9238.05000
9251.20000
9264.62500
9278.25000
9292.15000
9306.35000
9320.92500
9336.10000
9512.32500
9525.15000
9538.07500
9551.22500
9564.67500
9578.32500
9592.25000
9606.47500
9621.10000
9636.32500
9812.32500
9825.17500
9838.10000
9851.27500
9864.75000
9878.40000
9892.35000
9906.60000
9921.27500
9936.57500

