$ Stimulation Interval(ms): 300
$ Delay(ms): 215.330667
$ Number of data : 466
$ TSTOP : 10000
219.85000
232.30000
244.75000
257.32500
270.00000
282.80000
295.77500
308.87500
322.17500
335.62500
349.25000
363.07500
377.10000
391.35000
405.85000
420.65000
435.75000
451.10000
466.80000
482.62500
498.90000
524.35000
536.82500
549.37500
562.00000
574.75000
587.65000
600.67500
613.87500
627.25000
640.82500
654.60000
668.62500
682.85000
697.35000
712.10000
727.15000
742.42500
758.00000
774.22500
791.57500
822.50000
834.97500
847.52500
860.25000
873.05000
886.02500
899.17500
912.45000
925.92500
939.57500
953.40000
967.42500
981.67500
996.15000
1010.87500
1025.95000
1041.45000
1057.60000
1073.82500
1122.57500
1135.05000
1147.67500
1160.42500
1173.30000
1186.32500
1199.55000
1212.92500
1226.50000
1240.25000
1254.22500
1268.45000
1282.95000
1297.75000
1312.82500
1328.15000
1343.77500
1359.55000
1376.07500
1422.57500
1435.07500
1447.75000
1460.52500
1473.42500
1486.50000
1499.75000
1513.17500
1526.80000
1540.62500
1554.67500
1568.95000
1583.52500
1598.40000
1613.52500
1628.87500
1644.67500
1660.82500
1722.57500
1735.10000
1747.75000
1760.55000
1773.50000
1786.60000
1799.87500
1813.32500
1826.97500
1840.85000
1854.95000
1869.30000
1883.92500
1898.92500
1914.25000
1929.97500
1946.47500
1963.00000
2022.65000
2035.15000
2047.85000
2060.72500
2073.72500
2086.90000
2100.25000
2113.77500
2127.50000
2141.42500
2155.60000
2170.02500
2184.82500
2200.00000
2215.57500
2231.32500
2247.60000
2264.22500
2322.57500
2335.12500
2347.85000
2360.72500
2373.75000
2386.95000
2400.32500
2413.90000
2427.67500
2441.67500
2455.92500
2470.47500
2485.40000
2500.75000
2516.55000
2532.42500
2548.90000
2622.62500
2635.20000
2647.92500
2660.85000
2673.90000
2687.15000
2700.55000
2714.17500
2728.02500
2742.10000
2756.42500
2771.07500
2786.10000
2801.52500
2817.10000
2833.17500
2849.60000
2922.62500
2935.22500
2948.00000
2960.92500
2974.02500
2987.30000
3000.75000
3014.40000
3028.27500
3042.40000
3056.77500
3071.50000
3086.67500
3102.32500
3118.05000
3134.10000
3150.55000
3222.67500
3235.27500
3248.07500
3261.05000
3274.17500
3287.47500
3300.97500
3314.67500
3328.60000
3342.77500
3357.22500
3372.05000
3387.35000
3403.15000
3418.95000
3435.27500
3451.72500
3522.72500
3535.35000
3548.17500
3561.17500
3574.32500
3587.67500
3601.22500
3614.97500
3628.95000
3643.17500
3657.70000
3672.62500
3688.05000
3704.00000
3719.97500
3736.70000
3822.70000
3835.35000
3848.17500
3861.20000
3874.37500
3887.75000
3901.32500
3915.10000
3929.12500
3943.40000
3958.02500
3973.05000
3988.65000
4004.85000
4020.67500
4122.70000
4135.37500
4148.22500
4161.27500
4174.47500
4187.87500
4201.47500
4215.30000
4229.35000
4243.70000
4258.37500
4273.52500
4289.30000
4305.57500
4321.60000
4422.70000
4435.40000
4448.27500
4461.35000
4474.57500
4488.00000
4501.62500
4515.47500
4529.60000
4544.00000
4558.75000
4574.00000
4590.05000
4606.45000
4622.70000
4722.75000
4735.45000
4748.35000
4761.45000
4774.70000
4788.15000
4801.82500
4815.72500
4829.87500
4844.32500
4859.17500
4874.52500
4890.70000
4906.57500
4923.40000
4941.62500
5022.72500
5035.47500
5048.37500
5061.50000
5074.77500
5088.25000
5101.95000
5115.90000
5130.10000
5144.62500
5159.55000
5175.05000
5191.62500
5207.50000
5322.75000
5335.50000
5348.42500
5361.57500
5374.87500
5388.37500
5402.10000
5416.07500
5430.32500
5444.90000
5459.90000
5475.57500
5622.75000
5635.52500
5648.47500
5661.62500
5674.95000
5688.47500
5702.25000
5716.25000
5730.52500
5745.15000
5760.25000
5776.10000
5922.77500
5935.55000
5948.52500
5961.67500
5975.02500
5988.57500
6002.37500
6016.40000
6030.72500
6045.42500
6060.60000
6076.77500
6222.77500
6235.57500
6248.55000
6261.72500
6275.10000
6288.67500
6302.47500
6316.55000
6330.92500
6345.65000
6360.92500
6522.80000
6535.57500
6548.57500
6561.77500
6575.17500
6588.75000
6602.60000
6616.70000
6631.10000
6645.87500
6661.25000
6822.80000
6835.60000
6848.62500
6861.82500
6875.22500
6888.85000
6902.70000
6916.82500
6931.27500
6946.10000
6961.55000
7122.80000
7135.62500
7148.65000
7161.87500
7175.30000
7188.92500
7202.82500
7216.97500
7231.45000
7246.35000
7261.92500
7422.82500
7435.65000
7448.70000
7461.92500
7475.37500
7489.02500
7502.92500
7517.10000
7531.62500
7546.57500
7562.32500
7722.82500
7735.67500
7748.72500
7761.97500
7775.42500
7789.10000
7803.02500
7817.25000
7831.80000
7846.80000
7862.77500
8022.82500
8035.70000
8048.75000
8062.02500
8075.50000
8089.20000
8103.15000
8117.40000
8131.97500
8147.02500
8163.27500
8322.85000
8335.70000
8348.80000
8362.07500
8375.55000
8389.27500
8403.25000
8417.52500
8432.15000
8447.25000
8464.37500
8622.85000
8635.72500
8648.82500
8662.12500
8675.62500
8689.35000
8703.35000
8717.65000
8732.32500
8747.50000
8922.85000
8935.75000
8948.85000
8962.15000
8975.67500
8989.42500
9003.45000
9017.77500
9032.47500
9047.70000
9222.87500
9235.77500
9248.87500
9262.20000
9275.75000
9289.52500
9303.55000
9317.90000
9332.62500
9347.90000
9522.87500
9535.77500
9548.92500
9562.25000
9575.80000
9589.57500
9603.65000
9618.02500
9632.77500
9648.07500
9822.87500
9835.80000
9848.95000
9862.27500
9875.85000
9889.65000
9903.75000
9918.15000
9932.92500
9948.27500

