$ Stimulation Interval(ms): 300
$ Delay(ms): 18.462124
$ Number of data : 512
$ TSTOP : 10000
23.45000
32.60000
40.77500
48.45000
55.82500
63.02500
70.10000
77.10000
84.10000
91.07500
98.02500
105.02500
112.02500
119.02500
126.07500
133.17500
140.27500
147.42500
154.62500
161.85000
169.12500
176.42500
183.80000
191.20000
198.65000
206.15000
215.17500
230.60000
374.27500
401.72500
430.35000
460.97500
491.12500
507.12500
663.55000
678.05000
692.37500
721.70000
763.75000
779.02500
793.82500
809.57500
834.17500
964.80000
992.15000
1007.82500
1036.27500
1056.27500
1087.57500
1102.22500
1134.00000
1263.75000
1279.17500
1306.67500
1322.40000
1352.02500
1368.62500
1381.90000
1397.77500
1416.70000
1556.62500
1578.55000
1607.37500
1623.15000
1638.42500
1667.97500
1681.92500
1696.35000
1715.05000
1869.82500
1902.05000
1930.27500
1946.37500
1962.02500
1977.67500
1987.65000
1998.82500
2009.62500
2033.42500
2156.17500
2179.67500
2194.77500
2209.80000
2231.00000
2247.80000
2269.70000
2284.10000
2300.05000
2309.30000
2329.95000
2456.92500
2479.85000
2494.97500
2510.05000
2525.55000
2539.85000
2554.27500
2570.22500
2584.70000
2595.57500
2604.00000
2630.35000
2756.70000
2780.40000
2795.67500
2810.97500
2831.27500
2850.00000
2870.90000
2885.22500
2895.60000
2904.42500
2924.60000
3057.10000
3080.85000
3096.17500
3111.52500
3125.67500
3141.22500
3155.87500
3171.90000
3182.47500
3192.87500
3204.52500
3225.00000
3357.47500
3381.40000
3396.70000
3412.12500
3426.67500
3442.32500
3455.75000
3466.87500
3476.70000
3486.52500
3495.30000
3504.15000
3516.52500
3533.62500
3654.20000
3668.87500
3682.70000
3697.20000
3711.55000
3727.15000
3741.57500
3757.57500
3767.72500
3777.67500
3787.27500
3798.50000
3807.77500
3821.50000
3835.45000
3954.10000
3968.82500
3982.82500
3997.70000
4012.15000
4027.52500
4042.35000
4054.05000
4063.60000
4073.90000
4084.50000
4093.10000
4102.45000
4111.80000
4125.45000
4254.17500
4268.82500
4283.07500
4298.15000
4312.72500
4328.27500
4342.12500
4353.42500
4363.52500
4374.37500
4382.70000
4391.17500
4399.02500
4407.37500
4417.42500
4433.80000
4554.20000
4568.82500
4583.35000
4598.55000
4613.25000
4628.40000
4643.37500
4653.30000
4662.65000
4675.30000
4683.25000
4691.95000
4699.77500
4707.92500
4717.60000
4733.97500
4854.32500
4869.00000
4883.75000
4899.02500
4913.55000
4929.10000
4940.32500
4953.05000
4961.77500
4971.52500
4980.15000
4988.27500
4997.17500
5005.27500
5016.65000
5030.62500
5154.45000
5169.22500
5184.10000
5199.42500
5214.07500
5229.00000
5240.22500
5249.42500
5259.87500
5268.02500
5276.25000
5283.92500
5292.25000
5299.95000
5307.60000
5317.30000
5330.82500
5454.60000
5469.47500
5484.45000
5499.82500
5514.52500
5528.32500
5539.55000
5549.05000
5560.07500
5568.32500
5577.37500
5585.20000
5594.47500
5602.37500
5610.25000
5621.80000
5634.97500
5754.82500
5769.77500
5784.82500
5800.30000
5815.12500
5828.90000
5840.27500
5849.57500
5860.52500
5868.75000
5877.62500
5885.75000
5894.55000
5902.40000
5912.60000
5925.70000
6046.82500
6069.67500
6085.15000
6100.77500
6115.22500
6130.20000
6141.05000
6150.27500
6161.32500
6169.50000
6178.47500
6186.67500
6194.92500
6203.30000
6216.57500
6230.62500
6346.62500
6369.92500
6385.37500
6401.02500
6415.85000
6426.72500
6435.85000
6446.07500
6453.77500
6462.00000
6469.52500
6477.97500
6485.55000
6493.10000
6500.65000
6508.22500
6517.55000
6530.87500
6646.60000
6670.20000
6685.72500
6701.22500
6715.25000
6726.02500
6735.30000
6746.02500
6754.17500
6762.50000
6770.07500
6778.57500
6786.17500
6793.72500
6801.27500
6808.87500
6818.00000
6833.62500
6946.77500
6970.50000
6986.05000
7001.62500
7014.87500
7026.07500
7035.40000
7046.55000
7054.70000
7063.65000
7071.40000
7080.37500
7088.10000
7095.72500
7103.35000
7112.50000
7125.52500
7247.00000
7270.80000
7286.40000
7302.10000
7315.32500
7326.70000
7335.87500
7346.75000
7354.92500
7363.80000
7372.02500
7380.45000
7388.10000
7395.70000
7403.30000
7412.45000
7425.50000
7547.15000
7571.07500
7586.75000
7602.12500
7617.35000
7627.15000
7635.22500
7648.00000
7655.72500
7664.20000
7671.82500
7680.40000
7688.10000
7697.22500
7705.02500
7716.60000
7730.62500
7843.40000
7857.50000
7871.95000
7887.25000
7902.67500
7917.30000
7927.72500
7936.42500
7944.05000
7951.50000
7958.95000
7966.75000
7974.30000
7982.25000
7989.85000
7997.42500
8005.00000
8016.55000
8030.57500
8143.27500
8157.55000
8172.20000
8187.65000
8202.57500
8212.77500
8222.22500
8233.97500
8242.02500
8250.32500
8258.30000
8266.85000
8274.50000
8282.80000
8290.42500
8298.02500
8305.60000
8316.67500
8330.62500
8443.30000
8457.72500
8472.47500
8488.15000
8503.05000
8512.95000
8522.15000
8530.67500
8539.62500
8547.60000
8555.10000
8562.50000
8569.92500
8577.35000
8584.77500
8592.25000
8599.77500
8607.32500
8617.20000
8630.72500
8743.27500
8757.87500
8772.67500
8788.02500
8802.92500
8818.30000
8826.27500
8835.30000
8843.02500
8851.75000
8859.40000
8867.30000
8874.87500
8882.37500
8889.90000
8897.42500
8905.00000
8916.57500
8930.62500
9043.32500
9058.10000
9072.95000
9088.45000
9103.67500
9113.75000
9123.07500
9133.17500
9140.90000
9149.60000
9157.15000
9165.50000
9173.02500
9180.50000
9187.97500
9195.47500
9203.00000
9211.95000
9223.55000
9237.37500
9343.37500
9358.30000
9373.27500
9388.45000
9403.00000
9413.10000
9421.47500
9429.12500
9436.72500
9444.20000
9451.97500
9459.82500
9467.32500
9474.77500
9482.22500
9489.70000
9497.20000
9504.75000
9516.57500
9530.65000
9643.50000
9658.52500
9673.60000
9688.92500
9703.27500
9713.52500
9721.47500
9730.35000
9738.02500
9745.50000
9753.35000
9760.85000
9768.27500
9775.70000
9783.15000
9790.62500
9798.12500
9805.65000
9816.70000
9830.67500
9943.62500
9958.65000
9973.72500
9989.05000
9998.85000

