$ Stimulation Interval(ms): 300
$ Delay(ms): 17.581766
$ Number of data : 235
$ TSTOP : 10000
22.57500
31.72500
39.90000
47.57500
54.97500
62.15000
69.22500
76.25000
83.22500
90.20000
97.17500
104.15000
111.15000
118.17500
125.22500
132.30000
139.40000
146.55000
153.75000
160.97500
168.25000
175.57500
182.92500
190.32500
197.77500
205.75000
214.32500
226.37500
2005.70000
2031.37500
2329.57500
2601.82500
2630.00000
2902.75000
2929.57500
3188.07500
3204.15000
3229.30000
3474.45000
3491.47500
3503.67500
3529.10000
3772.32500
3787.22500
3802.25000
3814.62500
3829.47500
4065.05000
4080.92500
4092.20000
4103.65000
4116.77500
4129.92500
4374.65000
4390.15000
4405.07500
4416.22500
4429.62500
4676.50000
4691.87500
4705.50000
4716.42500
4730.12500
4956.55000
4972.02500
4983.80000
4993.97500
5004.47500
5015.65000
5029.42500
5249.42500
5265.87500
5276.65000
5287.80000
5296.00000
5305.40000
5316.17500
5329.52500
5550.12500
5563.55000
5577.37500
5593.95000
5603.57500
5613.65000
5629.17500
5846.15000
5861.67500
5877.55000
5888.90000
5897.35000
5907.52500
5917.42500
5930.00000
6145.52500
6161.62500
6173.80000
6184.80000
6193.87500
6202.70000
6213.37500
6229.12500
6422.30000
6436.95000
6447.35000
6461.52500
6473.20000
6481.35000
6490.85000
6498.82500
6507.92500
6517.35000
6529.82500
6733.65000
6747.77500
6761.82500
6773.92500
6782.05000
6791.67500
6799.65000
6807.47500
6816.90000
6829.65000
7033.82500
7047.82500
7063.20000
7079.82500
7088.30000
7096.20000
7103.97500
7113.40000
7129.05000
7332.17500
7347.85000
7363.57500
7373.65000
7382.17500
7391.15000
7399.10000
7406.92500
7416.57500
7429.57500
7632.75000
7648.92500
7664.52500
7673.37500
7682.77500
7697.40000
7705.60000
7716.17500
7729.60000
7924.07500
7938.90000
7949.37500
7963.55000
7971.62500
7981.37500
7989.35000
7997.12500
8004.85000
8014.65000
8029.22500
8224.10000
8237.02500
8249.27500
8265.57500
8273.67500
8283.00000
8290.95000
8299.10000
8306.92500
8316.57500
8329.62500
8519.12500
8534.45000
8546.52500
8556.40000
8564.65000
8572.45000
8580.42500
8588.12500
8595.75000
8603.40000
8613.07500
8628.97500
8819.30000
8834.70000
8850.60000
8859.85000
8868.15000
8876.00000
8883.92500
8891.65000
8899.32500
8907.00000
8916.55000
8929.57500
9105.65000
9126.57500
9141.37500
9151.27500
9160.25000
9168.65000
9176.50000
9184.55000
9192.35000
9200.05000
9207.75000
9217.02500
9229.72500
9407.35000
9420.32500
9434.32500
9446.25000
9454.25000
9463.52500
9471.30000
9480.65000
9488.42500
9496.07500
9503.70000
9513.22500
9529.02500
9706.05000
9720.15000
9735.90000
9750.40000
9761.05000
9768.97500
9778.02500
9785.72500
9793.32500
9800.95000
9810.17500
9820.22500
9830.67500

