$ Stimulation Interval(ms): 300
$ Delay(ms): 18.462124
$ Number of data : 574
$ TSTOP : 10000
22.80000
31.40000
39.12500
46.45000
53.50000
60.35000
67.10000
73.80000
80.45000
87.07500
93.70000
100.35000
107.00000
113.65000
120.32500
127.02500
133.77500
140.52500
147.32500
154.15000
161.00000
167.90000
174.82500
181.80000
188.82500
195.85000
202.95000
213.00000
226.15000
246.15000
344.40000
358.35000
371.62500
385.47500
408.42500
424.02500
438.57500
452.97500
467.75000
496.27500
537.47500
636.92500
650.40000
663.40000
676.70000
690.37500
704.30000
718.47500
732.92500
747.62500
762.60000
776.80000
791.95000
808.65000
947.42500
961.32500
974.77500
988.47500
1002.50000
1018.20000
1037.37500
1059.02500
1084.15000
1104.35000
1240.45000
1259.17500
1272.97500
1286.75000
1300.70000
1314.92500
1330.00000
1354.07500
1369.20000
1380.95000
1395.97500
1432.37500
1536.87500
1558.95000
1572.72500
1586.57500
1600.67500
1615.20000
1630.27500
1645.55000
1661.10000
1679.95000
1695.82500
1710.65000
1727.80000
1837.47500
1852.27500
1869.05000
1883.15000
1902.92500
1917.37500
1931.47500
1946.27500
1961.47500
1976.90000
1992.35000
2004.70000
2024.50000
2136.72500
2150.60000
2164.50000
2174.62500
2187.80000
2201.87500
2216.32500
2231.05000
2246.10000
2262.45000
2278.52500
2289.17500
2303.65000
2316.12500
2336.97500
2439.67500
2453.67500
2466.97500
2480.42500
2494.02500
2508.30000
2523.05000
2538.10000
2552.27500
2567.67500
2583.85000
2593.47500
2606.67500
2632.80000
2737.70000
2751.60000
2765.10000
2779.15000
2794.05000
2817.77500
2833.02500
2848.32500
2863.00000
2878.60000
2893.22500
2903.25000
2917.27500
2937.17500
3039.82500
3054.02500
3066.82500
3080.55000
3094.77500
3109.30000
3124.27500
3138.50000
3153.72500
3169.52500
3179.92500
3189.77500
3200.22500
3212.45000
3229.20000
3247.20000
3337.00000
3351.77500
3365.45000
3377.52500
3390.20000
3404.30000
3419.02500
3434.10000
3448.30000
3463.87500
3478.07500
3488.30000
3496.70000
3508.20000
3520.77500
3533.50000
3638.02500
3653.05000
3666.85000
3681.07500
3696.27500
3719.17500
3734.72500
3749.02500
3760.15000
3773.05000
3782.37500
3794.72500
3804.70000
3821.15000
3833.32500
3938.20000
3953.20000
3967.10000
3981.32500
3992.35000
4005.47500
4020.20000
4035.40000
4049.77500
4065.45000
4080.27500
4091.12500
4100.45000
4110.65000
4124.25000
4136.97500
4238.22500
4253.20000
4267.30000
4281.70000
4292.47500
4305.77500
4320.62500
4334.97500
4350.42500
4364.87500
4375.07500
4383.75000
4393.50000
4402.67500
4413.35000
4425.02500
4437.17500
4538.30000
4553.60000
4567.67500
4579.10000
4591.62500
4606.05000
4621.12500
4635.65000
4646.87500
4659.77500
4668.50000
4681.92500
4689.97500
4699.15000
4706.75000
4716.97500
4729.50000
4838.45000
4853.82500
4867.95000
4879.07500
4891.92500
4906.47500
4921.62500
4935.97500
4946.70000
4958.15000
4967.77500
4977.12500
4985.42500
4993.95000
5002.87500
5016.77500
5029.47500
5138.55000
5154.05000
5168.22500
5179.30000
5192.25000
5206.87500
5222.07500
5236.55000
5247.45000
5260.57500
5269.57500
5279.55000
5288.22500
5297.80000
5307.12500
5317.02500
5329.57500
5438.67500
5454.32500
5468.55000
5479.40000
5492.62500
5507.35000
5522.65000
5537.22500
5548.07500
5558.20000
5567.82500
5578.02500
5585.90000
5594.90000
5602.55000
5610.67500
5621.07500
5633.22500
5738.65000
5754.50000
5768.82500
5779.52500
5792.90000
5807.72500
5823.10000
5837.40000
5848.62500
5857.65000
5868.97500
5877.27500
5886.20000
5893.70000
5901.65000
5909.07500
5920.70000
5933.12500
6038.75000
6054.75000
6069.15000
6079.70000
6093.22500
6108.17500
6123.65000
6133.82500
6146.85000
6155.55000
6164.22500
6172.20000
6180.75000
6188.57500
6196.90000
6204.42500
6217.05000
6229.60000
6338.77500
6355.00000
6366.30000
6379.02500
6393.47500
6408.52500
6424.10000
6434.37500
6445.02500
6454.20000
6463.65000
6471.47500
6480.07500
6487.77500
6496.35000
6504.27500
6513.62500
6525.05000
6537.22500
6638.82500
6655.20000
6666.37500
6679.27500
6693.82500
6708.92500
6723.55000
6734.40000
6744.07500
6754.07500
6763.85000
6771.50000
6778.82500
6786.65000
6793.97500
6801.92500
6809.25000
6821.10000
6833.27500
6938.72500
6953.32500
6965.40000
6979.40000
6994.15000
7009.27500
7024.80000
7035.25000
7047.80000
7056.00000
7065.00000
7072.60000
7079.97500
7087.82500
7095.52500
7102.87500
7112.25000
7122.12500
7133.55000
7238.30000
7252.25000
7265.32500
7279.65000
7294.47500
7309.67500
7325.37500
7335.72500
7347.92500
7356.45000
7365.50000
7373.10000
7381.65000
7389.20000
7396.60000
7404.80000
7415.87500
7429.42500
7447.90000
7537.82500
7552.00000
7565.52500
7579.95000
7594.85000
7610.12500
7625.62500
7636.45000
7646.30000
7655.82500
7663.52500
7672.42500
7679.85000
7687.57500
7694.90000
7702.87500
7711.27500
7722.30000
7733.70000
7837.60000
7851.85000
7865.72500
7880.25000
7895.22500
7910.62500
7920.95000
7930.65000
7940.30000
7950.00000
7957.95000
7967.02500
7974.35000
7981.57500
7988.87500
7996.12500
8003.32500
8011.85000
8021.30000
8033.30000
8137.75000
8152.00000
8165.92500
8180.50000
8195.52500
8210.97500
8221.32500
8230.47500
8241.57500
8251.37500
8258.87500
8266.20000
8273.95000
8281.57500
8289.55000
8296.90000
8305.15000
8315.92500
8329.45000
8347.72500
8437.80000
8452.12500
8466.12500
8480.72500
8495.70000
8511.05000
8521.60000
8531.27500
8541.97500
8549.47500
8557.60000
8565.12500
8572.85000
8580.07500
8588.15000
8595.40000
8602.60000
8609.85000
8620.72500
8633.17500
8737.90000
8752.25000
8766.35000
8781.00000
8796.05000
8811.57500
8822.07500
8831.67500
8841.30000
8849.65000
8857.90000
8865.20000
8872.87500
8880.05000
8887.20000
8894.35000
8901.50000
8908.70000
8917.07500
8929.57500
8947.62500
9037.97500
9052.40000
9066.55000
9081.25000
9096.37500
9107.50000
9118.70000
9127.85000
9137.00000
9144.40000
9153.05000
9160.50000
9168.00000
9175.67500
9182.92500
9190.12500
9197.37500
9204.60000
9213.45000
9224.82500
9235.45000
9338.10000
9352.57500
9366.77500
9381.52500
9396.70000
9407.17500
9418.75000
9428.00000
9437.77500
9445.65000
9454.12500
9461.92500
9469.17500
9476.35000
9483.52500
9491.20000
9498.45000
9506.87500
9516.42500
9529.52500
9547.62500
9638.25000
9652.75000
9667.00000
9681.82500
9697.07500
9707.45000
9719.45000
9729.07500
9737.55000
9745.95000
9753.92500
9761.57500
9768.95000
9776.27500
9783.55000
9791.25000
9798.57500
9805.82500
9816.02500
9829.52500
9847.52500
9938.40000
9952.92500
9967.22500
9982.12500
9997.47500

