$ Stimulation Interval(ms): 300
$ Delay(ms): 204.892214
$ Number of data : 596
$ TSTOP : 10000
209.12500
221.32500
233.42500
245.57500
257.82500
270.22500
282.77500
295.42500
308.25000
321.17500
334.27500
347.50000
360.87500
374.42500
388.12500
402.02500
416.07500
430.30000
444.75000
459.45000
474.45000
489.65000
505.25000
517.37500
529.65000
541.82500
554.00000
566.35000
578.80000
591.37500
604.10000
616.97500
630.02500
643.22500
656.62500
670.22500
684.00000
697.92500
712.02500
726.32500
740.82500
755.57500
770.62500
785.87500
801.47500
813.87500
826.27500
838.55000
850.85000
863.30000
875.85000
888.52500
901.35000
914.32500
927.42500
940.65000
954.07500
967.62500
981.37500
995.32500
1009.52500
1023.97500
1038.72500
1053.75000
1069.07500
1084.72500
1100.67500
1113.22500
1125.57500
1137.85000
1150.17500
1162.65000
1175.22500
1187.95000
1200.80000
1213.80000
1226.95000
1240.22500
1253.67500
1267.32500
1281.12500
1295.12500
1309.35000
1323.77500
1338.47500
1353.50000
1368.82500
1384.62500
1401.25000
1413.70000
1426.12500
1438.42500
1450.75000
1463.25000
1475.85000
1488.60000
1501.47500
1514.50000
1527.67500
1541.02500
1554.52500
1568.22500
1582.12500
1596.22500
1610.57500
1625.20000
1640.22500
1655.75000
1671.62500
1687.65000
1703.85000
1716.10000
1728.45000
1740.72500
1753.05000
1765.52500
1778.12500
1790.87500
1803.75000
1816.77500
1829.95000
1843.30000
1856.82500
1870.55000
1884.50000
1898.72500
1913.22500
1928.05000
1943.07500
1958.40000
1973.97500
1989.82500
2013.05000
2025.32500
2037.65000
2050.02500
2062.60000
2075.30000
2088.15000
2101.15000
2114.30000
2127.62500
2141.12500
2154.82500
2168.70000
2182.77500
2197.10000
2211.62500
2226.40000
2241.52500
2256.92500
2272.75000
2289.05000
2306.27500
2318.42500
2330.75000
2343.02500
2355.40000
2367.95000
2380.62500
2393.45000
2406.45000
2419.60000
2432.92500
2446.42500
2460.10000
2473.97500
2488.05000
2502.35000
2516.90000
2531.75000
2546.82500
2562.20000
2578.05000
2594.12500
2611.10000
2623.52500
2635.92500
2648.35000
2660.97500
2673.72500
2686.62500
2699.70000
2712.95000
2726.35000
2739.92500
2753.67500
2767.65000
2781.82500
2796.22500
2810.90000
2825.87500
2841.22500
2857.20000
2873.75000
2911.82500
2924.25000
2936.70000
2949.17500
2961.85000
2974.67500
2987.65000
3000.77500
3014.05000
3027.50000
3041.12500
3054.92500
3068.92500
3083.10000
3097.47500
3112.12500
3127.12500
3142.47500
3158.45000
3211.90000
3224.32500
3236.77500
3249.27500
3261.97500
3274.82500
3287.80000
3300.95000
3314.25000
3327.75000
3341.40000
3355.25000
3369.30000
3383.57500
3398.07500
3412.82500
3428.00000
3443.50000
3459.72500
3511.90000
3524.32500
3536.75000
3549.27500
3562.00000
3574.85000
3587.87500
3601.05000
3614.40000
3627.90000
3641.60000
3655.47500
3669.57500
3683.85000
3698.35000
3713.12500
3728.32500
3743.75000
3760.12500
3811.90000
3824.37500
3836.80000
3849.35000
3862.10000
3874.97500
3888.02500
3901.22500
3914.60000
3928.15000
3941.90000
3955.82500
3969.95000
3984.30000
3998.85000
4013.72500
4028.97500
4044.55000
4060.77500
4111.92500
4124.42500
4136.87500
4149.45000
4162.20000
4175.12500
4188.17500
4201.40000
4214.82500
4228.40000
4242.17500
4256.15000
4270.35000
4284.75000
4299.40000
4314.37500
4329.82500
4345.75000
4411.97500
4424.45000
4436.92500
4449.50000
4462.30000
4475.22500
4488.32500
4501.57500
4515.02500
4528.62500
4542.45000
4556.47500
4570.70000
4585.15000
4599.85000
4614.92500
4630.50000
4646.70000
4712.00000
4724.42500
4736.92500
4749.52500
4762.35000
4775.30000
4788.42500
4801.70000
4815.17500
4828.82500
4842.67500
4856.72500
4871.00000
4885.50000
4900.27500
4915.45000
4930.95000
4947.57500
5011.97500
5024.42500
5036.92500
5049.55000
5062.37500
5075.37500
5088.52500
5101.82500
5115.32500
5129.02500
5142.90000
5157.02500
5171.32500
5185.87500
5200.72500
5215.92500
5231.52500
5247.82500
5312.00000
5324.47500
5337.00000
5349.65000
5362.50000
5375.50000
5388.67500
5402.02500
5415.55000
5429.27500
5443.20000
5457.35000
5471.72500
5486.32500
5501.22500
5516.57500
5532.37500
5611.97500
5624.47500
5637.00000
5649.67500
5662.55000
5675.57500
5688.77500
5702.15000
5715.72500
5729.47500
5743.42500
5757.62500
5772.02500
5786.67500
5801.65000
5817.10000
5833.02500
5911.97500
5924.47500
5937.05000
5949.72500
5962.62500
5975.67500
5988.90000
6002.30000
6015.87500
6029.67500
6043.67500
6057.90000
6072.35000
6087.05000
6102.10000
6117.72500
6133.95000
6212.02500
6224.55000
6237.12500
6249.82500
6262.72500
6275.80000
6289.05000
6302.47500
6316.10000
6329.90000
6343.95000
6358.20000
6372.70000
6387.45000
6402.55000
6418.32500
6435.07500
6512.02500
6524.55000
6537.15000
6549.87500
6562.80000
6575.90000
6589.17500
6602.62500
6616.25000
6630.10000
6644.17500
6658.47500
6673.02500
6687.82500
6703.00000
6718.57500
6812.02500
6824.60000
6837.20000
6849.92500
6862.87500
6876.00000
6889.30000
6902.77500
6916.42500
6930.30000
6944.40000
6958.75000
6973.35000
6988.20000
7003.47500
7019.15000
7112.05000
7124.60000
7137.20000
7149.95000
7162.92500
7176.07500
7189.37500
7202.87500
7216.57500
7230.47500
7244.62500
7259.00000
7273.65000
7288.55000
7303.92500
7319.80000
7412.05000
7424.62500
7437.25000
7450.00000
7463.00000
7476.15000
7489.50000
7503.02500
7516.75000
7530.67500
7544.85000
7559.27500
7573.95000
7588.92500
7604.40000
7620.45000
7712.05000
7724.65000
7737.30000
7750.07500
7763.10000
7776.27500
7789.62500
7803.17500
7816.92500
7830.87500
7845.07500
7859.55000
7874.27500
7889.32500
7904.97500
7921.37500
8012.05000
8024.65000
8037.32500
8050.12500
8063.15000
8076.32500
8089.72500
8103.27500
8117.05000
8131.05000
8145.30000
8159.80000
8174.57500
8189.70000
8205.15000
8221.85000
8312.05000
8324.67500
8337.35000
8350.15000
8363.20000
8376.42500
8389.82500
8403.40000
8417.22500
8431.25000
8445.50000
8460.05000
8474.80000
8489.97500
8505.52500
8612.07500
8624.70000
8637.37500
8650.20000
8663.27500
8676.50000
8689.92500
8703.52500
8717.35000
8731.40000
8745.72500
8760.30000
8775.10000
8790.32500
8806.00000
8912.07500
8924.70000
8937.40000
8950.25000
8963.32500
8976.57500
8990.02500
9003.65000
9017.50000
9031.57500
9045.92500
9060.55000
9075.40000
9090.72500
9106.50000
9212.07500
9224.72500
9237.45000
9250.30000
9263.40000
9276.67500
9290.12500
9303.77500
9317.65000
9331.77500
9346.15000
9360.80000
9375.70000
9391.07500
9407.00000
9512.10000
9524.77500
9537.50000
9550.35000
9563.47500
9576.75000
9590.22500
9603.92500
9617.82500
9631.95000
9646.35000
9661.07500
9676.02500
9691.50000
9707.65000
9812.10000
9824.77500
9837.50000
9850.40000
9863.52500
9876.82500
9890.32500
9904.02500
9917.95000
9932.12500
9946.55000
9961.30000
9976.32500
9991.95000

