$ Stimulation Interval(ms): 300
$ Delay(ms): 17.581766
$ Number of data : 201
$ TSTOP : 10000
21.92500
30.52500
38.27500
45.57500
52.62500
59.47500
66.22500
72.92500
79.57500
86.20000
92.85000
99.47500
106.12500
112.77500
119.45000
126.17500
132.90000
139.65000
146.45000
153.27500
160.15000
167.02500
173.97500
180.92500
187.95000
195.00000
202.07500
210.27500
224.42500
2006.87500
2929.25000
3194.45000
3228.82500
3495.52500
3530.50000
3797.65000
3817.30000
3830.05000
4094.92500
4117.85000
4129.62500
4382.67500
4396.12500
4414.87500
4429.37500
4667.97500
4688.52500
4701.05000
4716.50000
4728.85000
4981.32500
4997.47500
5016.32500
5028.67500
5268.70000
5282.82500
5296.65000
5305.85000
5316.55000
5328.72500
5568.12500
5583.17500
5595.92500
5605.07500
5616.75000
5628.82500
5853.62500
5869.82500
5884.47500
5900.10000
5915.62500
5928.40000
6138.80000
6160.90000
6175.97500
6186.35000
6198.35000
6206.32500
6218.42500
6229.35000
6439.07500
6456.15000
6470.17500
6485.75000
6498.90000
6506.75000
6517.57500
6529.02500
6739.67500
6757.12500
6769.87500
6784.30000
6793.67500
6802.32500
6815.82500
6828.57500
7039.92500
7058.15000
7071.62500
7086.85000
7095.15000
7103.87500
7115.82500
7128.40000
7145.45000
7340.37500
7356.80000
7370.60000
7379.02500
7388.27500
7400.42500
7409.85000
7419.52500
7429.45000
7648.35000
7664.12500
7673.62500
7687.32500
7699.57500
7707.52500
7727.85000
7745.27500
7925.42500
7942.35000
7956.60000
7969.10000
7978.12500
7986.70000
7994.65000
8002.57500
8012.22500
8027.57500
8045.00000
8225.92500
8242.82500
8257.15000
8272.72500
8282.62500
8291.27500
8299.97500
8308.50000
8317.12500
8328.75000
8345.47500
8526.00000
8542.72500
8557.35000
8568.42500
8576.25000
8585.20000
8592.87500
8601.75000
8611.80000
8627.55000
8645.02500
8826.45000
8843.37500
8857.55000
8868.62500
8877.35000
8886.10000
8893.57500
8901.47500
8910.47500
8919.75000
8929.45000
8945.45000
9112.37500
9142.05000
9157.25000
9170.17500
9177.82500
9187.50000
9195.07500
9204.02500
9212.95000
9227.67500
9245.07500
9427.62500
9443.37500
9458.97500
9469.90000
9477.52500
9486.17500
9493.60000
9502.77500
9512.45000
9527.62500
9545.10000
9729.12500
9745.10000
9758.02500
9766.87500
9775.42500
9783.05000
9791.47500
9799.07500
9806.92500
9816.00000
9828.32500
9845.22500

