$ Stimulation Interval(ms): 300
$ Delay(ms): 18.462124
$ Number of data : 600
$ TSTOP : 10000
22.32500
30.47500
37.87500
44.87500
51.65000
58.27500
64.77500
71.20000
77.62500
84.00000
90.37500
96.75000
103.15000
109.52500
115.95000
122.37500
128.82500
135.30000
141.77500
148.30000
154.85000
161.45000
168.05000
174.70000
181.37500
188.07500
194.82500
201.60000
209.27500
217.87500
228.97500
244.55000
330.02500
342.80000
354.65000
366.95000
379.90000
393.17500
406.67500
420.37500
434.32500
446.60000
459.85000
473.50000
487.87500
502.70000
519.40000
627.80000
639.27500
651.55000
664.12500
677.12500
690.40000
703.87500
717.55000
731.45000
745.77500
761.87500
776.55000
791.35000
806.42500
832.45000
929.97500
942.62500
954.40000
966.97500
980.07500
993.42500
1007.00000
1020.80000
1034.85000
1049.17500
1063.82500
1080.50000
1096.85000
1120.95000
1135.20000
1232.15000
1245.27500
1258.02500
1271.02500
1284.45000
1298.47500
1312.65000
1326.77500
1341.02500
1355.45000
1369.25000
1384.12500
1399.40000
1414.27500
1437.40000
1534.47500
1547.82500
1560.67500
1573.75000
1587.12500
1600.75000
1614.62500
1628.72500
1643.07500
1657.70000
1670.45000
1685.17500
1700.15000
1714.10000
1733.72500
1748.27500
1833.00000
1846.27500
1859.15000
1872.27500
1885.72500
1899.45000
1913.47500
1927.17500
1941.05000
1957.35000
1972.50000
1987.65000
2003.02500
2017.60000
2133.02500
2146.32500
2159.30000
2172.47500
2185.90000
2197.72500
2210.42500
2224.27500
2238.52500
2253.05000
2267.92500
2283.12500
2298.42500
2309.65000
2333.65000
2432.65000
2445.92500
2458.87500
2471.80000
2484.67500
2498.30000
2512.22500
2526.40000
2540.85000
2555.72500
2571.65000
2588.00000
2604.20000
2616.87500
2633.52500
2732.30000
2745.62500
2758.47500
2770.85000
2784.17500
2797.47500
2811.05000
2825.10000
2839.50000
2854.20000
2869.35000
2883.65000
2899.02500
2914.65000
2937.87500
3029.70000
3042.82500
3053.92500
3066.70000
3080.17500
3093.90000
3108.02500
3124.17500
3139.57500
3154.02500
3168.42500
3183.65000
3194.82500
3206.35000
3224.12500
3333.00000
3346.72500
3359.70000
3372.65000
3385.42500
3398.45000
3412.30000
3426.57500
3441.07500
3455.42500
3469.95000
3485.40000
3495.50000
3507.77500
3517.42500
3533.62500
3630.12500
3643.60000
3655.35000
3667.95000
3681.60000
3695.92500
3712.15000
3726.62500
3741.05000
3755.35000
3770.30000
3785.80000
3800.10000
3816.20000
3834.57500
3930.95000
3947.35000
3960.77500
3974.25000
3986.02500
3998.90000
4012.90000
4027.27500
4042.00000
4055.90000
4071.07500
4086.67500
4101.12500
4116.62500
4135.50000
4230.47500
4244.05000
4256.70000
4268.50000
4282.00000
4295.97500
4310.42500
4325.35000
4340.40000
4355.47500
4366.65000
4379.05000
4389.12500
4398.50000
4408.70000
4428.15000
4445.95000
4530.50000
4544.10000
4557.15000
4569.70000
4583.47500
4598.27500
4613.25000
4628.42500
4643.47500
4657.65000
4667.92500
4682.75000
4691.45000
4700.55000
4708.92500
4728.35000
4745.87500
4830.55000
4844.17500
4857.07500
4869.15000
4882.77500
4896.95000
4912.32500
4928.30000
4943.92500
4958.30000
4968.45000
4980.45000
4990.20000
4998.55000
5007.40000
5020.47500
5032.35000
5048.37500
5130.50000
5144.30000
5157.62500
5171.20000
5185.95000
5200.42500
5214.90000
5229.65000
5244.75000
5259.30000
5269.55000
5280.90000
5290.05000
5298.95000
5306.45000
5316.95000
5328.92500
5345.82500
5430.57500
5444.32500
5457.55000
5470.95000
5485.37500
5500.52500
5515.20000
5530.05000
5544.27500
5554.17500
5562.22500
5575.25000
5584.45000
5592.70000
5600.85000
5609.27500
5621.05000
5632.62500
5648.07500
5731.25000
5744.97500
5758.30000
5771.87500
5785.95000
5800.82500
5815.60000
5830.55000
5845.95000
5855.77500
5866.80000
5875.67500
5884.97500
5892.37500
5900.77500
5908.05000
5916.80000
5928.67500
5945.42500
6031.10000
6045.00000
6058.37500
6071.92500
6086.52500
6101.22500
6115.85000
6130.77500
6145.25000
6155.70000
6163.95000
6175.50000
6183.72500
6192.67500
6201.35000
6209.02500
6228.30000
6245.42500
6331.15000
6345.15000
6358.55000
6372.05000
6386.65000
6401.62500
6416.32500
6431.32500
6445.72500
6456.15000
6463.75000
6472.72500
6481.32500
6489.90000
6498.87500
6506.85000
6517.07500
6528.92500
6545.57500
6631.25000
6645.32500
6658.80000
6672.47500
6687.17500
6701.97500
6716.72500
6731.82500
6746.30000
6756.70000
6764.72500
6776.92500
6786.07500
6794.42500
6802.27500
6811.77500
6821.47500
6832.50000
6846.85000
6931.47500
6945.57500
6959.02500
6972.70000
6987.40000
7002.35000
7017.20000
7032.27500
7046.75000
7057.45000
7065.40000
7074.50000
7082.60000
7090.15000
7098.35000
7105.75000
7115.47500
7125.30000
7136.32500
7231.52500
7245.70000
7259.22500
7273.10000
7288.00000
7302.67500
7317.52500
7332.70000
7342.67500
7354.50000
7363.45000
7372.45000
7380.45000
7389.05000
7396.45000
7403.65000
7412.00000
7421.15000
7432.40000
7446.20000
7531.60000
7545.85000
7559.42500
7573.42500
7588.35000
7603.02500
7617.95000
7633.22500
7643.22500
7655.65000
7664.32500
7672.95000
7680.77500
7689.17500
7696.57500
7705.32500
7715.57500
7728.60000
7745.52500
7831.77500
7846.02500
7859.65000
7873.75000
7888.67500
7903.37500
7918.35000
7932.75000
7943.00000
7950.77500
7960.00000
7968.25000
7976.67500
7984.70000
7993.52500
8001.40000
8009.42500
8020.50000
8031.82500
8046.00000
8131.87500
8146.20000
8159.87500
8174.22500
8189.00000
8203.67500
8218.65000
8234.07500
8244.17500
8251.52500
8261.52500
8269.50000
8277.95000
8285.95000
8294.10000
8301.20000
8309.60000
8320.20000
8329.65000
8345.62500
8431.97500
8446.35000
8460.07500
8474.50000
8489.30000
8504.00000
8519.05000
8529.10000
8540.85000
8550.27500
8559.15000
8566.82500
8575.17500
8582.87500
8590.72500
8598.22500
8605.35000
8615.47500
8625.20000
8636.30000
8732.05000
8746.52500
8760.30000
8774.85000
8789.60000
8804.35000
8819.37500
8829.50000
8840.80000
8849.50000
8858.97500
8866.55000
8875.07500
8882.47500
8890.47500
8898.17500
8905.27500
8915.50000
8925.17500
8936.25000
9028.07500
9039.75000
9051.30000
9062.17500
9075.50000
9089.92500
9104.70000
9119.80000
9129.82500
9138.32500
9148.90000
9159.07500
9166.75000
9174.17500
9182.40000
9189.67500
9197.20000
9204.27500
9215.45000
9225.17500
9236.25000
9328.02500
9339.52500
9351.32500
9362.32500
9375.75000
9390.20000
9405.02500
9420.22500
9430.30000
9439.32500
9450.60000
9458.62500
9466.87500
9474.07500
9482.45000
9489.97500
9497.87500
9505.05000
9515.32500
9524.95000
9534.57500
9549.30000
9628.05000
9639.42500
9651.35000
9662.42500
9675.95000
9690.45000
9705.35000
9720.65000
9730.70000
9739.40000
9749.72500
9757.32500
9765.75000
9773.12500
9781.62500
9788.70000
9796.47500
9803.45000
9815.60000
9825.12500
9835.50000
9928.05000
9939.42500
9951.42500
9962.57500
9976.20000
9990.75000

