$ Stimulation Interval(ms): 300
$ Delay(ms): 204.892214
$ Number of data : 652
$ TSTOP : 10000
208.95000
220.87500
232.70000
244.55000
256.45000
268.52500
280.70000
293.02500
305.47500
318.05000
330.75000
343.60000
356.60000
369.72500
383.02500
396.45000
410.05000
423.82500
437.75000
451.87500
466.17500
480.72500
495.52500
510.62500
522.65000
534.65000
546.62500
558.65000
570.80000
583.07500
595.47500
608.02500
620.70000
633.47500
646.40000
659.47500
672.70000
686.05000
699.57500
713.27500
727.12500
741.17500
755.42500
769.87500
784.60000
799.60000
812.17500
824.27500
836.27500
848.25000
860.32500
872.50000
884.82500
897.27500
909.85000
922.57500
935.47500
948.50000
961.70000
975.02500
988.52500
1002.20000
1016.05000
1030.07500
1044.32500
1058.82500
1073.57500
1088.60000
1103.97500
1115.90000
1127.95000
1139.97500
1151.95000
1164.07500
1176.32500
1188.67500
1201.17500
1213.77500
1226.52500
1239.42500
1252.47500
1265.70000
1279.10000
1292.70000
1306.55000
1320.60000
1334.85000
1349.32500
1364.05000
1379.00000
1394.12500
1410.85000
1422.90000
1435.00000
1447.00000
1459.12500
1471.37500
1483.75000
1496.30000
1508.97500
1521.82500
1534.85000
1548.02500
1561.32500
1574.77500
1588.35000
1602.12500
1616.05000
1630.20000
1644.57500
1659.20000
1674.10000
1689.22500
1704.60000
1716.57500
1728.67500
1740.70000
1752.72500
1764.87500
1777.12500
1789.52500
1802.07500
1814.72500
1827.55000
1840.52500
1853.65000
1866.95000
1880.40000
1894.05000
1907.92500
1922.00000
1936.32500
1950.92500
1965.80000
1980.87500
1996.20000
2010.87500
2023.05000
2035.12500
2047.20000
2059.37500
2071.67500
2084.15000
2096.75000
2109.52500
2122.45000
2135.52500
2148.77500
2162.17500
2175.75000
2189.50000
2203.40000
2217.52500
2231.85000
2246.42500
2261.32500
2276.65000
2292.40000
2311.75000
2323.85000
2335.92500
2348.02500
2360.25000
2372.62500
2385.10000
2397.75000
2410.52500
2423.47500
2436.55000
2449.77500
2463.17500
2476.72500
2490.45000
2504.35000
2518.45000
2532.80000
2547.42500
2562.35000
2577.40000
2592.75000
2611.62500
2623.77500
2635.90000
2648.07500
2660.35000
2672.77500
2685.32500
2698.02500
2710.87500
2723.87500
2737.02500
2750.35000
2763.80000
2777.45000
2791.27500
2805.27500
2819.50000
2833.97500
2848.80000
2864.15000
2879.80000
2895.80000
2910.87500
2923.12500
2935.32500
2947.50000
2959.77500
2972.22500
2984.82500
2997.57500
3010.47500
3023.55000
3036.77500
3050.15000
3063.70000
3077.40000
3091.27500
3105.32500
3119.60000
3134.12500
3149.00000
3164.15000
3179.57500
3195.65000
3210.87500
3223.12500
3235.35000
3247.60000
3259.90000
3272.37500
3285.00000
3297.77500
3310.70000
3323.80000
3337.07500
3350.50000
3364.07500
3377.82500
3391.72500
3405.82500
3420.15000
3434.75000
3449.67500
3464.85000
3480.47500
3496.70000
3511.10000
3523.37500
3535.57500
3547.80000
3560.15000
3572.62500
3585.25000
3598.05000
3610.97500
3624.05000
3637.30000
3650.72500
3664.30000
3678.07500
3692.05000
3706.25000
3720.67500
3735.42500
3750.52500
3765.85000
3781.57500
3811.52500
3823.67500
3835.87500
3848.10000
3860.47500
3872.97500
3885.62500
3898.42500
3911.40000
3924.52500
3937.82500
3951.30000
3964.92500
3978.75000
3992.77500
4006.97500
4021.42500
4036.17500
4051.15000
4066.50000
4082.25000
4111.37500
4123.60000
4135.80000
4148.02500
4160.42500
4172.97500
4185.65000
4198.50000
4211.47500
4224.62500
4237.95000
4251.45000
4265.12500
4279.00000
4293.07500
4307.35000
4321.87500
4336.77500
4351.90000
4367.60000
4384.80000
4411.35000
4423.62500
4435.82500
4448.05000
4460.45000
4473.00000
4485.70000
4498.55000
4511.57500
4524.77500
4538.17500
4551.72500
4565.47500
4579.42500
4593.55000
4607.90000
4622.52500
4637.52500
4652.85000
4668.97500
4711.75000
4723.97500
4736.20000
4748.45000
4760.87500
4773.45000
4786.15000
4799.00000
4812.02500
4825.22500
4838.60000
4852.17500
4865.97500
4879.97500
4894.22500
4908.67500
4923.42500
4938.50000
4953.95000
4970.60000
5011.75000
5023.92500
5036.20000
5048.47500
5060.95000
5073.55000
5086.30000
5099.22500
5112.30000
5125.57500
5139.00000
5152.62500
5166.42500
5180.45000
5194.67500
5209.10000
5223.85000
5239.00000
5254.52500
5311.75000
5323.95000
5336.22500
5348.55000
5361.02500
5373.67500
5386.45000
5399.40000
5412.50000
5425.77500
5439.22500
5452.87500
5466.70000
5480.75000
5495.02500
5509.50000
5524.30000
5539.50000
5555.12500
5571.80000
5611.75000
5623.97500
5636.22500
5648.55000
5661.07500
5673.72500
5686.52500
5699.50000
5712.62500
5725.92500
5739.42500
5753.10000
5767.00000
5781.10000
5795.42500
5810.00000
5824.90000
5840.30000
5856.27500
5911.77500
5924.02500
5936.30000
5948.65000
5961.17500
5973.85000
5986.67500
5999.67500
6012.82500
6026.15000
6039.67500
6053.37500
6067.30000
6081.45000
6095.82500
6110.45000
6125.42500
6140.97500
6157.32500
6211.77500
6224.02500
6236.30000
6248.67500
6261.22500
6273.92500
6286.77500
6299.77500
6312.95000
6326.30000
6339.85000
6353.60000
6367.55000
6381.75000
6396.15000
6410.82500
6425.87500
6441.27500
6511.77500
6524.05000
6536.32500
6548.70000
6561.27500
6573.97500
6586.85000
6599.87500
6613.10000
6626.47500
6640.05000
6653.82500
6667.82500
6682.05000
6696.47500
6711.20000
6726.30000
6741.75000
6758.00000
6811.80000
6824.05000
6836.35000
6848.72500
6861.32500
6874.05000
6886.95000
6900.00000
6913.22500
6926.65000
6940.25000
6954.07500
6968.10000
6982.35000
6996.85000
7011.62500
7026.82500
7042.42500
7111.80000
7124.07500
7136.40000
7148.80000
7161.40000
7174.15000
7187.07500
7200.15000
7213.40000
7226.85000
7240.47500
7254.32500
7268.40000
7282.70000
7297.22500
7312.07500
7327.37500
7343.17500
7411.77500
7424.07500
7436.37500
7448.80000
7461.42500
7474.20000
7487.15000
7500.25000
7513.52500
7527.00000
7540.65000
7554.55000
7568.65000
7583.00000
7597.57500
7612.50000
7627.95000
7644.00000
7711.80000
7724.07500
7736.42500
7748.85000
7761.50000
7774.27500
7787.25000
7800.37500
7813.67500
7827.15000
7840.85000
7854.77500
7868.90000
7883.30000
7897.90000
7912.90000
7928.20000
7944.60000
8011.80000
8024.12500
8036.47500
8048.92500
8061.57500
8074.40000
8087.37500
8100.50000
8113.82500
8127.35000
8141.07500
8155.02500
8169.20000
8183.62500
8198.27500
8213.32500
8228.72500
8311.82500
8324.15000
8336.50000
8348.97500
8361.65000
8374.47500
8387.45000
8400.62500
8413.97500
8427.52500
8441.27500
8455.22500
8469.45000
8483.92500
8498.62500
8513.72500
8529.25000
8545.75000
8611.85000
8624.17500
8636.55000
8649.05000
8661.72500
8674.57500
8687.57500
8700.77500
8714.12500
8727.70000
8741.47500
8755.47500
8769.72500
8784.25000
8799.00000
8814.17500
8829.85000
8911.85000
8924.20000
8936.60000
8949.07500
8961.80000
8974.65000
8987.67500
9000.87500
9014.27500
9027.87500
9041.67500
9055.70000
9070.00000
9084.55000
9099.35000
9114.62500
9130.45000
9211.87500
9224.20000
9236.60000
9249.12500
9261.82500
9274.72500
9287.75000
9300.97500
9314.40000
9328.02500
9341.85000
9355.92500
9370.25000
9384.82500
9399.67500
9415.07500
9431.10000
9511.85000
9524.20000
9536.60000
9549.12500
9561.85000
9574.75000
9587.82500
9601.07500
9614.50000
9628.15000
9642.00000
9656.10000
9670.47500
9685.07500
9700.02500
9715.55000
9731.92500
9811.85000
9824.22500
9836.65000
9849.17500
9861.92500
9874.85000
9887.92500
9901.20000
9914.65000
9928.32500
9942.20000
9956.35000
9970.72500
9985.37500

