$ Stimulation Interval(ms): 300
$ Delay(ms): 31.724716
$ Number of data : 268
$ TSTOP : 10000
$ PN stimulation current max : 35000
$ LN stimulation current max : 15000
37.62500
47.42500
56.12500
64.27500
72.10000
79.70000
87.22500
94.67500
102.12500
109.55000
116.97500
124.45000
131.92500
139.45000
147.00000
154.57500
162.22500
169.90000
177.65000
185.42500
193.27500
201.17500
209.12500
222.20000
2001.97500
2295.20000
2309.95000
2603.87500
2625.22500
2881.45000
2897.10000
2910.62500
3182.02500
3197.07500
3211.15000
3226.00000
3450.65000
3466.52500
3482.77500
3494.67500
3503.65000
3517.55000
3767.17500
3784.30000
3798.35000
3808.27500
3821.47500
4067.82500
4081.62500
4090.25000
4099.35000
4107.87500
4118.35000
4351.72500
4367.40000
4377.37500
4386.37500
4395.42500
4403.95000
4412.30000
4425.52500
4637.40000
4652.82500
4669.57500
4681.42500
4690.10000
4699.60000
4708.07500
4718.52500
4952.42500
4969.37500
4982.45000
4991.22500
5001.35000
5009.75000
5025.32500
5238.10000
5254.47500
5266.30000
5274.95000
5285.15000
5293.60000
5301.85000
5310.07500
5325.30000
5530.57500
5544.52500
5555.55000
5564.77500
5573.85000
5586.80000
5595.25000
5603.50000
5611.70000
5625.37500
5838.20000
5853.67500
5867.00000
5875.42500
5885.25000
5893.55000
5901.75000
5909.90000
5925.40000
6123.10000
6138.82500
6154.07500
6167.50000
6176.05000
6184.27500
6192.42500
6200.55000
6208.67500
6219.05000
6439.00000
6454.05000
6469.25000
6477.75000
6487.25000
6495.47500
6503.62500
6511.80000
6525.42500
6723.02500
6739.32500
6751.37500
6760.95000
6769.72500
6778.00000
6786.15000
6794.22500
6802.32500
6810.42500
6825.30000
7023.85000
7039.25000
7048.30000
7058.05000
7072.35000
7080.80000
7088.97500
7097.07500
7105.20000
7117.40000
7134.47500
7309.05000
7325.30000
7339.92500
7348.47500
7358.07500
7372.92500
7381.30000
7389.45000
7397.55000
7405.65000
7417.30000
7434.30000
7608.32500
7623.25000
7637.45000
7647.22500
7656.00000
7664.22500
7672.27500
7680.27500
7688.27500
7696.27500
7704.30000
7712.37500
7725.45000
7900.32500
7922.42500
7938.80000
7947.17500
7956.52500
7964.72500
7972.75000
7980.72500
7988.72500
7996.72500
8004.75000
8012.82500
8025.55000
8209.02500
8225.27500
8238.55000
8249.12500
8257.50000
8265.62500
8273.62500
8281.60000
8289.60000
8297.60000
8305.62500
8317.30000
8334.12500
8508.35000
8524.12500
8538.50000
8546.80000
8556.95000
8565.12500
8573.12500
8581.10000
8589.07500
8597.05000
8605.07500
8613.35000
8625.70000
8800.20000
8816.30000
8827.45000
8840.50000
8848.97500
8858.15000
8866.40000
8874.47500
8882.50000
8890.50000
8898.52500
8906.57500
8917.50000
8934.22500
9101.57500
9116.20000
9126.20000
9134.90000
9143.17500
9151.22500
9159.45000
9167.42500
9175.37500
9183.30000
9191.25000
9199.22500
9207.25000
9217.70000
9234.27500
9395.07500
9411.27500
9425.12500
9433.52500
9443.12500
9451.37500
9459.87500
9468.00000
9476.00000
9483.97500
9491.95000
9499.95000
9508.00000
9518.02500
9534.72500
9694.60000
9710.45000
9726.27500
9734.67500
9744.57500
9752.85000
9760.90000
9768.85000
9776.77500
9784.72500
9792.67500
9800.67500
9808.70000
9818.52500
9995.00000

