$ Stimulation Interval(ms): 300
$ Delay(ms): 32.660291
$ Number of data : 410
$ TSTOP : 10000
$ PN stimulation current max : 35000
$ LN stimulation current max : 15000
38.55000
48.35000
57.05000
65.20000
73.02500
80.62500
88.15000
95.60000
103.05000
110.47500
117.90000
125.37500
132.85000
140.37500
147.92500
155.52500
163.15000
170.85000
178.57500
186.35000
194.20000
202.10000
215.05000
232.07500
485.17500
501.07500
774.00000
790.42500
806.90000
1073.07500
1089.62500
1104.75000
1123.47500
1350.42500
1366.17500
1378.00000
1392.87500
1408.12500
1435.82500
1661.12500
1676.05000
1692.20000
1707.42500
1735.35000
1946.37500
1962.27500
1977.02500
1992.17500
2000.97500
2011.57500
2035.37500
2238.40000
2252.82500
2264.37500
2278.60000
2294.62500
2310.62500
2323.42500
2337.50000
2506.72500
2532.80000
2547.32500
2561.02500
2571.22500
2580.47500
2593.40000
2601.85000
2622.05000
2636.05000
2807.40000
2832.45000
2849.00000
2864.55000
2880.95000
2895.92500
2905.20000
2922.65000
2936.60000
3108.37500
3132.65000
3148.50000
3163.52500
3173.90000
3183.10000
3194.25000
3202.92500
3222.10000
3236.12500
3394.02500
3418.80000
3434.00000
3448.80000
3465.00000
3481.55000
3494.87500
3503.37500
3522.27500
3536.27500
3694.70000
3718.42500
3733.70000
3748.27500
3759.52500
3768.37500
3780.85000
3789.17500
3799.07500
3807.47500
3822.42500
3836.27500
3995.32500
4018.35000
4032.32500
4042.15000
4051.20000
4064.20000
4072.50000
4082.62500
4090.92500
4099.37500
4107.65000
4122.32500
4136.17500
4304.65000
4320.10000
4335.10000
4351.02500
4367.57500
4376.57500
4385.75000
4394.52500
4402.82500
4422.10000
4436.02500
4594.92500
4607.55000
4620.65000
4635.67500
4650.75000
4659.17500
4669.82500
4681.82500
4690.20000
4700.12500
4708.55000
4722.52500
4736.32500
4904.50000
4920.42500
4935.30000
4951.05000
4959.35000
4969.02500
4977.35000
4986.07500
4994.32500
5002.97500
5018.35000
5035.55000
5204.55000
5221.15000
5235.55000
5245.82500
5254.75000
5265.62500
5273.87500
5283.50000
5291.82500
5299.95000
5308.07500
5322.37500
5336.22500
5506.95000
5522.57500
5536.12500
5546.95000
5556.00000
5564.67500
5573.32500
5581.57500
5590.00000
5598.25000
5606.40000
5622.20000
5636.17500
5797.15000
5807.37500
5820.72500
5836.35000
5844.70000
5854.20000
5862.45000
5870.90000
5879.12500
5887.82500
5896.12500
5904.32500
5918.22500
5935.60000
6091.52500
6105.52500
6119.92500
6129.12500
6138.32500
6150.17500
6158.50000
6168.15000
6176.35000
6184.40000
6192.40000
6200.42500
6208.47500
6222.40000
6236.27500
6390.60000
6406.30000
6420.82500
6429.10000
6438.37500
6446.52500
6455.72500
6469.02500
6477.22500
6486.75000
6494.85000
6502.90000
6512.85000
6523.57500
6536.65000
6692.27500
6707.07500
6721.37500
6737.45000
6747.57500
6755.75000
6765.60000
6773.70000
6781.67500
6789.65000
6797.65000
6805.67500
6818.67500
6835.70000
6984.45000
6997.05000
7008.20000
7022.77500
7031.40000
7040.35000
7054.60000
7062.85000
7072.42500
7080.67500
7088.75000
7096.80000
7104.85000
7118.27500
7135.67500
7284.00000
7297.37500
7308.42500
7323.37500
7331.97500
7340.95000
7354.75000
7362.95000
7372.85000
7381.07500
7389.12500
7397.15000
7405.20000
7418.37500
7435.70000
7581.22500
7594.02500
7606.37500
7615.15000
7624.30000
7636.42500
7644.60000
7653.82500
7661.85000
7670.12500
7678.12500
7686.05000
7694.02500
7702.00000
7710.02500
7722.72500
7736.45000
7878.42500
7893.67500
7907.45000
7921.82500
7929.97500
7939.57500
7947.70000
7956.87500
7965.10000
7973.25000
7981.27500
7989.25000
7997.22500
8005.25000
8018.32500
8035.72500
8178.27500
8192.82500
8206.85000
8215.57500
8224.92500
8236.97500
8245.05000
8254.37500
8262.37500
8270.75000
8278.72500
8286.67500
8294.62500
8302.62500
8310.87500
8322.97500
8336.55000
8478.42500
8493.30000
8507.57500
8516.35000
8525.50000
8539.62500
8547.72500
8557.65000
8565.82500
8573.80000
8581.75000
8589.70000
8597.67500
8605.67500
8618.60000
8635.80000
8778.77500
8793.87500
8807.30000
8815.65000
8825.00000
8833.30000
8842.12500
8850.35000
8858.95000
8867.05000
8875.00000
8882.95000
8890.90000
8898.87500
8906.87500
8922.27500
8936.32500
9078.37500
9093.12500
9107.52500
9116.85000
9125.52500
9134.20000
9142.10000
9149.90000
9157.65000
9165.42500
9173.22500
9181.07500
9188.92500
9196.85000
9204.80000
9218.20000
9235.75000
9378.60000
9393.35000
9402.52500
9411.92500
9423.90000
9431.97500
9441.47500
9449.50000
9457.77500
9465.70000
9473.57500
9481.45000
9489.35000
9497.27500
9505.27500
9518.32500
9535.80000
9668.15000
9683.65000
9694.62500
9709.22500
9718.05000
9727.52500
9741.95000
9750.15000
9758.45000
9766.42500
9774.32500
9782.22500
9790.15000
9798.10000
9806.07500
9822.30000
9836.35000
9968.27500
9983.87500
9994.55000

