$ Stimulation Interval(ms): 300
$ Delay(ms): 46.472475
$ Number of data : 361
$ TSTOP : 10000
$ PN stimulation current max : 28000
$ LN stimulation current max : 13500
53.82500
64.57500
73.97500
82.75000
91.17500
99.40000
107.55000
115.65000
123.72500
131.82500
139.95000
148.10000
156.30000
164.52500
172.82500
181.17500
189.60000
198.07500
206.62500
495.67500
777.45000
793.37500
806.90000
1053.20000
1067.37500
1081.82500
1096.25000
1110.15000
1369.20000
1381.57500
1397.17500
1406.72500
1640.22500
1655.10000
1668.50000
1679.22500
1688.65000
1700.47500
1709.62500
1939.40000
1955.95000
1967.65000
1981.15000
1990.52500
2000.00000
2009.07500
2240.05000
2256.97500
2272.85000
2288.17500
2297.47500
2307.35000
2526.42500
2541.97500
2558.05000
2570.15000
2579.27500
2589.12500
2598.15000
2607.02500
2824.80000
2841.07500
2853.40000
2862.60000
2872.30000
2881.22500
2890.30000
2899.17500
2907.97500
3125.52500
3141.85000
3154.02500
3165.62500
3174.75000
3187.20000
3196.12500
3204.92500
3424.70000
3438.42500
3451.37500
3461.25000
3470.62500
3479.47500
3488.20000
3496.92500
3505.65000
3710.82500
3724.85000
3738.05000
3747.05000
3756.82500
3765.70000
3774.82500
3783.60000
3792.27500
3800.95000
3809.67500
4011.30000
4025.05000
4040.52500
4052.25000
4061.62500
4070.40000
4079.30000
4088.05000
4096.72500
4105.45000
4297.75000
4312.57500
4325.45000
4338.02500
4347.15000
4356.37500
4365.10000
4373.72500
4382.32500
4390.92500
4399.55000
4408.20000
4596.27500
4611.60000
4627.77500
4642.07500
4651.25000
4660.55000
4669.40000
4678.22500
4686.97500
4695.67500
4704.40000
4896.12500
4911.10000
4924.25000
4937.72500
4946.62500
4955.25000
4963.77500
4972.27500
4980.77500
4989.32500
4997.90000
5006.52500
5197.65000
5212.95000
5227.85000
5242.12500
5251.10000
5260.82500
5269.62500
5278.27500
5286.90000
5295.55000
5304.20000
5496.40000
5512.37500
5528.62500
5543.80000
5552.80000
5562.15000
5570.95000
5579.62500
5588.25000
5596.90000
5605.57500
5797.10000
5813.10000
5828.82500
5838.00000
5847.12500
5855.92500
5864.72500
5873.32500
5881.90000
5890.47500
5899.07500
5907.75000
6097.27500
6111.75000
6125.25000
6134.05000
6143.62500
6152.17500
6160.62500
6169.07500
6177.52500
6186.02500
6194.55000
6203.15000
6389.62500
6400.82500
6412.80000
6425.47500
6434.50000
6444.30000
6452.87500
6461.35000
6469.80000
6478.27500
6486.77500
6495.32500
6503.90000
6682.82500
6696.77500
6710.12500
6719.35000
6728.17500
6736.67500
6745.10000
6753.47500
6761.85000
6770.25000
6778.65000
6787.12500
6795.65000
6804.22500
6984.60000
6999.42500
7014.72500
7023.77500
7032.95000
7041.80000
7050.50000
7059.00000
7067.45000
7075.90000
7084.40000
7092.92500
7101.50000
7110.12500
7283.22500
7298.00000
7310.02500
7318.87500
7328.67500
7337.22500
7345.65000
7354.02500
7362.37500
7370.77500
7379.20000
7387.67500
7396.17500
7404.75000
7583.22500
7598.45000
7610.30000
7619.20000
7628.15000
7636.70000
7645.12500
7653.50000
7661.87500
7670.25000
7678.67500
7687.15000
7695.65000
7704.22500
7883.62500
7897.62500
7912.57500
7921.40000
7930.40000
7938.87500
7947.80000
7956.27500
7964.67500
7973.10000
7981.55000
7990.05000
7998.60000
8007.20000
8184.02500
8199.17500
8212.72500
8221.55000
8230.85000
8239.45000
8248.27500
8256.77500
8265.20000
8273.65000
8282.12500
8290.62500
8299.17500
8307.77500
8484.52500
8499.42500
8513.97500
8522.85000
8532.02500
8540.60000
8549.02500
8557.40000
8565.80000
8574.22500
8582.67500
8591.17500
8599.72500
8608.32500
8783.10000
8793.97500
8802.97500
8811.95000
8820.52500
8829.07500
8837.47500
8845.80000
8854.10000
8862.45000
8870.80000
8879.20000
8887.65000
8896.15000
8904.70000
9084.17500
9098.85000
9107.87500
9116.80000
9125.40000
9133.95000
9142.37500
9150.72500
9159.07500
9167.45000
9175.85000
9184.27500
9192.77500
9201.32500
9209.92500
9382.60000
9394.70000
9403.57500
9412.75000
9421.20000
9429.50000
9437.77500
9446.05000
9454.32500
9462.62500
9470.95000
9479.35000
9487.77500
9496.27500
9504.85000
9681.80000
9696.20000
9710.72500
9719.40000
9727.80000
9736.10000
9744.40000
9752.67500
9761.00000
9769.35000
9777.72500
9786.17500
9794.67500
9803.22500
9970.92500
9984.77500
9997.50000

