$ Stimulation Interval(ms): 300
$ Delay(ms): 17.581766
$ Number of data : 305
$ TSTOP : 10000
$ PN stimulation current max : 28000
$ LN stimulation current max : 13500
25.15000
35.95000
45.37500
54.17500
62.60000
70.85000
79.00000
87.10000
95.17500
103.27500
111.40000
119.55000
127.75000
136.00000
144.30000
152.65000
161.07500
169.55000
178.10000
186.72500
195.42500
204.20000
215.87500
1094.45000
1117.75000
1385.32500
1399.02500
1417.67500
1662.67500
1675.80000
1688.65000
1701.90000
1968.42500
1985.00000
1995.87500
2006.10000
2258.37500
2273.90000
2288.50000
2301.05000
2317.42500
2543.12500
2559.47500
2574.82500
2591.17500
2600.87500
2617.55000
2848.15000
2860.25000
2874.50000
2888.62500
2898.25000
2907.55000
3159.70000
3176.62500
3187.87500
3197.22500
3206.42500
3220.15000
3434.67500
3447.40000
3461.65000
3477.37500
3486.80000
3496.17500
3505.42500
3518.37500
3745.47500
3761.57500
3772.72500
3782.60000
3791.97500
3801.17500
3817.17500
4026.27500
4042.80000
4056.35000
4065.70000
4076.17500
4085.27500
4094.27500
4103.30000
4117.62500
4337.47500
4348.37500
4361.72500
4371.15000
4381.22500
4390.50000
4399.65000
4409.02500
4627.77500
4642.35000
4657.75000
4666.95000
4675.90000
4684.82500
4693.75000
4702.70000
4717.47500
4936.67500
4950.72500
4961.40000
4970.72500
4980.95000
4990.05000
4999.05000
5008.10000
5210.90000
5227.52500
5242.75000
5251.97500
5262.10000
5271.20000
5280.15000
5289.05000
5297.97500
5306.95000
5319.12500
5513.02500
5528.95000
5544.90000
5554.20000
5563.35000
5572.32500
5581.22500
5590.12500
5599.05000
5608.02500
5634.22500
5812.40000
5828.65000
5837.92500
5847.90000
5856.97500
5865.85000
5874.67500
5883.52500
5892.37500
5901.25000
5915.05000
6115.17500
6131.17500
6147.32500
6156.50000
6166.42500
6175.50000
6184.45000
6193.37500
6202.32500
6217.35000
6415.62500
6432.47500
6448.67500
6457.87500
6467.47500
6476.57500
6485.55000
6494.47500
6503.45000
6517.72500
6716.20000
6732.20000
6741.57500
6751.40000
6760.55000
6769.50000
6778.40000
6787.27500
6796.17500
6805.10000
6818.15000
6999.40000
7015.25000
7030.55000
7039.60000
7049.00000
7057.82500
7066.57500
7075.32500
7084.10000
7092.90000
7101.77500
7115.65000
7301.47500
7316.82500
7332.15000
7341.37500
7351.12500
7360.15000
7369.00000
7377.82500
7386.65000
7395.50000
7404.42500
7417.92500
7599.82500
7614.90000
7625.37500
7634.90000
7643.82500
7652.77500
7661.60000
7670.35000
7679.12500
7687.90000
7696.75000
7705.62500
7718.30000
7891.17500
7907.57500
7917.30000
7929.85000
7938.77500
7947.47500
7956.12500
7964.77500
7973.45000
7982.17500
7990.92500
7999.75000
8008.67500
8033.50000
8186.95000
8201.35000
8216.97500
8231.82500
8241.40000
8250.47500
8259.30000
8268.07500
8276.82500
8285.60000
8294.42500
8303.30000
8317.62500
8486.97500
8502.02500
8516.65000
8529.40000
8538.47500
8547.90000
8556.75000
8565.47500
8574.22500
8582.97500
8591.77500
8600.62500
8614.72500
8792.62500
8803.37500
8813.42500
8825.90000
8834.85000
8843.55000
8852.20000
8860.82500
8869.47500
8878.17500
8886.90000
8895.67500
8904.52500
8917.95000
9084.27500
9100.00000
9115.87500
9124.85000
9134.02500
9142.75000
9151.37500
9159.97500
9168.62500
9177.30000
9186.02500
9194.80000
9203.62500
9217.70000
9402.02500
9418.12500
9433.17500
9442.25000
9451.02500
9459.75000
9468.47500
9477.20000
9485.97500
9494.80000
9503.67500
9517.77500
9699.70000
9711.27500
9720.60000
9729.50000
9738.45000
9747.17500
9755.82500
9764.50000
9773.17500
9781.87500
9790.62500
9799.45000
9808.32500
9833.27500
9975.72500
9988.85000

