$ Stimulation Interval(ms): 300
$ Delay(ms): 31.724716
$ Number of data : 300
$ TSTOP : 10000
$ PN stimulation current max : 28000
$ LN stimulation current max : 13500
39.17500
49.95000
59.35000
68.15000
76.57500
84.80000
92.95000
101.05000
109.12500
117.22500
125.35000
133.50000
141.70000
149.95000
158.22500
166.60000
175.00000
183.50000
192.05000
200.65000
209.35000
799.27500
1099.90000
1112.62500
1386.37500
1400.20000
1412.45000
1687.62500
1702.85000
1712.90000
1969.10000
1985.75000
1997.95000
2007.87500
2273.22500
2287.40000
2297.15000
2306.80000
2557.95000
2573.65000
2590.22500
2599.90000
2609.20000
2843.20000
2857.97500
2874.35000
2888.05000
2897.65000
2906.85000
3143.85000
3161.32500
3176.95000
3188.72500
3198.12500
3207.30000
3451.57500
3463.27500
3476.27500
3485.65000
3494.72500
3503.75000
3512.75000
3743.42500
3757.45000
3768.37500
3778.60000
3787.80000
3796.80000
3805.77500
3818.62500
4025.77500
4042.35000
4054.57500
4063.87500
4075.07500
4084.00000
4092.85000
4101.70000
4110.57500
4328.42500
4342.92500
4354.75000
4364.30000
4373.40000
4382.57500
4391.52500
4400.42500
4409.32500
4631.55000
4643.65000
4657.75000
4667.00000
4675.97500
4684.82500
4693.67500
4702.52500
4711.42500
4928.22500
4940.47500
4951.55000
4961.85000
4970.87500
4980.85000
4989.80000
4998.67500
5007.55000
5227.10000
5243.20000
5252.60000
5262.52500
5271.57500
5280.47500
5289.30000
5298.15000
5307.00000
5319.77500
5529.32500
5544.87500
5554.20000
5563.32500
5572.25000
5581.07500
5589.87500
5598.70000
5607.55000
5816.12500
5830.62500
5845.25000
5854.45000
5863.32500
5872.07500
5880.82500
5889.55000
5898.32500
5907.15000
5919.57500
6115.32500
6130.55000
6145.57500
6154.72500
6164.07500
6172.95000
6181.72500
6190.50000
6199.30000
6208.12500
6415.85000
6432.77500
6447.82500
6456.87500
6466.15000
6475.00000
6483.77500
6492.55000
6501.35000
6510.17500
6714.52500
6731.07500
6740.22500
6750.00000
6758.90000
6767.65000
6776.35000
6785.07500
6793.80000
6802.55000
6811.37500
6999.65000
7016.65000
7030.92500
7040.10000
7048.92500
7057.62500
7066.25000
7074.90000
7083.55000
7092.22500
7100.97500
7109.75000
7306.77500
7322.57500
7333.25000
7342.35000
7351.32500
7360.12500
7368.82500
7377.50000
7386.17500
7394.90000
7403.65000
7412.47500
7600.65000
7615.25000
7625.65000
7635.07500
7643.92500
7652.72500
7661.45000
7670.10000
7678.75000
7687.40000
7696.10000
7704.85000
7714.47500
7900.75000
7915.15000
7924.82500
7934.25000
7943.15000
7951.87500
7960.50000
7969.10000
7977.72500
7986.37500
7995.05000
8003.80000
8012.60000
8200.25000
8214.67500
8224.05000
8233.55000
8244.17500
8252.92500
8261.55000
8270.15000
8278.77500
8287.42500
8296.10000
8304.85000
8314.35000
8500.30000
8516.70000
8529.10000
8537.95000
8547.27500
8555.95000
8564.55000
8573.12500
8581.75000
8590.40000
8599.10000
8607.87500
8622.05000
8793.90000
8810.50000
8819.77500
8828.67500
8837.37500
8845.97500
8854.50000
8863.02500
8871.57500
8880.15000
8888.75000
8897.42500
8906.15000
8918.62500
9084.97500
9100.72500
9114.97500
9124.02500
9132.70000
9141.25000
9149.75000
9158.22500
9166.75000
9175.27500
9183.85000
9192.50000
9201.17500
9209.92500
9387.92500
9401.92500
9416.85000
9426.00000
9435.42500
9444.20000
9452.82500
9461.37500
9469.95000
9478.55000
9487.17500
9495.82500
9504.55000
9513.35000
9685.95000
9701.00000
9713.07500
9722.40000
9732.95000
9741.62500
9750.17500
9758.70000
9767.22500
9775.77500
9784.37500
9793.02500
9801.70000
9810.47500
9990.52500

