$ Stimulation Interval(ms): 300
$ Delay(ms): 32.660291
$ Number of data : 416
$ TSTOP : 10000
$ PN stimulation current max : 28000
$ LN stimulation current max : 13500
40.10000
50.87500
60.27500
69.07500
77.50000
85.72500
93.87500
101.97500
110.05000
118.15000
126.27500
134.42500
142.62500
150.85000
159.15000
167.52500
175.92500
184.42500
192.95000
201.57500
220.30000
480.35000
496.22500
753.12500
783.60000
800.52500
1037.85000
1053.50000
1067.57500
1083.80000
1095.02500
1104.70000
1124.02500
1328.05000
1344.47500
1361.17500
1377.70000
1388.35000
1398.80000
1408.50000
1438.17500
1623.62500
1639.75000
1653.70000
1669.57500
1678.85000
1689.12500
1701.47500
1710.92500
1738.95000
1913.35000
1930.05000
1945.90000
1957.62500
1969.10000
1979.60000
1989.15000
1998.25000
2007.47500
2024.20000
2225.42500
2241.25000
2256.92500
2272.45000
2287.75000
2296.97500
2306.97500
2324.32500
2510.60000
2525.65000
2540.60000
2556.65000
2571.82500
2580.92500
2591.22500
2600.45000
2609.50000
2625.32500
2799.07500
2814.57500
2826.77500
2841.75000
2855.90000
2865.00000
2875.32500
2887.67500
2897.02500
2906.05000
2923.80000
3101.35000
3123.77500
3139.87500
3157.07500
3165.92500
3176.25000
3187.17500
3196.12500
3205.02500
3223.67500
3402.02500
3418.55000
3428.70000
3441.77500
3452.05000
3462.12500
3472.92500
3482.00000
3490.92500
3499.77500
3508.62500
3524.17500
3701.10000
3712.70000
3725.47500
3741.15000
3753.90000
3762.72500
3772.50000
3781.27500
3790.00000
3798.75000
3807.55000
3823.92500
3997.70000
4013.02500
4026.90000
4042.80000
4051.90000
4061.42500
4070.35000
4079.72500
4088.70000
4097.57500
4106.45000
4123.82500
4296.60000
4311.62500
4321.52500
4334.82500
4343.70000
4352.35000
4360.92500
4369.50000
4378.07500
4386.70000
4395.37500
4404.10000
4423.52500
4596.05000
4612.07500
4627.75000
4642.00000
4651.07500
4660.95000
4669.97500
4679.02500
4687.90000
4696.72500
4705.55000
4723.75000
4893.40000
4910.07500
4921.00000
4936.12500
4945.10000
4953.95000
4964.67500
4973.37500
4982.02500
4990.70000
4999.40000
5008.17500
5024.05000
5182.00000
5196.57500
5210.77500
5227.00000
5236.05000
5245.72500
5260.25000
5269.15000
5277.87500
5286.55000
5295.27500
5304.02500
5323.60000
5486.75000
5502.75000
5514.50000
5528.72500
5544.97500
5554.10000
5563.32500
5572.22500
5581.00000
5589.77500
5598.52500
5607.32500
5623.97500
5780.77500
5796.65000
5812.62500
5828.60000
5837.57500
5847.57500
5858.70000
5867.52500
5876.20000
5884.87500
5893.60000
5902.32500
5912.10000
5937.80000
6082.45000
6098.40000
6113.52500
6128.67500
6137.60000
6147.52500
6156.40000
6165.22500
6173.97500
6182.67500
6191.40000
6200.12500
6208.90000
6224.22500
6382.95000
6398.65000
6412.55000
6428.67500
6437.45000
6447.20000
6455.92500
6465.12500
6473.82500
6482.50000
6491.17500
6499.90000
6508.67500
6524.20000
6682.57500
6696.72500
6712.60000
6721.45000
6731.12500
6739.77500
6748.80000
6757.42500
6765.95000
6774.52500
6783.10000
6791.72500
6800.40000
6809.15000
6824.25000
6972.82500
6984.97500
6998.85000
7014.60000
7023.57500
7033.45000
7044.35000
7053.07500
7061.65000
7070.20000
7078.80000
7087.40000
7096.07500
7104.77500
7123.67500
7280.77500
7296.75000
7305.70000
7315.37500
7324.10000
7332.97500
7341.57500
7350.07500
7358.55000
7367.02500
7375.55000
7384.10000
7392.72500
7401.40000
7410.12500
7424.45000
7581.35000
7597.25000
7609.37500
7618.20000
7626.80000
7635.30000
7643.72500
7652.12500
7660.57500
7669.02500
7677.55000
7686.10000
7694.72500
7703.40000
7723.60000
7868.97500
7884.10000
7899.55000
7914.52500
7923.52500
7933.05000
7941.85000
7950.65000
7959.30000
7967.87500
7976.45000
7985.05000
7993.70000
8002.40000
8011.80000
8025.17500
8172.47500
8185.25000
8199.62500
8214.70000
8223.70000
8233.37500
8245.60000
8254.40000
8263.00000
8271.57500
8280.17500
8288.80000
8297.47500
8306.20000
8323.85000
8472.85000
8485.70000
8499.70000
8515.25000
8524.17500
8533.42500
8542.20000
8551.00000
8559.60000
8568.15000
8576.72500
8585.32500
8593.97500
8602.67500
8623.65000
8767.95000
8783.67500
8793.12500
8801.90000
8810.72500
8819.20000
8827.80000
8836.22500
8844.60000
8852.97500
8861.37500
8869.82500
8878.32500
8886.87500
8895.47500
8904.15000
8923.65000
9059.75000
9073.57500
9085.05000
9098.87500
9107.75000
9117.47500
9126.82500
9135.50000
9144.00000
9152.42500
9160.87500
9169.35000
9177.87500
9186.42500
9195.05000
9203.72500
9223.65000
9370.10000
9384.57500
9399.17500
9415.05000
9423.77500
9432.65000
9441.17500
9449.62500
9458.07500
9466.52500
9475.05000
9483.60000
9492.20000
9500.87500
9509.60000
9524.37500
9675.35000
9686.82500
9698.75000
9709.82500
9718.57500
9727.07500
9735.50000
9743.90000
9752.27500
9760.70000
9769.15000
9777.65000
9786.20000
9794.82500
9803.50000
9823.65000
9970.37500
9984.62500

