$ Stimulation Interval(ms): 300
$ Delay(ms): 204.926443
$ Number of data : 273
$ TSTOP : 10000
$ PN stimulation current max : 28000
$ LN stimulation current max : 13500
209.90000
223.10000
236.25000
249.70000
263.40000
277.30000
291.45000
305.87500
320.62500
335.82500
352.05000
368.62500
384.52500
400.72500
417.95000
512.72500
525.92500
539.15000
552.67500
566.50000
580.57500
594.90000
609.50000
624.50000
640.30000
812.75000
825.90000
839.15000
852.72500
866.60000
880.72500
895.12500
909.82500
924.90000
940.95000
1112.82500
1126.02500
1139.30000
1152.90000
1166.82500
1181.00000
1195.47500
1210.25000
1225.50000
1412.80000
1426.00000
1439.30000
1452.95000
1466.92500
1481.15000
1495.65000
1510.50000
1525.82500
1712.80000
1726.02500
1739.37500
1753.05000
1767.05000
1781.32500
1795.87500
1810.77500
1826.20000
2012.80000
2026.05000
2039.40000
2053.12500
2067.17500
2081.47500
2096.07500
2111.05000
2126.60000
2312.82500
2326.10000
2339.47500
2353.22500
2367.30000
2381.65000
2396.32500
2411.35000
2427.00000
2612.85000
2626.12500
2639.52500
2653.30000
2667.42500
2681.82500
2696.52500
2711.62500
2727.42500
2912.85000
2926.17500
2939.57500
2953.40000
2967.55000
2981.97500
2996.75000
3011.90000
3027.92500
3212.87500
3226.20000
3239.65000
3253.47500
3267.67500
3282.15000
3296.97500
3312.20000
3328.47500
3512.87500
3526.25000
3539.70000
3553.55000
3567.77500
3582.30000
3597.17500
3612.50000
3629.97500
3812.90000
3826.27500
3839.75000
3853.62500
3867.90000
3882.47500
3897.40000
3912.80000
4112.92500
4126.30000
4139.80000
4153.70000
4168.00000
4182.60000
4197.60000
4213.10000
4412.92500
4426.32500
4439.85000
4453.77500
4468.10000
4482.75000
4497.77500
4513.37500
4712.95000
4726.35000
4739.87500
4753.85000
4768.20000
4782.87500
4797.95000
4813.62500
5012.95000
5026.40000
5039.92500
5053.92500
5068.30000
5083.02500
5098.15000
5113.95000
5312.95000
5326.42500
5339.97500
5353.97500
5368.40000
5383.15000
5398.32500
5414.20000
5612.97500
5626.45000
5640.02500
5654.05000
5668.50000
5683.30000
5698.50000
5714.50000
5912.97500
5926.47500
5940.05000
5954.10000
5968.60000
5983.42500
5998.70000
6014.87500
6213.00000
6226.50000
6240.10000
6254.17500
6268.70000
6283.57500
6298.90000
6315.25000
6513.00000
6526.52500
6540.15000
6554.25000
6568.80000
6583.70000
6599.10000
6615.75000
6813.02500
6826.55000
6840.17500
6854.30000
6868.87500
6883.85000
6899.30000
7113.02500
7126.57500
7140.22500
7154.35000
7168.97500
7183.95000
7199.47500
7215.92500
7413.02500
7426.60000
7440.25000
7454.42500
7469.05000
7484.10000
7499.70000
7713.05000
7726.62500
7740.30000
7754.47500
7769.15000
7784.22500
7799.90000
8013.05000
8026.62500
8040.32500
8054.52500
8069.22500
8084.35000
8100.07500
8313.07500
8326.65000
8340.35000
8354.57500
8369.30000
8384.47500
8400.27500
8613.07500
8626.67500
8640.40000
8654.62500
8669.37500
8684.57500
8700.45000
8913.07500
8926.70000
8940.42500
8954.67500
8969.47500
8984.70000
9000.75000
9213.10000
9226.72500
9240.45000
9254.72500
9269.55000
9284.82500
9301.02500
9513.10000
9526.72500
9540.47500
9554.77500
9569.62500
9584.97500
9601.37500
9813.10000
9826.75000
9840.52500
9854.82500
9869.70000
9885.10000

