$ Stimulation Interval(ms): 300
$ Delay(ms): 215.330667
$ Number of data : 310
$ TSTOP : 10000
$ PN stimulation current max : 28000
$ LN stimulation current max : 13500
220.37500
233.60000
246.95000
260.45000
274.12500
288.00000
302.07500
316.37500
330.92500
345.80000
360.97500
376.42500
392.12500
408.20000
424.47500
523.30000
536.45000
549.85000
563.45000
577.25000
591.27500
605.52500
620.02500
634.82500
649.95000
665.42500
681.07500
697.00000
713.10000
730.02500
823.30000
836.50000
849.95000
863.62500
877.50000
891.60000
905.95000
920.55000
935.50000
950.80000
966.42500
982.05000
998.07500
1014.37500
1123.35000
1136.57500
1150.10000
1163.80000
1177.72500
1191.90000
1206.32500
1221.05000
1236.10000
1251.55000
1267.30000
1283.05000
1299.30000
1316.00000
1423.37500
1436.65000
1450.20000
1463.95000
1477.92500
1492.17500
1506.67500
1521.47500
1536.67500
1552.27500
1568.12500
1584.02500
1600.57500
1723.40000
1736.70000
1750.30000
1764.07500
1778.12500
1792.42500
1807.02500
1821.92500
1837.25000
1853.02500
1869.02500
1885.02500
1902.07500
2023.42500
2036.75000
2050.37500
2064.22500
2078.32500
2092.67500
2107.32500
2122.32500
2137.80000
2153.70000
2169.52500
2185.75000
2323.45000
2336.80000
2350.47500
2364.32500
2378.47500
2392.90000
2407.62500
2422.72500
2438.32500
2454.37500
2470.27500
2486.67500
2503.25000
2623.47500
2636.85000
2650.55000
2664.47500
2678.65000
2693.15000
2707.95000
2723.15000
2738.90000
2755.02500
2771.02500
2787.87500
2923.47500
2936.90000
2950.62500
2964.57500
2978.82500
2993.35000
3008.22500
3023.55000
3039.45000
3055.70000
3071.75000
3088.82500
3223.50000
3236.95000
3250.72500
3264.70000
3278.97500
3293.57500
3308.52500
3323.95000
3340.05000
3356.35000
3372.55000
3389.77500
3523.52500
3537.00000
3550.80000
3564.80000
3579.12500
3593.77500
3608.82500
3624.37500
3640.67500
3656.55000
3673.12500
3823.55000
3837.02500
3850.85000
3864.90000
3879.27500
3893.97500
3909.07500
3924.80000
3941.15000
3957.05000
3973.75000
3991.07500
4123.55000
4137.07500
4150.92500
4165.00000
4179.42500
4194.17500
4209.37500
4225.25000
4241.72500
4257.70000
4274.65000
4423.57500
4437.12500
4451.00000
4465.10000
4479.57500
4494.37500
4509.67500
4525.72500
4542.32500
4723.60000
4737.15000
4751.05000
4765.17500
4779.67500
4794.55000
4809.92500
4826.20000
4842.75000
4859.02500
5023.60000
5037.17500
5051.10000
5065.25000
5079.80000
5094.75000
5110.22500
5126.92500
5143.20000
5159.70000
5323.62500
5337.22500
5351.17500
5365.35000
5379.92500
5394.92500
5410.52500
5623.62500
5637.22500
5651.20000
5665.40000
5680.02500
5695.05000
5710.77500
5923.62500
5937.25000
5951.25000
5965.45000
5980.10000
5995.20000
6011.00000
6223.65000
6237.27500
6251.27500
6265.52500
6280.20000
6295.32500
6311.30000
6523.65000
6537.30000
6551.32500
6565.57500
6580.27500
6595.45000
6611.62500
6823.65000
6837.32500
6851.35000
6865.62500
6880.35000
6895.60000
6912.05000
7123.67500
7137.35000
7151.40000
7165.67500
7180.45000
7195.75000
7423.67500
7437.35000
7451.42500
7465.72500
7480.52500
7495.85000
7723.67500
7737.37500
7751.45000
7765.77500
7780.57500
7795.97500
8023.70000
8037.40000
8051.47500
8065.82500
8080.65000
8096.10000
8323.70000
8337.40000
8351.50000
8365.87500
8380.72500
8396.20000
8623.70000
8637.42500
8651.55000
8665.90000
8680.80000
8696.32500
8923.70000
8937.45000
8951.57500
8965.95000
8980.87500
8996.42500
9223.72500
9237.45000
9251.60000
9266.00000
9280.92500
9296.55000
9523.72500
9537.47500
9551.62500
9566.05000
9581.00000
9596.65000
9823.72500
9837.50000
9851.65000
9866.07500
9881.07500
9896.77500

