$ Stimulation Interval(ms): 300
$ Delay(ms): 31.724716
$ Number of data : 331
$ TSTOP : 10000
$ PN stimulation current max : 21000
$ LN stimulation current max : 12000
42.07500
54.22500
64.70000
74.42500
83.77500
93.00000
102.17500
111.30000
120.45000
129.62500
138.87500
148.17500
157.55000
167.00000
176.55000
186.20000
195.92500
205.77500
504.20000
782.12500
798.87500
810.42500
1065.07500
1082.92500
1093.80000
1104.35000
1365.52500
1381.50000
1392.60000
1403.27500
1414.05000
1650.12500
1666.55000
1680.45000
1691.15000
1701.62500
1712.00000
1952.07500
1965.60000
1976.75000
1987.37500
1997.77500
2008.12500
2238.75000
2252.57500
2266.82500
2277.52500
2287.90000
2298.15000
2308.37500
2552.55000
2563.97500
2575.02500
2585.55000
2595.87500
2606.17500
2838.40000
2854.62500
2865.52500
2875.92500
2886.15000
2896.30000
2906.47500
3132.00000
3142.92500
3153.97500
3164.20000
3174.25000
3184.25000
3194.27500
3204.32500
3425.95000
3441.30000
3454.85000
3465.62500
3475.95000
3486.12500
3496.25000
3506.37500
3730.67500
3742.45000
3756.05000
3766.22500
3776.22500
3786.22500
3796.22500
3806.30000
4011.37500
4025.90000
4040.00000
4050.75000
4060.97500
4071.02500
4081.00000
4090.97500
4100.97500
4111.02500
4306.62500
4320.95000
4332.55000
4342.85000
4352.82500
4362.70000
4372.52500
4382.37500
4392.25000
4402.20000
4412.22500
4614.87500
4628.02500
4638.35000
4648.35000
4658.20000
4668.00000
4677.82500
4687.70000
4697.60000
4707.60000
4921.92500
4932.80000
4943.32500
4953.45000
4963.37500
4973.27500
4983.17500
4993.10000
5003.07500
5013.15000
5210.85000
5225.32500
5236.25000
5246.52500
5256.52500
5266.42500
5276.27500
5286.17500
5296.10000
5306.07500
5504.17500
5518.60000
5529.05000
5539.00000
5548.77500
5558.50000
5568.22500
5577.97500
5587.77500
5597.67500
5607.62500
5791.32500
5806.00000
5821.50000
5831.75000
5841.60000
5851.32500
5861.02500
5870.75000
5880.50000
5890.30000
5900.20000
5910.17500
6094.50000
6110.45000
6123.22500
6133.47500
6143.40000
6153.17500
6162.90000
6172.65000
6182.42500
6192.25000
6202.17500
6212.17500
6400.65000
6414.92500
6426.12500
6436.22500
6446.05000
6455.80000
6465.52500
6475.25000
6485.05000
6494.90000
6504.85000
6696.25000
6709.35000
6719.90000
6729.90000
6739.67500
6749.37500
6759.02500
6768.70000
6778.42500
6788.20000
6798.05000
6808.00000
6990.92500
7005.40000
7015.55000
7025.32500
7034.95000
7044.52500
7054.10000
7063.70000
7073.35000
7083.07500
7092.85000
7102.75000
7112.72500
7294.80000
7308.10000
7318.52500
7328.47500
7338.22500
7347.87500
7357.50000
7367.17500
7376.85000
7386.62500
7396.47500
7406.40000
7578.72500
7593.72500
7608.37500
7618.62500
7628.42500
7638.07500
7647.65000
7657.22500
7666.85000
7676.52500
7686.25000
7696.07500
7705.97500
7874.82500
7888.82500
7901.95000
7911.80000
7921.37500
7930.85000
7940.30000
7949.77500
7959.27500
7968.85000
7978.47500
7988.20000
7998.02500
8007.92500
8182.15000
8196.45000
8208.62500
8218.45000
8228.05000
8237.57500
8247.07500
8256.62500
8266.20000
8275.82500
8285.55000
8295.35000
8305.25000
8488.12500
8498.97500
8509.00000
8518.72500
8528.30000
8537.80000
8547.30000
8556.82500
8566.42500
8576.05000
8585.77500
8595.57500
8605.45000
8773.87500
8787.77500
8801.97500
8812.00000
8821.65000
8831.15000
8840.62500
8850.10000
8859.62500
8869.20000
8878.85000
8888.57500
8898.40000
8908.32500
9079.85000
9094.22500
9105.02500
9115.10000
9124.85000
9134.45000
9144.00000
9153.55000
9163.12500
9172.72500
9182.42500
9192.20000
9202.05000
9212.00000
9375.02500
9388.35000
9399.00000
9408.95000
9418.62500
9428.15000
9437.62500
9447.10000
9456.60000
9466.15000
9475.77500
9485.47500
9495.25000
9505.12500
9688.47500
9699.10000
9709.37500
9719.15000
9728.75000
9738.27500
9747.77500
9757.32500
9766.90000
9776.55000
9786.27500
9796.07500
9805.97500
9981.40000
9993.75000

