$ Stimulation Interval(ms): 300
$ Delay(ms): 32.660291
$ Number of data : 398
$ TSTOP : 10000
$ PN stimulation current max : 21000
$ LN stimulation current max : 12000
43.00000
55.15000
65.60000
75.35000
84.70000
93.92500
103.10000
112.22500
121.37500
130.55000
139.80000
149.10000
158.47500
167.92500
177.47500
187.12500
196.85000
206.70000
459.15000
476.77500
493.02500
507.67500
735.85000
753.00000
766.15000
781.82500
798.95000
810.07500
1031.77500
1047.40000
1063.57500
1076.52500
1087.22500
1097.47500
1107.67500
1333.57500
1350.22500
1365.27500
1382.02500
1392.62500
1402.95000
1617.52500
1633.00000
1647.42500
1663.75000
1674.07500
1684.50000
1694.72500
1704.87500
1919.60000
1936.15000
1950.80000
1961.12500
1971.15000
1981.15000
1991.12500
2001.12500
2011.25000
2202.82500
2218.42500
2233.70000
2248.00000
2258.15000
2269.00000
2279.17500
2289.20000
2299.22500
2309.30000
2502.47500
2518.87500
2535.27500
2550.55000
2560.60000
2571.35000
2581.37500
2591.35000
2601.35000
2611.67500
2787.52500
2803.25000
2818.95000
2834.05000
2843.97500
2854.60000
2864.60000
2874.45000
2884.32500
2894.20000
2904.17500
3105.17500
3119.32500
3133.97500
3144.07500
3154.47500
3164.40000
3174.25000
3184.10000
3194.00000
3203.97500
3392.10000
3406.32500
3421.60000
3438.32500
3452.85000
3463.10000
3473.10000
3483.02500
3492.97500
3502.97500
3694.57500
3706.15000
3719.27500
3730.35000
3740.27500
3750.02500
3759.72500
3769.42500
3779.15000
3788.95000
3798.82500
3808.77500
3988.87500
4004.62500
4020.45000
4030.47500
4040.80000
4050.67500
4060.42500
4070.15000
4079.90000
4089.72500
4099.60000
4109.57500
4289.10000
4305.90000
4319.50000
4330.95000
4340.97500
4350.77500
4360.50000
4370.22500
4379.97500
4389.77500
4399.65000
4409.62500
4579.57500
4596.15000
4606.70000
4617.12500
4626.97500
4636.60000
4646.15000
4655.72500
4665.30000
4674.95000
4684.67500
4694.45000
4704.32500
4888.85000
4905.27500
4920.42500
4930.25000
4940.20000
4949.92500
4959.57500
4969.25000
4978.97500
4988.77500
4998.62500
5008.57500
5179.02500
5193.67500
5208.82500
5224.37500
5236.32500
5246.50000
5256.40000
5266.22500
5276.00000
5285.82500
5295.70000
5305.65000
5481.05000
5497.30000
5507.30000
5517.42500
5527.05000
5536.55000
5546.05000
5555.57500
5565.12500
5574.75000
5584.45000
5594.22500
5604.07500
5777.47500
5791.97500
5805.22500
5820.95000
5830.95000
5840.65000
5850.25000
5859.87500
5869.50000
5879.20000
5888.97500
5898.80000
5908.75000
6076.97500
6091.52500
6107.05000
6117.25000
6127.02500
6136.62500
6146.17500
6155.72500
6165.30000
6174.95000
6184.65000
6194.45000
6204.32500
6375.15000
6390.50000
6401.37500
6414.27500
6423.92500
6433.42500
6442.90000
6452.37500
6461.90000
6471.47500
6481.15000
6490.87500
6500.72500
6510.65000
6676.27500
6691.07500
6707.00000
6719.32500
6729.12500
6738.72500
6748.27500
6757.82500
6767.42500
6777.07500
6786.80000
6796.62500
6806.52500
6965.05000
6979.50000
6990.80000
7000.92500
7010.57500
7020.05000
7029.42500
7038.82500
7048.22500
7057.70000
7067.20000
7076.80000
7086.47500
7096.25000
7106.10000
7274.75000
7290.85000
7306.27500
7316.35000
7326.20000
7335.75000
7345.27500
7354.77500
7364.35000
7373.97500
7383.65000
7393.42500
7403.30000
7564.90000
7577.30000
7590.47500
7605.25000
7614.95000
7624.42500
7633.82500
7643.22500
7652.67500
7662.17500
7671.75000
7681.37500
7691.10000
7700.92500
7710.85000
7859.22500
7872.67500
7887.15000
7901.40000
7910.95000
7920.32500
7929.65000
7938.97500
7948.37500
7957.80000
7967.32500
7976.92500
7986.60000
7996.35000
8006.22500
8173.85000
8188.00000
8198.17500
8207.85000
8217.35000
8226.75000
8236.15000
8245.57500
8255.02500
8264.52500
8274.10000
8283.77500
8293.50000
8303.35000
8464.55000
8477.25000
8490.22500
8502.77500
8512.45000
8521.90000
8531.30000
8540.70000
8550.12500
8559.60000
8569.12500
8578.75000
8588.45000
8598.25000
8608.12500
8773.65000
8788.55000
8799.57500
8809.92500
8819.65000
8829.15000
8838.62500
8848.10000
8857.60000
8867.15000
8876.77500
8886.45000
8896.25000
8906.12500
9062.70000
9077.65000
9092.75000
9104.60000
9114.47500
9124.07500
9133.57500
9143.05000
9152.52500
9162.05000
9171.62500
9181.27500
9191.00000
9200.82500
9210.72500
9361.85000
9375.42500
9388.87500
9398.57500
9408.70000
9418.17500
9427.52500
9436.90000
9446.27500
9455.70000
9465.20000
9474.77500
9484.42500
9494.15000
9504.00000
9664.95000
9677.82500
9689.75000
9699.62500
9709.40000
9718.92500
9728.32500
9737.72500
9747.12500
9756.57500
9766.10000
9775.67500
9785.35000
9795.10000
9804.95000
9960.67500
9974.90000
9990.12500
9999.85000

