$ Stimulation Interval(ms): 300
$ Delay(ms): 204.892214
$ Number of data : 276
$ TSTOP : 10000
$ PN stimulation current max : 21000
$ LN stimulation current max : 12000
210.25000
223.97500
237.72500
251.60000
265.75000
280.10000
294.62500
309.37500
324.37500
339.75000
355.67500
372.07500
513.30000
526.97500
540.77500
554.75000
569.02500
583.50000
598.20000
613.07500
628.27500
643.95000
659.92500
676.65000
813.35000
827.10000
840.95000
854.95000
869.30000
883.87500
898.62500
913.60000
928.92500
944.72500
960.97500
979.67500
1113.40000
1127.17500
1141.07500
1155.15000
1169.55000
1184.17500
1199.00000
1214.10000
1229.55000
1245.35000
1261.97500
1413.42500
1427.25000
1441.17500
1455.30000
1469.75000
1484.45000
1499.32500
1514.50000
1530.12500
1546.22500
1713.45000
1727.30000
1741.27500
1755.42500
1769.95000
1784.67500
1799.60000
1814.85000
1830.52500
1846.67500
2013.47500
2027.37500
2041.37500
2055.55000
2070.10000
2084.90000
2099.90000
2115.22500
2131.05000
2147.52500
2313.50000
2327.42500
2341.45000
2355.67500
2370.27500
2385.12500
2400.17500
2415.60000
2431.60000
2448.67500
2613.52500
2627.47500
2641.55000
2655.80000
2670.42500
2685.35000
2700.45000
2715.97500
2732.25000
2913.55000
2927.52500
2941.62500
2955.90000
2970.57500
2985.52500
3000.70000
3016.32500
3032.45000
3213.57500
3227.57500
3241.67500
3256.00000
3270.72500
3285.72500
3300.95000
3316.65000
3332.95000
3513.60000
3527.60000
3541.75000
3556.10000
3570.85000
3585.90000
3601.20000
3617.02500
3633.57500
3813.60000
3827.65000
3841.82500
3856.20000
3871.00000
3886.07500
3901.45000
3917.40000
3934.47500
4113.62500
4127.70000
4141.90000
4156.27500
4171.12500
4186.15000
4201.57500
4217.65000
4413.65000
4427.72500
4441.95000
4456.37500
4471.25000
4486.32500
4501.82500
4518.05000
4713.65000
4727.77500
4742.00000
4756.45000
4771.37500
4786.47500
4802.05000
4818.50000
5013.67500
5027.80000
5042.05000
5056.52500
5071.47500
5086.65000
5102.27500
5119.05000
5313.67500
5327.85000
5342.12500
5356.60000
5371.60000
5386.80000
5402.52500
5613.70000
5627.87500
5642.17500
5656.67500
5671.70000
5686.95000
5702.75000
5719.42500
5913.72500
5927.90000
5942.22500
5956.75000
5971.82500
5987.10000
6003.00000
6020.17500
6213.72500
6227.92500
6242.27500
6256.85000
6271.95000
6287.27500
6303.30000
6513.75000
6527.97500
6542.32500
6556.90000
6572.05000
6587.42500
6603.60000
6813.75000
6828.00000
6842.37500
6856.97500
6872.15000
6887.60000
6904.12500
7113.75000
7128.02500
7142.42500
7157.05000
7172.25000
7187.62500
7203.67500
7413.77500
7428.05000
7442.45000
7457.10000
7472.35000
7487.77500
7503.92500
7713.77500
7728.07500
7742.50000
7757.17500
7772.47500
7787.92500
7804.20000
8013.80000
8028.10000
8042.55000
8057.25000
8072.57500
8088.07500
8104.52500
8313.80000
8328.12500
8342.60000
8357.32500
8372.67500
8388.25000
8404.95000
8613.82500
8628.15000
8642.65000
8657.37500
8672.80000
8688.40000
8705.72500
8913.82500
8928.20000
8942.67500
8957.45000
8972.90000
8988.57500
9213.82500
9228.20000
9242.72500
9257.50000
9272.97500
9288.70000
9513.85000
9528.22500
9542.75000
9557.57500
9572.87500
9588.45000
9605.22500
9813.85000
9828.25000
9842.80000
9857.62500
9872.97500
9888.62500
9906.07500

