$ Stimulation Interval(ms): 300
$ Delay(ms): 46.472475
$ Number of data : 379
$ TSTOP : 10000
$ PN stimulation current max : 21000
$ LN stimulation current max : 12000
56.70000
68.82500
79.27500
89.00000
98.35000
107.57500
116.72500
125.85000
135.00000
144.20000
153.42500
162.72500
172.10000
181.55000
191.10000
200.72500
475.92500
490.67500
505.95000
747.65000
765.47500
780.92500
795.95000
806.55000
1046.15000
1059.12500
1072.40000
1082.65000
1092.72500
1102.75000
1334.62500
1352.17500
1366.92500
1381.10000
1391.65000
1401.90000
1633.55000
1647.17500
1662.57500
1672.97500
1683.62500
1693.77500
1703.82500
1932.45000
1944.35000
1954.60000
1964.82500
1974.80000
1984.70000
1994.57500
2004.47500
2217.80000
2232.72500
2246.35000
2256.40000
2266.75000
2276.65000
2286.47500
2296.30000
2306.17500
2503.30000
2517.95000
2533.60000
2545.02500
2554.90000
2564.60000
2574.27500
2583.97500
2593.70000
2603.50000
2804.00000
2819.67500
2833.45000
2843.40000
2853.77500
2863.57500
2873.25000
2882.95000
2892.67500
2902.47500
3118.17500
3132.42500
3142.42500
3152.15000
3161.77500
3171.42500
3181.07500
3190.80000
3200.57500
3210.42500
3403.60000
3420.32500
3434.02500
3444.02500
3453.75000
3463.40000
3473.02500
3482.70000
3492.40000
3502.17500
3702.67500
3717.20000
3730.20000
3740.25000
3749.97500
3759.60000
3769.20000
3778.82500
3788.50000
3798.22500
3808.02500
3990.27500
4003.60000
4014.07500
4023.95000
4033.57500
4043.07500
4052.55000
4062.00000
4071.50000
4081.05000
4090.67500
4100.37500
4110.15000
4304.45000
4317.70000
4329.62500
4339.45000
4349.07500
4358.65000
4368.20000
4377.80000
4387.42500
4397.15000
4406.92500
4590.30000
4602.62500
4615.75000
4625.95000
4635.67500
4645.27500
4654.77500
4664.27500
4673.82500
4683.40000
4693.05000
4702.77500
4894.47500
4907.27500
4919.77500
4929.77500
4939.90000
4949.60000
4959.20000
4968.75000
4978.35000
4987.97500
4997.67500
5007.47500
5190.00000
5206.30000
5220.82500
5233.80000
5243.45000
5252.97500
5262.47500
5272.00000
5281.60000
5291.25000
5300.97500
5310.77500
5485.50000
5500.35000
5515.30000
5525.17500
5534.75000
5544.20000
5553.65000
5563.10000
5572.60000
5582.15000
5591.77500
5601.47500
5611.27500
5788.75000
5800.92500
5811.10000
5821.07500
5830.67500
5840.15000
5849.57500
5859.00000
5868.45000
5877.97500
5887.55000
5897.20000
5906.95000
6090.95000
6107.67500
6117.70000
6127.32500
6136.82500
6146.25000
6155.67500
6165.15000
6174.65000
6184.20000
6193.85000
6203.57500
6375.85000
6390.87500
6402.42500
6414.72500
6424.40000
6433.85000
6443.22500
6452.62500
6462.02500
6471.47500
6481.00000
6490.60000
6500.27500
6510.02500
6678.30000
6693.30000
6705.82500
6718.82500
6728.50000
6738.00000
6747.40000
6756.82500
6766.27500
6775.77500
6785.35000
6794.97500
6804.70000
6985.50000
6998.25000
7009.72500
7019.50000
7029.57500
7039.12500
7048.57500
7058.02500
7067.50000
7077.00000
7086.57500
7096.22500
7105.97500
7278.57500
7292.75000
7305.60000
7315.60000
7325.47500
7335.02500
7344.47500
7353.90000
7363.32500
7372.80000
7382.35000
7391.95000
7401.65000
7411.45000
7576.95000
7591.50000
7603.75000
7613.42500
7622.85000
7632.20000
7641.50000
7650.82500
7660.20000
7669.62500
7679.10000
7688.67500
7698.32500
7708.05000
7875.97500
7891.12500
7903.35000
7913.20000
7922.70000
7932.10000
7941.42500
7950.77500
7960.15000
7969.57500
7979.07500
7988.65000
7998.30000
8008.02500
8182.67500
8194.75000
8204.65000
8214.67500
8224.20000
8233.57500
8242.92500
8252.27500
8261.65000
8271.07500
8280.57500
8290.17500
8299.82500
8309.60000
8475.92500
8490.82500
8503.30000
8513.12500
8522.62500
8532.00000
8541.35000
8550.67500
8560.05000
8569.47500
8578.97500
8588.55000
8598.20000
8607.92500
8775.27500
8788.65000
8799.77500
8809.87500
8819.45000
8828.85000
8838.20000
8847.52500
8856.90000
8866.30000
8875.75000
8885.27500
8894.90000
8904.60000
9078.42500
9091.95000
9104.07500
9113.92500
9123.42500
9132.82500
9142.17500
9151.55000
9160.92500
9170.35000
9179.85000
9189.42500
9199.10000
9208.85000
9373.20000
9388.95000
9398.90000
9409.05000
9418.52500
9427.87500
9437.15000
9446.45000
9455.77500
9465.15000
9474.60000
9484.12500
9493.72500
9503.40000
9669.00000
9684.77500
9694.75000
9704.25000
9713.57500
9722.80000
9732.02500
9741.25000
9750.52500
9759.85000
9769.22500
9778.67500
9788.22500
9797.85000
9807.55000
9971.35000
9982.27500
9992.40000

