$ Stimulation Interval(ms): 300
$ Delay(ms): 17.581766
$ Number of data : 334
$ TSTOP : 10000
$ PN stimulation current max : 21000
$ LN stimulation current max : 12000
28.12500
40.30000
50.77500
60.52500
69.87500
79.12500
88.27500
97.40000
106.57500
115.75000
125.00000
134.30000
143.67500
153.15000
162.67500
172.32500
182.07500
191.90000
201.85000
475.10000
492.00000
505.37500
768.02500
784.57500
799.95000
1065.95000
1083.12500
1094.05000
1104.72500
1354.17500
1368.35000
1382.32500
1393.42500
1404.17500
1648.37500
1665.80000
1680.12500
1690.85000
1701.37500
1942.65000
1959.12500
1970.25000
1980.87500
1991.32500
2001.72500
2240.50000
2253.57500
2267.45000
2278.35000
2288.92500
2299.35000
2525.30000
2540.72500
2554.20000
2569.17500
2579.67500
2589.97500
2600.27500
2824.40000
2840.32500
2856.30000
2867.45000
2878.05000
2888.47500
2898.82500
2909.27500
3118.10000
3133.37500
3145.70000
3156.50000
3166.80000
3176.97500
3187.12500
3197.30000
3207.52500
3425.42500
3441.30000
3456.45000
3467.45000
3477.97500
3488.35000
3498.67500
3509.02500
3721.85000
3733.62500
3744.50000
3756.82500
3767.07500
3777.17500
3787.30000
3797.45000
3807.65000
4010.47500
4026.35000
4041.47500
4052.57500
4063.07500
4073.35000
4083.52500
4093.72500
4103.92500
4305.42500
4320.57500
4332.37500
4342.77500
4352.90000
4362.92500
4372.90000
4382.90000
4392.95000
4403.07500
4616.42500
4628.95000
4639.37500
4649.50000
4659.50000
4669.47500
4679.47500
4689.52500
4699.62500
4719.97500
4896.60000
4910.17500
4923.47500
4934.00000
4944.45000
4954.50000
4964.47500
4974.42500
4984.40000
4994.45000
5004.55000
5195.10000
5211.02500
5225.20000
5236.17500
5246.52500
5256.62500
5266.65000
5276.62500
5286.65000
5296.72500
5306.87500
5503.60000
5516.52500
5527.30000
5537.42500
5547.37500
5557.25000
5567.12500
5577.05000
5587.00000
5597.05000
5607.17500
5791.40000
5806.22500
5821.77500
5832.20000
5842.22500
5852.12500
5861.97500
5871.87500
5881.80000
5891.77500
5901.85000
6079.27500
6094.52500
6109.80000
6123.75000
6134.07500
6144.07500
6153.95000
6163.80000
6173.67500
6183.60000
6193.60000
6203.67500
6399.12500
6416.25000
6427.20000
6437.30000
6447.20000
6457.07500
6466.95000
6476.85000
6486.80000
6496.85000
6506.97500
6692.22500
6707.60000
6718.20000
6728.30000
6738.17500
6747.97500
6757.77500
6767.60000
6777.45000
6787.37500
6797.40000
6807.50000
6991.22500
7005.72500
7016.05000
7025.97500
7035.75000
7045.50000
7055.22500
7065.00000
7074.82500
7084.72500
7094.70000
7104.77500
7279.35000
7295.12500
7308.95000
7319.47500
7329.50000
7339.35000
7349.12500
7358.90000
7368.70000
7378.55000
7388.47500
7398.47500
7408.57500
7593.22500
7609.40000
7619.95000
7629.97500
7639.82500
7649.62500
7659.42500
7669.25000
7679.12500
7689.07500
7699.10000
7709.27500
7875.30000
7889.62500
7903.02500
7913.17500
7922.97500
7932.65000
7942.27500
7951.95000
7961.65000
7971.40000
7981.22500
7991.15000
8001.15000
8020.05000
8190.37500
8201.37500
8212.12500
8222.10000
8231.87500
8241.60000
8251.30000
8261.02500
8270.80000
8280.65000
8290.57500
8300.60000
8319.87500
8474.40000
8490.47500
8500.82500
8510.67500
8520.35000
8529.95000
8539.52500
8549.12500
8558.80000
8568.50000
8578.30000
8588.17500
8598.15000
8608.22500
8774.47500
8788.92500
8803.97500
8814.15000
8823.97500
8833.67500
8843.35000
8853.00000
8862.72500
8872.50000
8882.35000
8892.27500
8902.30000
9077.30000
9092.77500
9106.42500
9116.40000
9126.12500
9135.77500
9145.42500
9155.10000
9164.80000
9174.60000
9184.45000
9194.40000
9204.45000
9371.80000
9385.20000
9395.60000
9405.45000
9415.12500
9424.67500
9434.22500
9443.77500
9453.37500
9463.05000
9472.77500
9482.57500
9492.50000
9502.50000
9677.25000
9690.47500
9701.02500
9711.25000
9721.07500
9730.75000
9740.37500
9750.00000
9759.70000
9769.42500
9779.22500
9789.12500
9799.10000
9809.20000
9978.45000
9993.15000

