$ Stimulation Interval(ms): 300
$ Delay(ms): 215.330667
$ Number of data : 228
$ TSTOP : 10000
$ PN stimulation current max : 21000
$ LN stimulation current max : 12000
220.72500
234.50000
248.45000
262.57500
276.97500
291.65000
306.65000
322.00000
337.65000
353.47500
369.55000
385.92500
523.90000
537.57500
551.60000
565.85000
580.42500
595.32500
610.57500
626.20000
642.02500
658.05000
674.17500
691.75000
823.95000
837.67500
851.77500
866.10000
880.80000
895.82500
911.25000
927.02500
943.05000
959.22500
975.75000
992.72500
1124.00000
1137.77500
1151.92500
1166.32500
1181.10000
1196.25000
1211.82500
1227.75000
1243.65000
1260.10000
1277.42500
1424.02500
1437.85000
1452.05000
1466.50000
1481.37500
1496.65000
1512.37500
1528.40000
1544.40000
1561.17500
1724.05000
1737.90000
1752.17500
1766.67500
1781.62500
1797.00000
1812.87500
1829.05000
1845.15000
1862.82500
2024.07500
2037.97500
2052.27500
2066.82500
2081.85000
2097.37500
2113.40000
2129.67500
2145.90000
2324.10000
2338.02500
2352.35000
2366.95000
2382.07500
2397.70000
2413.87500
2430.27500
2446.62500
2624.12500
2638.07500
2652.45000
2667.10000
2682.30000
2698.07500
2714.40000
2730.85000
2747.37500
2924.15000
2938.12500
2952.52500
2967.22500
2982.52500
2998.45000
3014.90000
3030.90000
3047.92500
3224.17500
3238.17500
3252.62500
3267.35000
3282.72500
3298.82500
3315.20000
3331.30000
3524.20000
3538.20000
3552.70000
3567.47500
3582.95000
3599.25000
3615.60000
3631.80000
3824.20000
3838.25000
3852.77500
3867.57500
3883.15000
3899.75000
3916.00000
3932.30000
4124.22500
4138.27500
4152.85000
4167.70000
4183.37500
4200.42500
4216.42500
4232.82500
4249.60000
4424.25000
4438.32500
4452.92500
4467.82500
4483.62500
4724.25000
4738.35000
4752.95000
4767.90000
4783.80000
5024.27500
5038.37500
5053.00000
5067.97500
5083.97500
5324.27500
5338.40000
5353.05000
5368.05000
5384.20000
5624.27500
5638.42500
5653.07500
5668.10000
5684.42500
5924.30000
5938.42500
5953.12500
5968.17500
5984.67500
6224.30000
6238.45000
6253.17500
6268.25000
6285.00000
6524.30000
6538.47500
6553.20000
6568.32500
6585.55000
6824.32500
6838.50000
6853.25000
6868.37500
6885.15000
7124.32500
7138.52500
7153.27500
7168.45000
7184.52500
7424.32500
7438.55000
7453.32500
7468.52500
7484.72500
7724.35000
7738.55000
7753.37500
7768.60000
7784.95000
8024.35000
8038.57500
8053.40000
8068.67500
8085.20000
8324.35000
8338.60000
8353.45000
8368.75000
8385.60000
8624.37500
8638.62500
8653.47500
8668.80000
8924.37500
8938.62500
8953.50000
8968.87500
9224.37500
9238.65000
9253.55000
9268.92500
9524.37500
9538.67500
9553.57500
9568.97500
9584.92500
9824.40000
9838.67500
9853.60000
9869.05000
9885.10000

