$ Stimulation Interval(ms): 300
$ Delay(ms): 31.724716
$ Number of data : 235
$ TSTOP : 10000
$ PN stimulation current max : 42000
$ LN stimulation current max : 16500
36.67500
45.77500
53.92500
61.60000
68.97500
76.17500
83.22500
90.25000
97.22500
104.20000
111.17500
118.15000
125.15000
132.15000
139.20000
146.30000
153.40000
160.55000
167.75000
174.97500
182.25000
189.55000
196.90000
204.32500
213.77500
228.15000
1705.07500
2033.17500
2307.95000
2332.70000
2632.25000
2887.12500
2902.50000
2932.70000
3201.05000
3224.45000
3494.75000
3504.87500
3524.87500
3772.67500
3787.02500
3801.72500
3817.30000
3832.85000
4074.52500
4093.42500
4103.72500
4117.07500
4132.62500
4380.80000
4391.77500
4405.67500
4416.95000
4432.45000
4660.75000
4676.97500
4690.90000
4705.12500
4716.55000
4732.52500
4947.60000
4963.90000
4977.20000
4988.27500
5003.85000
5012.07500
5024.47500
5250.60000
5267.00000
5276.70000
5287.87500
5300.12500
5308.55000
5318.00000
5332.52500
5560.72500
5577.25000
5594.00000
5603.57500
5611.65000
5624.45000
5852.70000
5870.82500
5885.17500
5895.17500
5906.77500
5917.15000
5932.35000
6145.60000
6161.57500
6177.17500
6187.32500
6195.87500
6204.27500
6212.65000
6224.62500
6435.27500
6451.32500
6462.35000
6473.75000
6484.22500
6492.85000
6500.80000
6509.20000
6519.50000
6532.85000
6735.90000
6747.87500
6761.57500
6774.27500
6783.75000
6792.72500
6800.65000
6808.42500
6817.52500
6831.90000
7047.20000
7063.25000
7080.05000
7090.17500
7098.12500
7105.90000
7116.52500
7131.32500
7332.90000
7348.40000
7364.20000
7379.07500
7388.62500
7397.05000
7404.87500
7412.65000
7424.52500
7632.55000
7648.62500
7663.60000
7672.12500
7681.62500
7689.62500
7698.80000
7706.80000
7716.85000
7731.50000
7917.40000
7932.75000
7946.40000
7955.87500
7964.85000
7972.85000
7981.45000
7989.17500
7996.80000
8004.40000
8011.97500
8024.37500
8217.15000
8232.40000
8241.40000
8250.40000
8261.17500
8269.20000
8278.42500
8286.25000
8293.95000
8301.55000
8309.15000
8317.97500
8331.80000
8518.57500
8533.82500
8546.27500
8555.55000
8564.75000
8573.02500
8580.82500
8588.47500
8596.05000
8603.62500
8611.20000
8620.80000
8633.17500
8818.15000
8832.87500
8843.72500
8852.27500
8860.37500
8868.47500
8876.20000
8883.92500
8891.55000
8899.12500
8906.70000
8916.67500
8931.05000
9117.12500
9132.87500
9143.27500
9151.82500
9160.25000
9168.40000
9176.07500
9183.67500
9191.27500
9198.82500
9206.40000
9216.57500
9231.02500
9403.47500
9418.20000
9433.65000
9445.40000
9453.92500
9463.32500
9471.05000
9480.42500
9488.10000
9495.65000
9503.20000
9510.75000
9520.45000
9533.02500
9711.00000
9724.25000
9735.27500
9747.80000
9755.72500
9764.62500
9772.32500
9780.35000
9787.92500
9795.47500
9803.00000
9810.55000
9820.35000
9832.95000

