$ Stimulation Interval(ms): 300
$ Delay(ms): 204.892214
$ Number of data : 525
$ TSTOP : 10000
$ PN stimulation current max : 42000
$ LN stimulation current max : 16500
209.32500
221.82500
234.22500
246.75000
259.37500
272.15000
285.07500
298.12500
311.32500
324.70000
338.20000
351.90000
365.75000
379.75000
393.95000
408.35000
422.97500
437.87500
453.10000
468.57500
484.32500
500.70000
513.45000
526.12500
538.65000
551.20000
563.92500
576.80000
589.80000
602.97500
616.30000
629.77500
643.42500
657.27500
671.30000
685.52500
699.97500
714.67500
729.67500
745.12500
760.85000
777.02500
793.67500
811.25000
823.85000
836.42500
849.05000
861.85000
874.77500
887.87500
901.10000
914.50000
928.05000
941.77500
955.65000
969.72500
983.97500
998.45000
1013.17500
1028.20000
1043.52500
1059.12500
1075.07500
1092.20000
1112.32500
1124.92500
1137.50000
1150.17500
1163.00000
1175.95000
1189.07500
1202.35000
1215.77500
1229.37500
1243.17500
1257.12500
1271.32500
1285.70000
1300.32500
1315.27500
1330.72500
1346.45000
1362.65000
1412.07500
1424.72500
1437.32500
1450.05000
1462.95000
1476.00000
1489.17500
1502.52500
1516.05000
1529.72500
1543.60000
1557.62500
1571.87500
1586.32500
1601.00000
1616.02500
1631.27500
1647.00000
1663.17500
1712.10000
1724.75000
1737.37500
1750.12500
1763.07500
1776.15000
1789.37500
1802.77500
1816.32500
1830.07500
1843.97500
1858.07500
1872.35000
1886.85000
1901.65000
1916.77500
1932.20000
1948.17500
1964.75000
2012.12500
2024.77500
2037.40000
2050.17500
2063.12500
2076.25000
2089.50000
2102.92500
2116.52500
2130.30000
2144.25000
2158.40000
2172.72500
2187.27500
2202.10000
2217.25000
2232.67500
2248.57500
2265.15000
2312.12500
2324.75000
2337.40000
2350.20000
2363.17500
2376.32500
2389.62500
2403.10000
2416.75000
2430.57500
2444.62500
2458.85000
2473.27500
2487.95000
2502.95000
2518.35000
2534.10000
2612.15000
2624.80000
2637.50000
2650.30000
2663.32500
2676.52500
2689.85000
2703.35000
2717.02500
2730.90000
2744.95000
2759.20000
2773.65000
2788.32500
2803.35000
2818.65000
2834.37500
2850.67500
2912.15000
2924.82500
2937.52500
2950.35000
2963.40000
2976.60000
2989.97500
3003.50000
3017.22500
3031.15000
3045.25000
3059.57500
3074.10000
3088.87500
3104.02500
3119.45000
3135.45000
3212.20000
3224.90000
3237.62500
3250.47500
3263.57500
3276.80000
3290.20000
3303.77500
3317.55000
3331.50000
3345.67500
3360.02500
3374.62500
3389.47500
3404.75000
3420.32500
3436.87500
3512.20000
3524.90000
3537.65000
3550.55000
3563.65000
3576.90000
3590.35000
3603.95000
3617.75000
3631.75000
3645.97500
3660.37500
3675.02500
3689.97500
3705.30000
3721.42500
3812.20000
3824.92500
3837.70000
3850.60000
3863.72500
3877.02500
3890.47500
3904.12500
3917.97500
3932.00000
3946.27500
3960.72500
3975.42500
3990.45000
4005.90000
4021.77500
4112.25000
4125.00000
4137.77500
4150.70000
4163.87500
4177.17500
4190.67500
4204.35000
4218.22500
4232.30000
4246.60000
4261.12500
4275.87500
4290.97500
4306.57500
4322.65000
4412.22500
4424.97500
4437.77500
4450.72500
4463.92500
4477.25000
4490.77500
4504.50000
4518.40000
4532.52500
4546.87500
4561.45000
4576.25000
4591.40000
4607.15000
4623.55000
4712.22500
4725.00000
4737.85000
4750.80000
4764.02500
4777.37500
4790.95000
4804.67500
4818.62500
4832.80000
4847.17500
4861.82500
4876.67500
4891.92500
4907.55000
4924.47500
5012.25000
5025.00000
5037.85000
5050.85000
5064.07500
5077.47500
5091.07500
5104.85000
5118.82500
5133.02500
5147.47500
5162.15000
5177.07500
5192.42500
5208.17500
5312.25000
5325.02500
5337.90000
5350.92500
5364.17500
5377.60000
5391.20000
5405.00000
5419.02500
5433.25000
5447.75000
5462.47500
5477.47500
5492.92500
5508.82500
5612.25000
5625.07500
5637.95000
5650.97500
5664.25000
5677.70000
5691.35000
5705.17500
5719.22500
5733.50000
5748.02500
5762.80000
5777.87500
5793.45000
5809.52500
5912.30000
5925.12500
5938.02500
5951.07500
5964.37500
5977.85000
5991.50000
6005.37500
6019.45000
6033.75000
6048.32500
6063.12500
6078.30000
6094.02500
6110.40000
6212.27500
6225.12500
6238.05000
6251.12500
6264.42500
6277.92500
6291.62500
6305.50000
6319.62500
6333.97500
6348.60000
6363.42500
6378.62500
6394.55000
6411.97500
6512.30000
6525.15000
6538.10000
6551.17500
6564.52500
6578.05000
6591.75000
6605.67500
6619.82500
6634.20000
6648.87500
6663.75000
6679.05000
6694.75000
6812.30000
6825.17500
6838.12500
6851.22500
6864.60000
6878.12500
6891.87500
6905.82500
6920.00000
6934.42500
6949.15000
6964.07500
6979.42500
6995.25000
7112.32500
7125.20000
7138.17500
7151.30000
7164.67500
7178.22500
7192.00000
7205.97500
7220.17500
7234.65000
7249.40000
7264.40000
7279.85000
7295.82500
7412.32500
7425.22500
7438.22500
7451.35000
7464.75000
7478.32500
7492.12500
7506.12500
7520.35000
7534.85000
7549.67500
7564.72500
7580.27500
7596.47500
7712.35000
7725.25000
7738.25000
7751.40000
7764.82500
7778.42500
7792.25000
7806.27500
7820.55000
7835.07500
7849.95000
7865.05000
7880.75000
7897.30000
8012.35000
8025.27500
8038.30000
8051.47500
8064.90000
8078.52500
8092.37500
8106.42500
8120.72500
8135.30000
8150.20000
8165.37500
8181.25000
8312.35000
8325.30000
8338.32500
8351.52500
8364.97500
8378.62500
8392.47500
8406.55000
8420.87500
8435.50000
8450.45000
8465.70000
8481.82500
8612.37500
8625.32500
8638.37500
8651.57500
8665.05000
8678.70000
8692.60000
8706.70000
8721.05000
8735.70000
8750.70000
8766.02500
8781.75000
8912.37500
8925.35000
8938.40000
8951.62500
8965.10000
8978.80000
8992.70000
9006.82500
9021.22500
9035.90000
9050.95000
9066.32500
9082.20000
9212.40000
9225.37500
9238.45000
9251.67500
9265.17500
9278.87500
9292.80000
9306.95000
9321.37500
9336.10000
9351.17500
9366.67500
9382.70000
9512.40000
9525.40000
9538.47500
9551.72500
9565.25000
9578.97500
9592.92500
9607.10000
9621.55000
9636.30000
9651.40000
9667.00000
9683.25000
9812.40000
9825.42500
9838.52500
9851.77500
9865.32500
9879.05000
9893.02500
9907.22500
9921.70000
9936.50000
9951.55000
9967.17500
9983.65000

