$ Stimulation Interval(ms): 300
$ Delay(ms): 32.660291
$ Number of data : 411
$ TSTOP : 10000
$ PN stimulation current max : 42000
$ LN stimulation current max : 16500
37.60000
46.70000
54.85000
62.52500
69.90000
77.10000
84.15000
91.17500
98.15000
105.12500
112.10000
119.07500
126.07500
133.10000
140.12500
147.22500
154.32500
161.47500
168.67500
175.90000
183.17500
190.47500
197.82500
205.25000
215.02500
230.47500
723.55000
738.50000
769.37500
786.20000
802.10000
1026.32500
1055.85000
1102.27500
1134.92500
1379.87500
1396.10000
1436.30000
1599.37500
1667.60000
1682.30000
1697.17500
1717.00000
1736.92500
1928.85000
1960.40000
1975.72500
1985.17500
1999.45000
2023.72500
2036.40000
2215.32500
2230.30000
2245.95000
2269.52500
2285.05000
2300.27500
2309.80000
2322.75000
2336.45000
2529.60000
2545.85000
2561.97500
2571.42500
2585.67500
2601.07500
2624.55000
2635.97500
2801.17500
2815.87500
2831.45000
2847.62500
2869.65000
2884.22500
2894.22500
2902.92500
2922.05000
2934.80000
3101.92500
3116.80000
3131.75000
3147.55000
3157.10000
3171.30000
3186.57500
3199.55000
3207.85000
3222.72500
3235.05000
3402.30000
3417.25000
3432.57500
3445.82500
3456.87500
3471.20000
3487.27500
3496.52500
3505.32500
3522.47500
3534.87500
3688.62500
3711.50000
3727.77500
3741.00000
3756.45000
3770.75000
3786.47500
3802.12500
3810.77500
3822.52500
3834.87500
3988.90000
4012.22500
4027.90000
4041.80000
4057.32500
4072.45000
4088.60000
4096.67500
4105.22500
4117.37500
4133.85000
4289.20000
4312.77500
4328.60000
4342.50000
4358.27500
4373.52500
4383.65000
4392.50000
4405.25000
4417.40000
4433.77500
4589.52500
4613.30000
4628.72500
4642.57500
4651.45000
4660.30000
4670.75000
4678.87500
4689.30000
4697.17500
4706.50000
4717.67500
4733.95000
4889.07500
4903.45000
4918.50000
4930.20000
4943.50000
4958.45000
4971.47500
4979.45000
4989.20000
4998.62500
5007.55000
5021.35000
5034.42500
5189.42500
5203.92500
5219.12500
5229.55000
5244.10000
5258.85000
5267.25000
5276.20000
5284.27500
5292.82500
5303.90000
5317.10000
5331.05000
5489.62500
5504.15000
5519.32500
5529.90000
5544.72500
5559.75000
5570.50000
5579.10000
5592.42500
5600.42500
5609.32500
5621.65000
5634.55000
5789.50000
5804.57500
5819.97500
5830.52500
5844.10000
5859.65000
5869.27500
5878.25000
5888.20000
5896.27500
5906.72500
5918.12500
5933.97500
6088.92500
6104.97500
6117.02500
6129.57500
6141.72500
6151.80000
6161.27500
6171.45000
6179.75000
6187.72500
6195.37500
6203.47500
6212.67500
6222.50000
6234.70000
6377.12500
6401.52500
6415.60000
6429.90000
6438.35000
6447.05000
6460.47500
6468.25000
6477.30000
6484.97500
6492.75000
6500.42500
6508.77500
6521.42500
6534.47500
6677.60000
6690.77500
6705.72500
6716.17500
6730.67500
6745.42500
6753.75000
6762.75000
6770.70000
6779.25000
6787.00000
6794.85000
6802.47500
6810.12500
6821.65000
6834.50000
6976.80000
6990.67500
7006.02500
7016.52500
7030.80000
7045.37500
7053.67500
7063.00000
7070.72500
7079.75000
7087.52500
7095.27500
7102.90000
7111.70000
7122.02500
7134.62500
7277.12500
7291.02500
7306.52500
7317.05000
7330.52500
7339.22500
7348.32500
7358.75000
7366.67500
7376.32500
7384.15000
7393.62500
7401.37500
7409.00000
7421.40000
7434.47500
7577.40000
7591.42500
7606.97500
7617.85000
7630.35000
7639.17500
7648.05000
7656.10000
7664.60000
7672.32500
7680.97500
7688.77500
7697.50000
7705.32500
7717.27500
7731.02500
7877.82500
7891.62500
7905.65000
7918.02500
7931.65000
7939.85000
7949.02500
7959.90000
7967.65000
7976.82500
7984.50000
7992.10000
7999.65000
8007.20000
8017.65000
8031.25000
8178.10000
8192.00000
8205.50000
8218.02500
8230.02500
8239.20000
8248.75000
8257.07500
8265.60000
8273.25000
8282.12500
8289.82500
8297.37500
8304.92500
8317.15000
8330.82500
8476.45000
8492.25000
8505.35000
8517.80000
8530.67500
8539.67500
8547.97500
8555.55000
8564.10000
8571.70000
8580.15000
8587.75000
8595.27500
8602.80000
8610.65000
8621.77500
8634.60000
8776.62500
8792.45000
8803.40000
8818.07500
8826.42500
8835.25000
8844.12500
8852.55000
8860.30000
8868.17500
8875.75000
8883.50000
8891.05000
8898.55000
8906.07500
8917.35000
8930.90000
9076.77500
9092.47500
9103.70000
9115.67500
9124.97500
9134.95000
9142.85000
9150.72500
9158.22500
9166.37500
9173.90000
9181.80000
9189.32500
9196.80000
9204.27500
9217.15000
9230.82500
9377.07500
9392.47500
9403.60000
9414.45000
9423.52500
9433.00000
9441.15000
9449.80000
9458.17500
9465.95000
9473.47500
9481.75000
9489.35000
9496.85000
9504.37500
9517.15000
9530.85000
9677.37500
9691.85000
9703.37500
9717.45000
9725.65000
9735.00000
9742.90000
9751.77500
9763.12500
9770.77500
9779.77500
9787.37500
9794.90000
9802.40000
9809.90000
9821.62500
9834.62500
9977.57500
9992.00000

