$ Stimulation Interval(ms): 300
$ Delay(ms): 46.472475
$ Number of data : 313
$ TSTOP : 10000
$ PN stimulation current max : 42000
$ LN stimulation current max : 16500
51.35000
60.45000
68.60000
76.25000
83.62500
90.82500
97.87500
104.90000
111.87500
118.85000
125.80000
132.77500
139.77500
146.80000
153.85000
160.92500
168.05000
175.17500
182.37500
189.60000
196.87500
204.17500
214.40000
228.77500
1103.10000
1380.72500
1396.10000
1681.07500
1697.67500
1717.12500
1969.32500
1982.50000
1997.95000
2269.77500
2284.95000
2300.77500
2555.75000
2569.02500
2584.72500
2599.92500
2617.82500
2855.82500
2869.47500
2883.37500
2896.00000
2904.32500
2918.10000
3154.90000
3170.80000
3185.85000
3199.65000
3209.45000
3231.72500
3444.67500
3458.32500
3471.20000
3486.25000
3502.15000
3531.37500
3740.77500
3755.87500
3770.05000
3784.92500
3801.22500
3822.25000
4040.62500
4056.95000
4071.72500
4087.57500
4096.82500
4105.57500
4117.75000
4328.57500
4342.10000
4357.52500
4372.37500
4382.55000
4391.27500
4404.75000
4417.20000
4630.07500
4641.62500
4654.82500
4670.40000
4678.32500
4686.97500
4694.70000
4703.22500
4712.40000
4730.97500
4930.25000
4945.55000
4957.72500
4973.25000
4986.90000
4994.82500
5004.75000
5017.20000
5227.12500
5243.30000
5257.37500
5267.80000
5276.35000
5286.47500
5294.27500
5303.70000
5317.05000
5334.07500
5514.15000
5528.10000
5543.72500
5558.17500
5573.90000
5583.10000
5592.10000
5599.95000
5608.05000
5618.17500
5814.80000
5828.77500
5842.75000
5857.87500
5869.05000
5876.92500
5885.50000
5893.30000
5901.60000
5909.25000
5922.47500
6113.87500
6128.35000
6142.20000
6157.60000
6169.35000
6177.17500
6186.12500
6193.75000
6202.95000
6212.05000
6230.95000
6414.20000
6428.82500
6443.02500
6451.57500
6460.45000
6470.17500
6477.92500
6488.20000
6495.90000
6503.42500
6512.47500
6530.95000
6713.62500
6729.85000
6744.00000
6753.57500
6762.32500
6772.72500
6780.35000
6789.72500
6797.35000
6804.85000
6817.00000
6831.97500
7000.70000
7014.70000
7029.60000
7043.77500
7053.72500
7062.00000
7070.57500
7078.55000
7087.20000
7094.87500
7102.42500
7109.92500
7122.85000
7301.22500
7315.30000
7329.15000
7339.85000
7348.12500
7357.65000
7365.37500
7374.47500
7382.22500
7391.15000
7398.80000
7406.32500
7417.27500
7432.30000
7602.30000
7614.50000
7628.25000
7639.17500
7647.10000
7655.07500
7662.60000
7670.00000
7677.72500
7685.15000
7693.32500
7700.80000
7708.25000
7717.87500
7733.50000
7900.60000
7915.12500
7929.47500
7938.40000
7946.60000
7955.45000
7963.02500
7970.47500
7978.05000
7985.47500
7992.87500
8000.27500
8007.70000
8017.67500
8032.37500
8199.92500
8215.35000
8229.90000
8239.17500
8247.45000
8256.10000
8263.60000
8271.05000
8278.70000
8286.15000
8293.52500
8300.92500
8308.35000
8317.90000
8333.30000
8500.32500
8516.42500
8530.27500
8540.60000
8549.25000
8556.90000
8565.27500
8572.90000
8580.72500
8588.22500
8595.65000
8603.07500
8611.70000
8630.95000
8800.70000
8815.97500
8829.22500
8841.00000
8848.70000
8857.02500
8864.50000
8871.87500
8879.20000
8886.55000
8893.90000
8901.27500
8908.67500
8918.02500
8933.27500
9101.05000
9114.97500
9126.35000
9134.17500
9142.72500
9150.17500
9158.30000
9165.65000
9172.95000
9180.25000
9187.55000
9194.87500
9202.22500
9209.62500
9222.07500
9388.30000
9401.60000
9415.17500
9426.62500
9434.42500
9443.97500
9451.50000
9460.87500
9468.40000
9476.00000
9483.45000
9490.85000
9498.22500
9505.62500
9517.12500
9531.75000
9688.27500
9701.62500
9715.47500
9724.65000
9733.25000
9740.80000
9749.40000
9756.97500
9764.87500
9772.40000
9780.67500
9788.22500
9795.67500
9803.10000
9811.52500
9831.00000
9987.72500

