$ Stimulation Interval(ms): 300
$ Delay(ms): 31.724716
$ Number of data : 198
$ TSTOP : 10000
$ PN stimulation current max : 49000
$ LN stimulation current max : 18000
36.02500
44.57500
52.30000
59.62500
66.65000
73.52500
80.25000
86.95000
93.60000
100.22500
106.85000
113.50000
120.12500
126.80000
133.47500
140.17500
146.90000
153.67500
160.47500
167.30000
174.15000
181.05000
187.97500
194.95000
201.95000
209.00000
217.27500
228.32500
2632.97500
3229.85000
3502.70000
3533.15000
3801.32500
3811.72500
3831.70000
4096.07500
4111.92500
4130.90000
4395.67500
4416.72500
4432.07500
4688.52500
4705.30000
4716.82500
4731.02500
4968.22500
4982.15000
4995.77500
5006.75000
5018.67500
5031.80000
5279.85000
5294.77500
5307.42500
5317.47500
5330.60000
5567.75000
5583.55000
5599.52500
5611.32500
5624.72500
5645.87500
5868.77500
5883.25000
5895.65000
5907.70000
5917.50000
5930.47500
6168.30000
6184.97500
6197.55000
6206.00000
6217.45000
6230.42500
6424.22500
6454.12500
6469.42500
6484.65000
6496.22500
6505.65000
6517.37500
6530.35000
6738.80000
6758.32500
6769.50000
6784.27500
6793.62500
6802.52500
6816.12500
6830.02500
7039.22500
7059.12500
7070.97500
7086.42500
7095.62500
7103.70000
7112.22500
7123.72500
7137.17500
7339.55000
7362.67500
7376.45000
7387.47500
7403.47500
7412.57500
7423.90000
7437.25000
7640.35000
7655.77500
7671.67500
7685.52500
7693.17500
7702.77500
7710.40000
7723.87500
7737.30000
7940.42500
7955.72500
7969.42500
7977.80000
7986.40000
7994.70000
8002.70000
8010.25000
8019.60000
8030.95000
8226.27500
8246.27500
8257.00000
8271.65000
8280.17500
8289.22500
8296.77500
8305.65000
8315.87500
8325.02500
8337.40000
8541.85000
8556.15000
8568.20000
8578.12500
8587.60000
8595.67500
8603.40000
8610.90000
8619.87500
8631.25000
8826.05000
8841.82500
8853.25000
8863.32500
8872.37500
8884.90000
8892.47500
8901.22500
8908.70000
8917.12500
8929.95000
8946.00000
9111.45000
9127.02500
9142.12500
9157.55000
9170.20000
9178.62500
9187.90000
9195.42500
9204.15000
9211.57500
9220.32500
9231.55000
9411.75000
9426.92500
9441.85000
9456.90000
9466.47500
9474.52500
9485.37500
9493.12500
9502.52500
9510.22500
9519.55000
9530.77500
9712.15000
9728.12500
9743.27500
9751.45000
9760.32500
9768.37500
9776.27500
9783.70000
9791.52500
9798.95000
9806.22500
9815.90000
9824.85000
9837.32500
9997.27500

