$ Stimulation Interval(ms): 300
$ Delay(ms): 204.926443
$ Number of data : 493
$ TSTOP : 10000
$ PN stimulation current max : 49000
$ LN stimulation current max : 18000
209.17500
221.30000
233.35000
245.50000
257.77500
270.20000
282.75000
295.45000
308.25000
321.22500
334.32500
347.62500
361.10000
374.82500
388.82500
403.12500
417.70000
432.57500
447.85000
463.82500
479.90000
495.75000
510.87500
523.25000
535.60000
547.85000
560.27500
572.82500
585.50000
598.35000
611.32500
624.47500
637.80000
651.32500
665.05000
679.00000
693.15000
707.52500
722.17500
737.17500
752.72500
811.85000
824.12500
836.42500
848.75000
861.20000
873.77500
886.50000
899.35000
912.35000
925.50000
938.85000
952.42500
966.25000
980.35000
994.70000
1009.32500
1024.20000
1039.42500
1055.05000
1071.47500
1111.82500
1124.17500
1136.45000
1148.82500
1161.30000
1173.92500
1186.67500
1199.60000
1212.67500
1225.90000
1239.32500
1252.97500
1266.85000
1280.97500
1295.32500
1309.90000
1324.70000
1339.82500
1355.47500
1371.82500
1411.85000
1424.17500
1436.47500
1448.82500
1461.32500
1473.97500
1486.77500
1499.75000
1512.87500
1526.20000
1539.72500
1553.50000
1567.52500
1581.77500
1596.25000
1611.07500
1626.62500
1711.85000
1724.20000
1736.52500
1748.87500
1761.40000
1774.07500
1786.85000
1799.80000
1812.90000
1826.17500
1839.67500
1853.45000
1867.50000
1881.87500
1896.50000
1911.47500
1926.85000
1942.65000
1959.00000
2011.97500
2024.25000
2036.55000
2048.92500
2061.47500
2074.17500
2087.02500
2100.05000
2113.25000
2126.60000
2140.20000
2154.02500
2168.12500
2182.55000
2197.30000
2212.52500
2311.95000
2324.25000
2336.60000
2349.00000
2361.60000
2374.35000
2387.25000
2400.32500
2413.55000
2426.97500
2440.60000
2454.47500
2468.62500
2483.10000
2498.00000
2513.92500
2611.92500
2624.22500
2636.60000
2649.00000
2661.57500
2674.30000
2687.20000
2700.25000
2713.47500
2726.87500
2740.52500
2754.45000
2768.75000
2783.42500
2798.50000
2814.17500
2911.85000
2924.25000
2936.62500
2949.07500
2961.72500
2974.52500
2987.47500
3000.60000
3013.90000
3027.40000
3041.12500
3055.12500
3069.37500
3083.87500
3098.75000
3114.37500
3211.87500
3224.25000
3236.65000
3249.10000
3261.77500
3274.57500
3287.55000
3300.67500
3314.00000
3327.52500
3341.32500
3355.40000
3369.80000
3384.57500
3399.85000
3511.85000
3524.27500
3536.62500
3549.07500
3561.75000
3574.57500
3587.55000
3600.67500
3614.00000
3627.52500
3641.30000
3655.40000
3669.85000
3684.75000
3700.15000
3811.87500
3824.27500
3836.62500
3849.10000
3861.80000
3874.65000
3887.65000
3900.82500
3914.17500
3927.72500
3941.52500
3955.60000
3970.02500
3984.90000
4000.37500
4111.90000
4124.27500
4136.65000
4149.15000
4161.85000
4174.72500
4187.75000
4200.92500
4214.30000
4227.90000
4241.72500
4255.87500
4270.40000
4285.40000
4301.22500
4411.95000
4424.35000
4436.72500
4449.25000
4462.00000
4474.87500
4487.92500
4501.15000
4514.55000
4528.17500
4542.07500
4556.27500
4570.87500
4586.02500
4602.47500
4711.90000
4724.27500
4736.65000
4749.17500
4761.92500
4774.85000
4787.90000
4801.15000
4814.57500
4828.22500
4842.12500
4856.35000
4871.00000
4886.20000
5011.92500
5024.30000
5036.70000
5049.22500
5062.02500
5074.92500
5088.02500
5101.30000
5114.75000
5128.42500
5142.37500
5156.65000
5171.35000
5186.65000
5311.95000
5324.30000
5336.72500
5349.27500
5362.07500
5375.02500
5388.12500
5401.42500
5414.90000
5428.60000
5442.57500
5456.87500
5471.62500
5487.02500
5611.97500
5624.40000
5636.82500
5649.40000
5662.20000
5675.17500
5688.30000
5701.60000
5715.12500
5728.87500
5742.90000
5757.30000
5772.15000
5787.75000
5912.00000
5924.37500
5936.82500
5949.40000
5962.22500
5975.22500
5988.37500
6001.70000
6015.22500
6029.00000
6043.05000
6057.47500
6072.37500
6088.10000
6212.05000
6224.45000
6236.90000
6249.52500
6262.35000
6275.35000
6288.52500
6301.90000
6315.45000
6329.27500
6343.37500
6357.85000
6372.87500
6389.20000
6512.05000
6524.47500
6536.95000
6549.55000
6562.42500
6575.45000
6588.65000
6602.02500
6615.62500
6629.45000
6643.60000
6658.15000
6673.22500
6812.05000
6824.47500
6836.97500
6849.60000
6862.47500
6875.52500
6888.72500
6902.12500
6915.75000
6929.62500
6943.80000
6958.37500
6973.52500
7112.07500
7124.52500
7137.00000
7149.65000
7162.55000
7175.60000
7188.85000
7202.27500
7215.92500
7229.82500
7244.02500
7258.67500
7273.92500
7412.00000
7424.45000
7436.95000
7449.60000
7462.52500
7475.60000
7488.85000
7502.30000
7515.95000
7529.87500
7544.12500
7558.77500
7574.07500
7712.00000
7724.47500
7737.00000
7749.67500
7762.60000
7775.67500
7788.95000
7802.42500
7816.10000
7830.05000
7844.32500
7859.05000
7874.45000
8012.00000
8024.45000
8036.97500
8049.67500
8062.60000
8075.72500
8089.00000
8102.50000
8116.20000
8130.17500
8144.50000
8159.25000
8174.77500
8312.00000
8324.47500
8337.00000
8349.70000
8362.67500
8375.77500
8389.10000
8402.60000
8416.35000
8430.35000
8444.70000
8459.52500
8475.22500
8612.02500
8624.50000
8637.05000
8649.77500
8662.75000
8675.87500
8689.20000
8702.72500
8716.50000
8730.55000
8744.95000
8759.85000
8775.85000
8912.02500
8924.52500
8937.07500
8949.80000
8962.80000
8975.95000
8989.30000
9002.85000
9016.65000
9030.72500
9045.15000
9060.12500
9076.97500
9212.02500
9224.52500
9237.10000
9249.85000
9262.85000
9276.02500
9289.37500
9302.95000
9316.77500
9330.87500
9345.37500
9360.42500
9512.02500
9524.55000
9537.12500
9549.87500
9562.90000
9576.07500
9589.47500
9603.07500
9616.90000
9631.05000
9645.57500
9660.67500
9812.05000
9824.57500
9837.15000
9849.92500
9862.95000
9876.15000
9889.55000
9903.17500
9917.02500
9931.20000
9945.77500
9961.00000

