$ Stimulation Interval(ms): 300
$ Delay(ms): 32.660291
$ Number of data : 456
$ TSTOP : 10000
$ PN stimulation current max : 49000
$ LN stimulation current max : 18000
36.95000
45.50000
53.25000
60.55000
67.57500
74.45000
81.17500
87.87500
94.52500
101.15000
107.77500
114.42500
121.05000
127.72500
134.40000
141.10000
147.85000
154.60000
161.40000
168.22500
175.07500
181.97500
188.90000
195.87500
202.87500
213.50000
226.25000
242.62500
372.27500
399.15000
487.02500
664.00000
677.65000
691.12500
704.92500
719.05000
733.45000
748.75000
776.15000
801.17500
977.25000
1004.02500
1087.72500
1267.07500
1293.47500
1308.45000
1331.65000
1364.32500
1380.22500
1395.57500
1576.80000
1603.40000
1618.15000
1632.75000
1647.10000
1662.62500
1678.67500
1694.07500
1709.95000
1878.27500
1907.35000
1937.07500
1966.32500
1982.82500
2004.30000
2024.07500
2178.67500
2207.02500
2233.90000
2249.62500
2264.47500
2279.37500
2294.95000
2307.52500
2336.05000
2466.97500
2493.50000
2508.35000
2523.20000
2538.12500
2552.07500
2567.40000
2584.42500
2598.40000
2608.25000
2633.00000
2765.52500
2781.50000
2806.62500
2824.92500
2849.42500
2863.85000
2879.02500
2892.62500
2908.25000
3066.87500
3080.97500
3095.02500
3109.50000
3124.45000
3138.37500
3153.47500
3169.20000
3180.02500
3192.70000
3206.07500
3229.45000
3366.67500
3394.45000
3410.52500
3425.87500
3439.45000
3454.15000
3470.07500
3479.52500
3493.65000
3503.37500
3529.75000
3546.97500
3666.92500
3694.85000
3710.97500
3726.02500
3740.02500
3755.05000
3767.25000
3779.02500
3794.47500
3809.40000
3830.37500
3967.22500
3981.62500
3995.97500
4010.72500
4025.35000
4039.72500
4051.80000
4066.05000
4079.77500
4094.15000
4103.05000
4120.55000
4133.37500
4267.37500
4282.12500
4297.02500
4312.15000
4327.25000
4340.37500
4352.05000
4364.50000
4374.07500
4382.52500
4395.37500
4416.47500
4432.97500
4567.70000
4582.42500
4597.35000
4612.67500
4625.67500
4637.75000
4651.20000
4665.05000
4674.35000
4683.12500
4696.35000
4704.60000
4717.00000
4732.85000
4867.90000
4882.75000
4897.80000
4912.80000
4925.97500
4937.52500
4951.70000
4965.45000
4974.80000
4983.02500
4996.02500
5005.10000
5017.02500
5029.62500
5046.67500
5168.15000
5183.00000
5198.17500
5213.20000
5226.45000
5237.87500
5252.10000
5266.20000
5275.47500
5283.65000
5296.50000
5305.15000
5317.55000
5333.05000
5468.45000
5483.17500
5498.25000
5513.20000
5526.92500
5538.30000
5551.32500
5560.85000
5569.12500
5581.27500
5590.37500
5599.47500
5607.07500
5620.52500
5633.07500
5768.70000
5783.55000
5798.92500
5813.67500
5827.47500
5838.47500
5851.80000
5861.12500
5869.52500
5882.25000
5890.52500
5899.17500
5907.47500
5920.55000
5933.05000
6068.95000
6083.87500
6099.37500
6112.55000
6127.90000
6138.52500
6152.32500
6167.35000
6175.92500
6185.07500
6193.10000
6201.57500
6209.25000
6221.35000
6233.42500
6369.22500
6384.20000
6399.80000
6412.97500
6425.65000
6438.50000
6452.70000
6467.72500
6476.47500
6484.60000
6492.00000
6500.12500
6507.52500
6520.77500
6533.17500
6669.47500
6684.50000
6699.42500
6713.22500
6724.47500
6737.67500
6746.75000
6755.20000
6767.97500
6776.15000
6785.47500
6792.97500
6801.55000
6809.05000
6821.57500
6833.52500
6969.72500
6984.82500
6999.77500
7013.57500
7028.92500
7039.15000
7053.40000
7061.30000
7069.90000
7077.67500
7086.05000
7094.07500
7101.92500
7111.95000
7121.60000
7133.37500
7257.17500
7271.97500
7285.87500
7300.32500
7314.02500
7327.17500
7338.95000
7354.40000
7369.30000
7377.35000
7386.57500
7394.07500
7403.17500
7412.02500
7421.52500
7433.35000
7556.90000
7571.65000
7585.97500
7600.27500
7614.45000
7626.45000
7638.75000
7647.05000
7655.35000
7663.27500
7671.45000
7678.85000
7687.12500
7694.50000
7703.05000
7721.50000
7733.47500
7857.05000
7871.97500
7886.45000
7899.65000
7912.25000
7925.00000
7933.97500
7942.12500
7953.75000
7961.90000
7970.47500
7978.50000
7986.20000
7993.57500
8001.85000
8009.27500
8020.87500
8033.22500
8157.12500
8172.00000
8186.62500
8199.95000
8212.80000
8225.50000
8234.25000
8242.40000
8255.12500
8263.77500
8272.60000
8281.05000
8289.70000
8297.20000
8305.77500
8316.70000
8329.60000
8347.25000
8457.27500
8472.22500
8486.85000
8500.17500
8512.82500
8524.95000
8533.97500
8542.42500
8555.37500
8563.35000
8572.15000
8579.50000
8587.82500
8595.15000
8602.77500
8610.60000
8620.95000
8633.17500
8757.45000
8772.47500
8787.25000
8800.55000
8813.57500
8825.50000
8834.47500
8842.90000
8854.15000
8861.55000
8871.47500
8878.80000
8886.72500
8893.97500
8901.62500
8908.85000
8917.62500
8929.72500
8947.32500
9057.60000
9072.65000
9087.72500
9100.92500
9112.12500
9126.67500
9140.72500
9148.60000
9157.80000
9165.77500
9174.17500
9181.62500
9189.25000
9196.57500
9205.17500
9216.52500
9229.60000
9247.37500
9357.77500
9372.87500
9387.17500
9401.05000
9412.45000
9425.90000
9435.37500
9443.77500
9453.35000
9461.02500
9469.70000
9477.02500
9485.67500
9493.07500
9502.37500
9510.15000
9520.92500
9533.25000
9657.95000
9673.15000
9687.45000
9701.42500
9713.00000
9726.60000
9734.65000
9744.05000
9751.62500
9759.45000
9767.15000
9774.75000
9782.00000
9790.10000
9797.35000
9804.55000
9816.42500
9829.65000
9847.32500
9958.12500
9973.40000
9987.22500
9999.55000

