$ Stimulation Interval(ms): 300
$ Delay(ms): 46.472475
$ Number of data : 296
$ TSTOP : 10000
$ PN stimulation current max : 49000
$ LN stimulation current max : 18000
50.72500
59.27500
66.97500
74.27500
81.32500
88.17500
94.90000
101.60000
108.25000
114.87500
121.50000
128.15000
134.77500
141.45000
148.12500
154.82500
161.55000
168.32500
175.12500
181.92500
188.80000
195.70000
202.62500
213.35000
226.65000
1692.20000
1709.87500
2005.00000
2278.55000
2294.60000
2311.80000
2531.67500
2561.90000
2593.15000
2606.40000
2833.17500
2879.27500
2892.67500
2907.62500
3178.65000
3192.35000
3208.30000
3230.22500
3419.27500
3436.02500
3477.40000
3492.62500
3507.70000
3530.87500
3706.32500
3735.20000
3764.17500
3777.75000
3793.55000
3808.02500
3831.22500
4020.35000
4051.07500
4066.02500
4079.10000
4094.05000
4109.55000
4131.25000
4307.25000
4336.62500
4363.80000
4379.22500
4394.20000
4408.90000
4431.50000
4607.77500
4637.15000
4652.47500
4664.62500
4679.45000
4689.60000
4697.65000
4706.40000
4717.12500
4733.45000
4906.57500
4922.95000
4952.25000
4965.47500
4979.20000
4994.72500
5005.67500
5016.70000
5030.40000
5207.02500
5223.45000
5251.57500
5265.40000
5279.30000
5290.67500
5298.70000
5309.07500
5321.05000
5507.42500
5523.92500
5550.62500
5566.12500
5581.27500
5597.25000
5605.95000
5616.72500
5630.47500
5795.05000
5809.67500
5838.25000
5851.05000
5866.12500
5879.97500
5891.25000
5899.00000
5908.37500
5917.50000
5930.17500
6094.95000
6109.85000
6136.35000
6151.27500
6166.12500
6182.17500
6192.32500
6200.65000
6209.05000
6221.30000
6395.27500
6410.22500
6425.25000
6437.92500
6452.05000
6466.47500
6477.12500
6485.12500
6493.35000
6500.77500
6509.02500
6518.20000
6530.42500
6694.32500
6710.35000
6725.87500
6737.42500
6752.22500
6766.57500
6776.67500
6785.00000
6793.67500
6801.57500
6809.95000
6821.67500
6994.67500
7009.97500
7024.00000
7037.55000
7052.35000
7062.95000
7070.80000
7080.12500
7087.57500
7095.87500
7103.25000
7116.45000
7130.02500
7294.97500
7310.37500
7323.90000
7337.67500
7353.37500
7367.90000
7377.35000
7385.67500
7394.05000
7402.02500
7412.25000
7429.70000
7595.32500
7610.90000
7623.80000
7636.85000
7650.82500
7660.62500
7668.85000
7676.12500
7684.65000
7691.97500
7699.90000
7707.17500
7717.17500
7730.12500
7895.62500
7909.95000
7924.12500
7938.52500
7952.75000
7961.65000
7970.47500
7979.92500
7988.05000
7995.42500
8002.85000
8011.12500
8022.05000
8195.95000
8211.97500
8224.87500
8238.62500
8247.52500
8255.65000
8264.25000
8271.97500
8280.70000
8288.55000
8295.82500
8303.57500
8312.02500
8322.97500
8495.70000
8510.30000
8523.90000
8538.80000
8553.22500
8562.37500
8570.60000
8577.82500
8585.47500
8592.65000
8600.80000
8608.05000
8617.12500
8630.07500
8795.97500
8810.85000
8824.45000
8839.30000
8850.00000
8857.60000
8866.90000
8874.22500
8882.47500
8889.77500
8897.62500
8904.90000
8916.32500
8929.95000
9096.17500
9110.00000
9124.67500
9139.55000
9147.75000
9156.45000
9164.72500
9173.07500
9180.40000
9189.12500
9196.52500
9204.42500
9216.37500
9230.00000
9383.42500
9398.32500
9410.65000
9424.55000
9439.05000
9447.47500
9455.92500
9463.15000
9470.47500
9477.57500
9485.47500
9492.62500
9500.77500
9507.92500
9517.05000
9530.07500
9683.65000
9698.70000
9711.05000
9724.12500
9734.10000
9742.35000
9750.32500
9757.47500
9765.82500
9773.02500
9780.70000
9787.77500
9794.80000
9801.82500
9808.87500
9817.40000
9830.10000
9983.82500
9997.67500

