$ Stimulation Interval(ms): 300
$ Delay(ms): 215.330667
$ Number of data : 548
$ TSTOP : 10000
$ PN stimulation current max : 49000
$ LN stimulation current max : 18000
219.65000
231.77500
243.90000
256.12500
268.40000
280.82500
293.37500
306.05000
318.90000
331.87500
345.02500
358.35000
371.82500
385.50000
399.35000
413.40000
427.67500
442.20000
457.02500
472.15000
487.60000
503.32500
522.07500
534.27500
546.50000
558.80000
571.17500
583.70000
596.35000
609.15000
622.07500
635.17500
648.42500
661.85000
675.45000
689.25000
703.25000
717.45000
731.85000
746.47500
761.35000
776.55000
792.07500
807.95000
821.85000
834.25000
846.55000
858.90000
871.32500
883.90000
896.62500
909.52500
922.57500
935.82500
949.22500
962.80000
976.55000
990.47500
1004.62500
1018.97500
1033.60000
1048.52500
1063.85000
1079.85000
1096.87500
1113.65000
1125.90000
1138.25000
1150.62500
1163.02500
1175.57500
1188.25000
1201.07500
1214.02500
1227.12500
1240.40000
1253.85000
1267.47500
1281.30000
1295.30000
1309.55000
1324.02500
1338.75000
1353.85000
1369.17500
1384.82500
1401.22500
1423.07500
1435.37500
1447.67500
1460.10000
1472.60000
1485.22500
1498.02500
1510.95000
1524.05000
1537.32500
1550.80000
1564.47500
1578.35000
1592.47500
1606.87500
1621.57500
1636.52500
1651.70000
1667.07500
1682.60000
1698.57500
1715.85000
1727.97500
1740.32500
1752.67500
1765.07500
1777.62500
1790.32500
1803.15000
1816.12500
1829.27500
1842.55000
1856.02500
1869.67500
1883.52500
1897.60000
1911.92500
1926.55000
1941.52500
1956.90000
1972.65000
1988.95000
2022.50000
2034.77500
2047.12500
2059.57500
2072.12500
2084.82500
2097.67500
2110.67500
2123.82500
2137.20000
2150.75000
2164.50000
2178.50000
2192.80000
2207.42500
2222.45000
2237.87500
2253.47500
2269.60000
2286.32500
2322.35000
2334.65000
2347.02500
2359.55000
2372.17500
2384.92500
2397.85000
2410.92500
2424.17500
2437.60000
2451.22500
2465.07500
2479.15000
2493.50000
2508.15000
2523.20000
2538.65000
2554.42500
2570.80000
2587.72500
2622.42500
2634.72500
2647.10000
2659.60000
2672.22500
2684.97500
2697.90000
2710.97500
2724.25000
2737.70000
2751.35000
2765.20000
2779.30000
2793.62500
2808.25000
2823.27500
2838.92500
2856.30000
2872.32500
2888.92500
2922.62500
2934.92500
2947.35000
2959.90000
2972.57500
2985.42500
2998.42500
3011.57500
3024.92500
3038.47500
3052.20000
3066.17500
3080.42500
3094.95000
3109.85000
3125.17500
3140.67500
3156.75000
3174.20000
3222.37500
3234.67500
3247.10000
3259.67500
3272.37500
3285.25000
3298.27500
3311.47500
3324.87500
3338.45000
3352.25000
3366.30000
3380.62500
3395.30000
3410.45000
3426.07500
3441.67500
3457.57500
3473.80000
3522.40000
3534.72500
3547.17500
3559.77500
3572.52500
3585.40000
3598.47500
3611.70000
3625.15000
3638.77500
3652.62500
3666.72500
3681.12500
3695.85000
3711.05000
3726.72500
3742.62500
3822.40000
3834.72500
3847.20000
3859.82500
3872.57500
3885.50000
3898.57500
3911.85000
3925.32500
3939.00000
3952.87500
3967.02500
3981.47500
3996.30000
4011.62500
4027.55000
4043.55000
4059.70000
4122.40000
4134.75000
4147.22500
4159.87500
4172.65000
4185.60000
4198.72500
4212.02500
4225.52500
4239.22500
4253.17500
4267.40000
4281.92500
4296.85000
4312.40000
4328.47500
4344.32500
4360.70000
4422.40000
4434.77500
4447.27500
4459.95000
4472.75000
4485.72500
4498.87500
4512.20000
4525.75000
4539.50000
4553.50000
4567.77500
4582.40000
4597.45000
4613.12500
4629.00000
4645.22500
4722.42500
4734.80000
4747.30000
4760.00000
4772.82500
4785.82500
4799.00000
4812.37500
4825.95000
4839.75000
4853.80000
4868.12500
4882.80000
4897.95000
4913.75000
4929.57500
4946.20000
4962.95000
5022.42500
5034.82500
5047.35000
5060.07500
5072.92500
5085.95000
5099.15000
5112.55000
5126.15000
5140.00000
5154.07500
5168.47500
5183.22500
5198.52500
5214.60000
5230.52500
5246.67500
5322.45000
5334.85000
5347.40000
5360.15000
5373.02500
5386.07500
5399.30000
5412.72500
5426.37500
5440.25000
5454.40000
5468.85000
5483.70000
5499.15000
5515.60000
5531.57500
5548.37500
5622.45000
5634.87500
5647.45000
5660.22500
5673.10000
5686.17500
5699.42500
5712.90000
5726.57500
5740.47500
5754.67500
5769.20000
5784.12500
5799.77500
5816.70000
5832.87500
5922.47500
5934.90000
5947.50000
5960.27500
5973.20000
5986.30000
5999.57500
6013.05000
6026.77500
6040.72500
6054.95000
6069.52500
6084.57500
6100.40000
6118.00000
6222.47500
6234.95000
6247.55000
6260.35000
6273.27500
6286.40000
6299.70000
6313.22500
6326.95000
6340.95000
6355.22500
6369.85000
6385.00000
6401.17500
6418.10000
6522.50000
6534.97500
6547.60000
6560.40000
6573.35000
6586.50000
6599.82500
6613.35000
6627.12500
6641.15000
6655.47500
6670.17500
6685.42500
6701.82500
6717.67500
6822.52500
6835.00000
6847.65000
6860.47500
6873.45000
6886.60000
6899.97500
6913.52500
6927.32500
6941.40000
6955.77500
6970.55000
6985.92500
7122.50000
7135.00000
7147.65000
7160.50000
7173.47500
7186.65000
7200.02500
7213.62500
7227.45000
7241.55000
7255.97500
7270.80000
7286.30000
7422.52500
7435.02500
7447.70000
7460.55000
7473.55000
7486.75000
7500.12500
7513.75000
7527.60000
7541.72500
7556.20000
7571.10000
7586.77500
7722.55000
7735.07500
7747.75000
7760.62500
7773.65000
7786.85000
7800.27500
7813.90000
7827.80000
7841.97500
7856.47500
7871.45000
7887.32500
8022.52500
8035.05000
8047.75000
8060.62500
8073.67500
8086.90000
8100.32500
8114.00000
8127.90000
8142.10000
8156.67500
8171.70000
8187.82500
8204.07500
8322.55000
8335.07500
8347.77500
8360.67500
8373.72500
8386.97500
8400.42500
8414.12500
8428.05000
8442.30000
8456.90000
8472.02500
8622.55000
8635.10000
8647.82500
8660.72500
8673.80000
8687.05000
8700.52500
8714.22500
8728.20000
8742.45000
8757.10000
8772.30000
8922.55000
8935.12500
8947.85000
8960.77500
8973.85000
8987.12500
9000.60000
9014.32500
9028.32500
9042.62500
9057.30000
9072.60000
9222.55000
9235.12500
9247.87500
9260.80000
9273.90000
9287.20000
9300.70000
9314.45000
9328.45000
9342.80000
9357.52500
9372.90000
9522.57500
9535.15000
9547.90000
9560.85000
9573.95000
9587.25000
9600.77500
9614.55000
9628.60000
9642.97500
9657.75000
9673.20000
9822.57500
9835.17500
9847.92500
9860.87500
9874.00000
9887.32500
9900.87500
9914.65000
9928.72500
9943.12500
9957.95000
9973.52500

