$ Stimulation Interval(ms): 300
$ Delay(ms): 215.330667
$ Number of data : 617
$ TSTOP : 10000
$ PN stimulation current max : 56000
$ LN stimulation current max : 19500
219.45000
231.32500
243.15000
255.10000
267.05000
279.15000
291.35000
303.67500
316.15000
328.72500
341.47500
354.35000
367.40000
380.60000
393.97500
407.52500
421.22500
435.15000
449.25000
463.60000
478.22500
493.12500
508.35000
521.75000
533.85000
545.87500
557.90000
569.97500
582.17500
594.50000
606.97500
619.60000
632.35000
645.25000
658.27500
671.45000
684.75000
698.20000
711.82500
725.65000
739.67500
753.95000
768.50000
783.37500
798.62500
814.25000
826.22500
838.25000
850.27500
862.30000
874.42500
886.67500
899.05000
911.55000
924.15000
936.92500
949.80000
962.85000
976.05000
989.42500
1002.97500
1016.75000
1030.80000
1045.10000
1059.75000
1074.77500
1090.07500
1105.50000
1121.15000
1133.25000
1145.27500
1157.32500
1169.45000
1181.70000
1194.07500
1206.57500
1219.20000
1231.97500
1244.92500
1258.00000
1271.30000
1284.77500
1298.45000
1312.35000
1326.47500
1340.87500
1355.50000
1370.47500
1385.85000
1401.75000
1422.70000
1434.72500
1446.70000
1458.75000
1470.87500
1483.10000
1495.50000
1508.02500
1520.67500
1533.50000
1546.47500
1559.60000
1572.92500
1586.45000
1600.15000
1614.07500
1628.22500
1642.60000
1657.20000
1672.00000
1687.10000
1702.45000
1722.55000
1734.57500
1746.67500
1758.80000
1771.00000
1783.35000
1795.82500
1808.42500
1821.17500
1834.07500
1847.12500
1860.35000
1873.72500
1887.27500
1901.02500
1915.00000
1929.22500
1943.67500
1958.45000
1973.60000
1989.27500
2005.12500
2021.30000
2033.42500
2045.50000
2057.65000
2069.85000
2082.20000
2094.67500
2107.27500
2120.05000
2132.95000
2146.02500
2159.25000
2172.65000
2186.22500
2200.00000
2213.97500
2228.20000
2242.65000
2257.47500
2272.67500
2288.50000
2304.75000
2321.40000
2333.60000
2345.72500
2357.92500
2370.17500
2382.57500
2395.12500
2407.82500
2420.65000
2433.67500
2446.85000
2460.20000
2473.72500
2487.42500
2501.35000
2515.45000
2529.82500
2544.45000
2559.40000
2574.77500
2590.50000
2606.82500
2621.40000
2633.60000
2645.70000
2657.90000
2670.15000
2682.55000
2695.07500
2707.77500
2720.60000
2733.60000
2746.75000
2760.10000
2773.62500
2787.32500
2801.27500
2815.47500
2829.97500
2844.87500
2860.30000
2876.27500
2892.15000
2908.62500
2922.02500
2934.30000
2946.45000
2958.67500
2971.00000
2983.45000
2996.05000
3008.80000
3021.70000
3034.75000
3048.00000
3061.42500
3075.07500
3088.95000
3103.07500
3117.50000
3132.22500
3147.27500
3162.52500
3177.92500
3193.80000
3221.77500
3233.87500
3246.05000
3258.30000
3270.65000
3283.12500
3295.75000
3308.52500
3321.47500
3334.60000
3347.87500
3361.37500
3375.07500
3389.02500
3403.22500
3417.75000
3432.60000
3447.80000
3463.25000
3479.17500
3495.47500
3521.87500
3534.00000
3546.17500
3558.47500
3570.85000
3583.37500
3596.02500
3608.85000
3621.82500
3634.97500
3648.30000
3661.82500
3675.55000
3689.50000
3703.72500
3718.27500
3733.17500
3748.45000
3764.20000
3780.02500
3822.20000
3834.27500
3846.47500
3858.77500
3871.15000
3883.67500
3896.32500
3909.15000
3922.15000
3935.32500
3948.67500
3962.22500
3976.00000
3990.02500
4004.35000
4019.05000
4034.12500
4049.47500
4065.25000
4081.25000
4122.17500
4134.27500
4146.47500
4158.77500
4171.15000
4183.67500
4196.37500
4209.22500
4222.25000
4235.47500
4248.90000
4262.55000
4276.40000
4290.50000
4304.87500
4319.60000
4334.72500
4350.20000
4366.52500
4383.00000
4422.17500
4434.27500
4446.47500
4458.80000
4471.22500
4483.77500
4496.50000
4509.37500
4522.42500
4535.67500
4549.10000
4562.75000
4576.62500
4590.80000
4605.32500
4620.32500
4635.72500
4651.17500
4667.02500
4683.50000
4722.17500
4734.27500
4746.52500
4758.85000
4771.30000
4783.87500
4796.62500
4809.52500
4822.60000
4835.87500
4849.35000
4863.02500
4876.92500
4891.07500
4905.57500
4920.55000
4936.72500
4952.60000
4969.07500
4985.50000
5022.15000
5034.30000
5046.52500
5058.90000
5071.37500
5084.00000
5096.77500
5109.72500
5122.85000
5136.15000
5149.67500
5163.40000
5177.40000
5191.67500
5206.35000
5221.55000
5237.42500
5253.10000
5270.05000
5322.22500
5334.35000
5346.60000
5359.00000
5371.50000
5384.15000
5396.97500
5409.95000
5423.12500
5436.47500
5450.05000
5463.85000
5477.87500
5492.20000
5506.92500
5522.17500
5538.10000
5553.87500
5570.27500
5622.22500
5634.37500
5646.62500
5659.02500
5671.52500
5684.20000
5697.02500
5710.02500
5723.22500
5736.60000
5750.22500
5764.05000
5778.15000
5792.52500
5807.32500
5822.70000
5838.90000
5855.25000
5871.65000
5922.22500
5934.42500
5946.70000
5959.12500
5971.65000
5984.35000
5997.20000
6010.25000
6023.47500
6036.90000
6050.52500
6064.40000
6078.52500
6092.97500
6107.90000
6123.52500
6139.72500
6155.72500
6222.27500
6234.42500
6246.72500
6259.15000
6271.72500
6284.42500
6297.30000
6310.37500
6323.62500
6337.07500
6350.75000
6364.67500
6378.85000
6393.40000
6408.40000
6424.22500
6440.05000
6522.25000
6534.42500
6546.70000
6559.17500
6571.75000
6584.47500
6597.37500
6610.45000
6623.72500
6637.20000
6650.92500
6664.87500
6679.10000
6693.70000
6708.80000
6724.97500
6740.90000
6757.12500
6822.25000
6834.45000
6846.75000
6859.22500
6871.80000
6884.55000
6897.47500
6910.57500
6923.87500
6937.40000
6951.12500
6965.12500
6979.42500
6994.07500
7009.32500
7122.25000
7134.47500
7146.77500
7159.27500
7171.87500
7184.62500
7197.57500
7210.70000
7224.02500
7237.57500
7251.32500
7265.37500
7279.70000
7294.42500
7309.77500
7422.27500
7434.50000
7446.82500
7459.32500
7471.95000
7484.72500
7497.67500
7510.82500
7524.17500
7537.75000
7551.55000
7565.62500
7580.00000
7594.80000
7610.30000
7722.27500
7734.50000
7746.85000
7759.37500
7772.00000
7784.80000
7797.77500
7810.92500
7824.30000
7837.90000
7851.72500
7865.82500
7880.27500
7895.12500
7910.80000
7927.37500
7944.05000
8022.30000
8034.55000
8046.90000
8059.42500
8072.07500
8084.90000
8097.87500
8111.07500
8124.47500
8138.07500
8151.95000
8166.10000
8180.57500
8195.52500
8211.52500
8227.87500
8322.27500
8334.52500
8346.90000
8359.42500
8372.10000
8384.92500
8397.95000
8411.15000
8424.55000
8438.20000
8452.10000
8466.30000
8480.85000
8495.90000
8512.67500
8528.45000
8545.37500
8622.30000
8634.55000
8646.95000
8659.50000
8672.17500
8685.02500
8698.05000
8711.30000
8724.72500
8738.40000
8752.35000
8766.57500
8781.20000
8796.35000
8922.30000
8934.57500
8946.97500
8959.52500
8972.22500
8985.10000
8998.15000
9011.40000
9024.85000
9038.55000
9052.52500
9066.80000
9081.47500
9096.77500
9222.30000
9234.57500
9247.00000
9259.57500
9272.27500
9285.15000
9298.22500
9311.50000
9324.97500
9338.70000
9352.70000
9367.00000
9381.72500
9397.10000
9522.30000
9534.60000
9547.00000
9559.60000
9572.32500
9585.20000
9598.30000
9611.57500
9625.07500
9638.82500
9652.85000
9667.20000
9681.97500
9697.50000
9822.32500
9834.60000
9847.02500
9859.65000
9872.37500
9885.27500
9898.37500
9911.67500
9925.20000
9938.97500
9953.02500
9967.42500
9982.25000
9997.87500

