$ Stimulation Interval(ms): 300
$ Delay(ms): 17.581766
$ Number of data : 187
$ TSTOP : 10000
$ PN stimulation current max : 56000
$ LN stimulation current max : 19500
21.45000
29.60000
37.00000
44.00000
50.77500
57.40000
63.90000
70.35000
76.75000
83.12500
89.52500
95.90000
102.27500
108.67500
115.07500
121.50000
127.95000
134.42500
140.92500
147.45000
154.00000
160.57500
167.17500
173.82500
180.50000
187.20000
193.95000
200.72500
209.02500
223.17500
236.17500
3215.80000
3801.70000
4102.57500
4403.35000
4428.30000
4689.22500
4704.65000
4728.42500
4959.87500
4975.30000
4990.87500
5003.87500
5028.60000
5259.92500
5276.35000
5291.07500
5305.27500
5326.55000
5344.42500
5575.75000
5591.40000
5605.30000
5617.00000
5628.80000
5644.50000
5876.32500
5890.80000
5905.70000
5926.90000
5943.95000
6146.40000
6162.77500
6177.15000
6192.20000
6207.40000
6227.65000
6243.92500
6446.87500
6461.95000
6477.55000
6492.17500
6505.97500
6517.47500
6528.50000
6544.10000
6747.40000
6763.47500
6778.15000
6792.75000
6803.77500
6815.20000
6827.57500
6843.87500
7040.42500
7062.37500
7079.37500
7090.35000
7100.20000
7112.25000
7127.00000
7143.72500
7325.77500
7347.90000
7363.15000
7379.57500
7394.37500
7404.97500
7417.47500
7428.32500
7444.02500
7626.15000
7648.97500
7663.87500
7678.60000
7693.62500
7701.92500
7712.75000
7727.27500
7743.80000
7926.40000
7948.90000
7964.20000
7979.17500
7991.25000
8000.80000
8011.82500
8027.25000
8043.80000
8204.72500
8248.60000
8264.77500
8279.82500
8293.20000
8302.27500
8312.42500
8326.57500
8343.67500
8505.02500
8527.60000
8549.85000
8564.12500
8576.10000
8585.72500
8596.02500
8607.15000
8615.97500
8627.47500
8643.77500
8805.32500
8827.60000
8849.60000
8865.65000
8879.90000
8887.85000
8897.20000
8905.27500
8915.47500
8927.42500
8943.82500
9091.45000
9112.92500
9135.45000
9150.57500
9165.50000
9176.80000
9186.50000
9195.87500
9203.25000
9214.05000
9227.02500
9243.77500
9391.67500
9413.02500
9436.02500
9454.95000
9466.47500
9481.37500
9490.22500
9499.35000
9509.87500
9518.85000
9528.35000
9543.92500
9691.85000
9713.42500
9736.37500
9751.15000
9766.12500
9778.02500
9786.45000
9795.55000
9802.90000
9814.10000
9827.00000
9843.70000
9992.15000

