$ Stimulation Interval(ms): 300
$ Delay(ms): 32.660291
$ Number of data : 506
$ TSTOP : 10000
$ PN stimulation current max : 56000
$ LN stimulation current max : 19500
36.47500
44.60000
52.00000
59.00000
65.75000
72.37500
78.87500
85.30000
91.70000
98.10000
104.47500
110.85000
117.22500
123.62500
130.02500
136.45000
142.90000
149.37500
155.87500
162.40000
168.95000
175.52500
182.12500
188.77500
195.45000
202.15000
212.90000
221.02500
229.90000
241.90000
355.50000
379.75000
393.52500
407.05000
420.85000
447.82500
475.75000
508.45000
663.85000
683.40000
697.27500
710.72500
724.50000
738.72500
762.70000
777.67500
792.70000
959.95000
984.07500
999.35000
1014.10000
1039.40000
1067.25000
1098.22500
1146.82500
1260.47500
1274.00000
1287.10000
1300.55000
1314.25000
1328.25000
1342.82500
1372.55000
1392.52500
1408.25000
1562.52500
1576.92500
1588.75000
1602.05000
1615.77500
1629.80000
1644.12500
1658.75000
1673.82500
1687.10000
1701.60000
1735.35000
1860.15000
1875.17500
1888.72500
1902.40000
1916.27500
1930.47500
1960.85000
1988.72500
2008.00000
2029.42500
2159.75000
2174.82500
2188.20000
2201.52500
2215.17500
2229.30000
2243.75000
2257.47500
2271.85000
2286.95000
2302.32500
2333.30000
2460.22500
2474.45000
2488.07500
2502.27500
2516.67500
2531.02500
2545.60000
2559.47500
2574.47500
2589.77500
2605.57500
2632.00000
2761.72500
2775.55000
2789.10000
2802.92500
2816.97500
2831.30000
2845.00000
2858.92500
2874.12500
2889.72500
2900.05000
2915.45000
3062.10000
3076.25000
3089.25000
3102.85000
3116.97500
3131.50000
3146.67500
3160.30000
3175.45000
3191.42500
3200.87500
3223.70000
3360.67500
3376.07500
3389.47500
3403.15000
3417.32500
3432.10000
3445.35000
3460.05000
3475.17500
3486.45000
3500.97500
3517.10000
3533.22500
3649.00000
3662.25000
3675.05000
3688.52500
3702.67500
3717.47500
3730.45000
3743.25000
3757.90000
3771.05000
3786.37500
3799.90000
3820.72500
3834.82500
3961.20000
3975.25000
3989.27500
4003.97500
4019.05000
4033.90000
4047.42500
4062.42500
4077.90000
4088.37500
4101.10000
4120.17500
4135.05000
4261.22500
4275.40000
4289.50000
4303.95000
4319.20000
4331.95000
4346.02500
4359.50000
4372.60000
4386.67500
4395.17500
4403.57500
4420.42500
4432.80000
4445.42500
4550.25000
4563.70000
4576.65000
4590.32500
4604.45000
4618.97500
4632.07500
4644.55000
4657.82500
4673.15000
4686.52500
4695.52500
4703.92500
4720.92500
4733.07500
4745.52500
4850.10000
4863.80000
4876.87500
4890.62500
4904.87500
4919.97500
4933.82500
4947.05000
4958.95000
4973.72500
4981.97500
4990.00000
5002.57500
5021.00000
5033.82500
5046.02500
5149.82500
5163.65000
5176.97500
5190.95000
5205.45000
5220.82500
5232.75000
5245.45000
5259.15000
5273.52500
5282.02500
5290.20000
5303.87500
5321.30000
5333.52500
5346.12500
5449.87500
5463.70000
5477.00000
5491.00000
5505.60000
5518.67500
5530.87500
5544.57500
5559.60000
5574.05000
5582.60000
5590.97500
5603.75000
5621.10000
5633.45000
5645.57500
5749.95000
5763.85000
5777.25000
5791.30000
5805.57500
5818.87500
5831.15000
5846.07500
5860.50000
5873.62500
5882.47500
5890.97500
5904.55000
5921.57500
5934.02500
5946.35000
6050.15000
6064.10000
6077.57500
6091.77500
6106.52500
6117.57500
6131.27500
6145.62500
6160.55000
6174.37500
6183.20000
6191.75000
6200.82500
6208.55000
6223.22500
6233.10000
6245.72500
6350.25000
6364.30000
6377.92500
6392.15000
6405.45000
6417.10000
6431.62500
6445.85000
6460.27500
6468.72500
6476.80000
6489.90000
6499.27500
6507.77500
6520.65000
6532.32500
6545.32500
6650.42500
6664.47500
6678.15000
6692.45000
6705.27500
6717.40000
6732.10000
6746.45000
6760.82500
6769.40000
6777.57500
6790.55000
6799.25000
6807.35000
6820.80000
6832.22500
6845.32500
6950.60000
6964.77500
6978.47500
6992.82500
7005.62500
7017.90000
7032.62500
7047.00000
7060.67500
7068.65000
7077.62500
7085.27500
7093.67500
7104.45000
7115.87500
7128.72500
7144.92500
7250.72500
7264.90000
7278.70000
7293.10000
7305.75000
7318.15000
7333.00000
7347.65000
7361.05000
7370.00000
7378.70000
7389.87500
7397.70000
7405.85000
7416.90000
7428.80000
7444.95000
7550.85000
7565.05000
7578.87500
7592.55000
7604.60000
7618.35000
7633.07500
7647.00000
7656.05000
7663.80000
7675.47500
7684.40000
7693.30000
7701.12500
7709.70000
7721.15000
7732.37500
7745.35000
7851.00000
7865.30000
7879.25000
7892.47500
7904.75000
7918.70000
7932.90000
7941.57500
7949.82500
7962.15000
7971.12500
7979.15000
7989.95000
7997.17500
8006.05000
8016.60000
8028.85000
8044.97500
8151.12500
8165.27500
8179.17500
8191.32500
8204.22500
8218.90000
8234.15000
8247.20000
8256.82500
8264.80000
8277.67500
8285.65000
8294.80000
8302.02500
8311.50000
8320.77500
8332.20000
8345.35000
8451.30000
8465.70000
8479.75000
8491.65000
8504.52500
8519.25000
8534.17500
8548.37500
8557.02500
8564.62500
8576.30000
8583.55000
8593.77500
8600.95000
8611.27500
8620.67500
8632.02500
8645.32500
8751.47500
8765.95000
8780.05000
8791.72500
8804.82500
8819.62500
8835.02500
8848.12500
8856.87500
8865.32500
8878.65000
8886.50000
8895.57500
8902.75000
8916.02500
8924.62500
8933.65000
8945.70000
9051.65000
9066.20000
9080.35000
9091.75000
9105.10000
9120.05000
9134.60000
9143.37500
9151.17500
9163.55000
9171.30000
9180.50000
9188.12500
9196.22500
9203.37500
9216.00000
9224.47500
9233.50000
9245.62500
9351.77500
9366.37500
9380.57500
9391.90000
9405.40000
9420.47500
9434.90000
9443.67500
9452.25000
9461.25000
9470.55000
9480.07500
9488.05000
9496.97500
9504.10000
9512.27500
9521.07500
9532.27500
9545.40000
9651.92500
9666.60000
9680.82500
9692.07500
9705.72500
9720.50000
9734.80000
9743.25000
9751.25000
9764.12500
9772.45000
9781.00000
9788.07500
9796.65000
9803.75000
9816.10000
9824.50000
9833.52500
9845.67500
9952.07500
9966.82500
9981.07500
9992.35000

