$ Stimulation Interval(ms): 300
$ Delay(ms): 46.472475
$ Number of data : 352
$ TSTOP : 10000
$ PN stimulation current max : 56000
$ LN stimulation current max : 19500
50.25000
58.37500
65.75000
72.75000
79.50000
86.10000
92.60000
99.05000
105.45000
111.82500
118.20000
124.57500
130.97500
137.35000
143.75000
150.20000
156.62500
163.10000
169.60000
176.12500
182.67500
189.25000
195.85000
202.50000
212.80000
225.67500
403.67500
418.12500
445.00000
474.20000
708.07500
763.02500
985.42500
999.07500
1012.75000
1040.57500
1684.70000
1995.75000
2029.82500
2183.90000
2197.87500
2211.55000
2226.30000
2253.00000
2268.40000
2288.42500
2303.10000
2484.50000
2498.40000
2512.32500
2526.65000
2583.50000
2784.37500
2798.32500
2812.40000
2826.95000
2840.65000
2854.77500
2870.07500
2887.17500
2901.77500
2931.05000
3084.55000
3098.60000
3112.45000
3126.77500
3141.75000
3156.15000
3170.35000
3185.50000
3199.75000
3215.55000
3233.25000
3385.25000
3399.27500
3413.32500
3427.77500
3441.72500
3456.52500
3471.50000
3487.02500
3501.42500
3516.67500
3532.60000
3685.37500
3699.72500
3727.62500
3741.97500
3757.32500
3772.57500
3786.75000
3799.40000
3816.97500
3985.72500
4000.00000
4014.30000
4042.00000
4057.25000
4072.85000
4087.40000
4100.40000
4116.82500
4285.77500
4299.97500
4314.30000
4328.10000
4342.82500
4357.80000
4374.00000
4387.90000
4400.52500
4416.62500
4433.07500
4586.15000
4600.40000
4614.72500
4628.70000
4643.52500
4658.60000
4674.75000
4686.92500
4700.97500
4717.35000
4733.67500
4886.45000
4900.82500
4915.32500
4929.20000
4944.20000
4959.60000
4974.85000
4987.87500
5001.12500
5017.27500
5029.80000
5186.80000
5201.17500
5215.70000
5229.70000
5244.67500
5259.90000
5274.80000
5287.57500
5302.95000
5320.97500
5487.25000
5501.72500
5516.37500
5530.40000
5545.60000
5560.32500
5574.40000
5588.00000
5602.47500
5617.35000
5629.30000
5787.40000
5801.92500
5816.82500
5830.72500
5846.02500
5861.85000
5874.27500
5888.72500
5898.50000
5906.47500
5917.55000
5929.47500
6087.70000
6102.25000
6116.27500
6131.07500
6146.50000
6161.32500
6173.87500
6189.32500
6199.17500
6207.15000
6217.52500
6229.47500
6374.65000
6388.67500
6402.65000
6416.62500
6431.47500
6446.65000
6459.67500
6473.87500
6488.67500
6499.32500
6507.37500
6520.50000
6531.92500
6674.87500
6688.95000
6702.97500
6717.05000
6732.00000
6747.27500
6760.90000
6774.15000
6784.70000
6792.20000
6802.50000
6810.07500
6821.10000
6832.37500
6975.12500
6989.25000
7003.35000
7017.47500
7031.97500
7046.35000
7059.75000
7075.00000
7084.02500
7091.87500
7100.30000
7108.02500
7117.92500
7129.62500
7275.32500
7289.52500
7303.70000
7317.85000
7332.27500
7347.07500
7360.10000
7374.15000
7390.00000
7400.45000
7407.55000
7418.10000
7429.42500
7575.52500
7589.77500
7604.02500
7618.25000
7631.67500
7645.95000
7659.80000
7674.20000
7681.55000
7690.97500
7698.22500
7707.35000
7717.50000
7729.27500
7875.72500
7890.00000
7904.37500
7918.62500
7933.42500
7947.52500
7961.27500
7975.80000
7987.05000
7994.35000
8002.57500
8009.85000
8021.32500
8032.50000
8175.95000
8190.27500
8204.12500
8218.87500
8234.05000
8246.40000
8261.37500
8272.50000
8279.92500
8292.17500
8299.37500
8308.77500
8317.25000
8329.20000
8476.15000
8490.52500
8504.42500
8519.30000
8533.72500
8548.40000
8560.60000
8571.20000
8578.75000
8587.22500
8594.97500
8602.90000
8611.22500
8620.82500
8630.62500
8776.35000
8790.75000
8804.72500
8819.05000
8833.67500
8847.12500
8862.60000
8871.42500
8879.22500
8887.50000
8895.12500
8903.00000
8911.70000
8921.15000
8931.32500
9076.57500
9091.02500
9105.07500
9119.22500
9132.87500
9147.47500
9161.90000
9171.37500
9179.62500
9188.40000
9196.17500
9204.10000
9215.95000
9229.07500
9376.80000
9391.30000
9405.37500
9419.40000
9433.30000
9446.45000
9458.15000
9465.45000
9476.35000
9483.40000
9491.62500
9498.70000
9507.07500
9516.30000
9528.97500
9676.97500
9691.50000
9705.65000
9719.17500
9733.27500
9747.62500
9762.12500
9771.85000
9780.02500
9787.02500
9795.02500
9801.97500
9809.20000
9817.35000
9829.20000
9977.17500
9991.77500

