$ Stimulation Interval(ms): 300
$ Delay(ms): 204.926443
$ Number of data : 563
$ TSTOP : 10000
$ PN stimulation current max : 56000
$ LN stimulation current max : 19500
208.97500
220.87500
232.65000
244.47500
256.45000
268.55000
280.77500
293.10000
305.57500
318.17500
330.90000
343.77500
356.77500
369.95000
383.30000
396.87500
410.72500
424.85000
439.27500
453.95000
468.92500
484.37500
500.50000
512.82500
524.97500
537.00000
549.00000
561.10000
573.30000
585.65000
598.15000
610.80000
623.67500
636.72500
650.02500
663.47500
677.05000
690.77500
704.67500
718.77500
733.10000
747.62500
762.40000
777.40000
792.80000
811.60000
823.60000
835.60000
847.67500
859.80000
872.07500
884.47500
896.97500
909.62500
922.37500
935.25000
948.27500
961.45000
974.80000
988.32500
1002.07500
1016.07500
1030.37500
1045.15000
1060.52500
1076.20000
1091.95000
1111.97500
1124.05000
1136.15000
1148.20000
1160.40000
1172.72500
1185.17500
1197.77500
1210.52500
1223.40000
1236.42500
1249.62500
1262.97500
1276.50000
1290.25000
1304.25000
1318.47500
1333.05000
1348.15000
1363.65000
1379.20000
1395.00000
1410.77500
1422.87500
1435.05000
1447.07500
1459.25000
1471.55000
1484.00000
1496.55000
1509.25000
1522.07500
1535.02500
1548.15000
1561.42500
1574.90000
1588.62500
1602.60000
1616.87500
1631.45000
1646.35000
1661.67500
1711.60000
1723.67500
1735.77500
1747.85000
1760.07500
1772.42500
1784.87500
1797.47500
1810.20000
1823.07500
1836.12500
1849.35000
1862.77500
1876.47500
1890.50000
1904.85000
1919.50000
1934.47500
1949.75000
1965.25000
1981.07500
1997.20000
2011.17500
2023.42500
2035.55000
2047.65000
2059.87500
2072.27500
2084.77500
2097.45000
2110.27500
2123.27500
2136.42500
2149.77500
2163.30000
2177.05000
2191.05000
2205.35000
2219.97500
2235.17500
2311.62500
2323.77500
2335.87500
2348.00000
2360.27500
2372.67500
2385.20000
2397.90000
2410.72500
2423.75000
2436.92500
2450.32500
2463.95000
2477.85000
2492.00000
2506.42500
2521.15000
2536.37500
2552.20000
2568.00000
2583.80000
2600.20000
2612.70000
2625.00000
2637.17500
2649.35000
2661.67500
2674.12500
2686.75000
2699.52500
2712.47500
2725.62500
2738.97500
2752.60000
2766.42500
2780.52500
2794.90000
2809.57500
2824.42500
2839.45000
2854.72500
2870.50000
2887.55000
2911.72500
2923.92500
2936.15000
2948.30000
2960.62500
2973.07500
2985.67500
2998.42500
3011.35000
3024.42500
3037.72500
3051.22500
3065.00000
3079.07500
3093.47500
3108.17500
3123.40000
3139.02500
3154.65000
3170.40000
3187.20000
3211.67500
3223.87500
3236.10000
3248.27500
3260.62500
3273.10000
3285.72500
3298.50000
3311.45000
3324.57500
3337.90000
3351.47500
3365.27500
3379.30000
3393.62500
3408.32500
3423.97500
3511.75000
3523.87500
3536.05000
3548.22500
3560.57500
3573.07500
3585.70000
3598.45000
3611.40000
3624.50000
3637.82500
3651.42500
3665.32500
3679.55000
3694.07500
3708.97500
3724.75000
3811.72500
3823.87500
3836.02500
3848.20000
3860.55000
3873.02500
3885.67500
3898.45000
3911.40000
3924.52500
3937.87500
3951.45000
3965.30000
3979.47500
3994.02500
4009.00000
4024.97500
4111.72500
4123.90000
4136.00000
4148.17500
4160.57500
4173.10000
4185.75000
4198.57500
4211.55000
4224.70000
4238.05000
4251.62500
4265.52500
4279.80000
4294.50000
4309.70000
4411.77500
4423.95000
4436.05000
4448.25000
4460.62500
4473.15000
4485.80000
4498.65000
4511.65000
4524.82500
4538.25000
4551.92500
4565.92500
4580.27500
4595.00000
4610.17500
4711.80000
4724.00000
4736.12500
4748.32500
4760.75000
4773.27500
4785.97500
4798.80000
4811.80000
4824.97500
4838.35000
4852.00000
4865.97500
4880.42500
4895.42500
4910.85000
5011.85000
5023.97500
5036.10000
5048.32500
5060.75000
5073.32500
5086.05000
5098.92500
5111.97500
5125.22500
5138.67500
5152.40000
5166.45000
5180.90000
5195.77500
5211.25000
5311.85000
5324.00000
5336.15000
5348.40000
5360.85000
5373.45000
5386.20000
5399.10000
5412.17500
5425.42500
5438.90000
5452.65000
5466.72500
5481.17500
5496.00000
5511.37500
5611.80000
5623.92500
5636.07500
5648.32500
5660.80000
5673.42500
5686.20000
5699.12500
5712.22500
5725.50000
5738.97500
5752.75000
5766.82500
5781.37500
5796.45000
5812.50000
5911.80000
5923.95000
5936.15000
5948.42500
5960.92500
5973.55000
5986.35000
5999.27500
6012.40000
6025.70000
6039.22500
6053.02500
6067.17500
6081.77500
6097.00000
6211.75000
6223.92500
6236.07500
6248.37500
6260.87500
6273.52500
6286.32500
6299.30000
6312.42500
6325.75000
6339.27500
6353.07500
6367.22500
6381.80000
6397.05000
6511.75000
6523.92500
6536.10000
6548.40000
6560.92500
6573.60000
6586.42500
6599.40000
6612.55000
6625.90000
6639.45000
6653.27500
6667.45000
6682.10000
6697.42500
6811.75000
6823.95000
6836.15000
6848.47500
6861.00000
6873.70000
6886.52500
6899.52500
6912.72500
6926.07500
6939.67500
6953.50000
6967.70000
6982.32500
6997.72500
7111.77500
7124.00000
7136.20000
7148.52500
7161.07500
7173.77500
7186.62500
7199.65000
7212.85000
7226.25000
7239.85000
7253.75000
7268.00000
7282.80000
7298.50000
7411.75000
7423.97500
7436.20000
7448.52500
7461.10000
7473.82500
7486.70000
7499.72500
7512.95000
7526.35000
7539.97500
7553.90000
7568.17500
7583.00000
7598.95000
7711.75000
7723.97500
7736.20000
7748.55000
7761.15000
7773.87500
7786.77500
7799.82500
7813.05000
7826.50000
7840.17500
7854.12500
7868.45000
7883.35000
7899.55000
8011.75000
8024.00000
8036.25000
8048.60000
8061.20000
8073.95000
8086.85000
8099.92500
8113.17500
8126.65000
8140.32500
8154.32500
8168.70000
8183.67500
8311.77500
8323.97500
8336.22500
8348.60000
8361.22500
8373.97500
8386.90000
8400.00000
8413.27500
8426.75000
8440.47500
8454.50000
8468.90000
8483.90000
8611.77500
8623.97500
8636.25000
8648.62500
8661.25000
8674.02500
8686.95000
8700.07500
8713.37500
8726.87500
8740.60000
8754.65000
8769.07500
8784.17500
8911.82500
8924.05000
8936.32500
8948.72500
8961.35000
8974.15000
8987.10000
9000.22500
9013.55000
9027.07500
9040.85000
9054.92500
9069.45000
9084.62500
9211.82500
9224.07500
9236.35000
9248.75000
9261.40000
9274.22500
9287.17500
9300.32500
9313.67500
9327.22500
9341.02500
9355.15000
9369.70000
9385.00000
9511.82500
9524.05000
9536.35000
9548.75000
9561.42500
9574.25000
9587.22500
9600.40000
9613.75000
9627.32500
9641.15000
9655.30000
9669.90000
9685.32500
9811.82500
9824.07500
9836.37500
9848.82500
9861.50000
9874.32500
9887.32500
9900.50000
9913.87500
9927.47500
9941.32500
9955.50000
9970.17500
9985.80000

