$ Stimulation Interval(ms): 300
$ Delay(ms): 31.724716
$ Number of data : 189
$ TSTOP : 10000
$ PN stimulation current max : 56000
$ LN stimulation current max : 19500
35.55000
43.67500
51.05000
58.05000
64.82500
71.45000
77.92500
84.37500
90.77500
97.17500
103.55000
109.92500
116.30000
122.70000
129.10000
135.52500
141.97500
148.45000
154.95000
161.45000
168.00000
174.60000
181.20000
187.85000
194.52500
201.22500
207.97500
215.92500
226.22500
240.72500
3523.82500
4102.65000
4136.22500
4401.55000
4430.75000
4687.30000
4702.95000
4730.50000
4996.15000
5019.55000
5031.77500
5289.37500
5304.55000
5323.22500
5344.32500
5508.75000
5537.85000
5575.27500
5597.22500
5616.72500
5630.57500
5644.87500
5873.67500
5890.10000
5905.02500
5920.90000
5931.65000
5945.45000
6116.20000
6176.42500
6198.75000
6216.22500
6229.67500
6244.50000
6416.52500
6483.92500
6499.20000
6510.52500
6523.87500
6536.37500
6716.90000
6747.35000
6777.12500
6790.90000
6803.70000
6820.82500
6831.55000
6845.05000
7017.30000
7061.60000
7081.07500
7092.27500
7100.90000
7109.25000
7122.45000
7132.30000
7145.15000
7317.55000
7362.90000
7382.37500
7393.97500
7404.70000
7417.57500
7429.45000
7444.27500
7617.87500
7633.45000
7667.42500
7684.62500
7695.57500
7710.00000
7720.42500
7731.37500
7744.82500
7890.07500
7918.42500
7948.27500
7969.67500
7980.05000
7990.70000
8001.40000
8009.95000
8019.87500
8030.90000
8044.55000
8190.05000
8218.65000
8248.05000
8264.17500
8278.55000
8293.77500
8302.60000
8311.10000
8319.87500
8330.32500
8344.40000
8490.25000
8518.97500
8534.92500
8549.75000
8561.70000
8575.12500
8587.30000
8596.35000
8606.77500
8616.82500
8629.15000
8644.15000
8790.57500
8819.35000
8848.92500
8865.10000
8879.95000
8889.25000
8898.05000
8909.12500
8919.45000
8930.10000
8944.42500
9090.75000
9119.72500
9134.95000
9150.00000
9164.82500
9173.50000
9184.72500
9194.90000
9203.62500
9214.52500
9223.92500
9233.60000
9390.97500
9420.07500
9435.32500
9450.62500
9461.97500
9475.35000
9484.85000
9493.52500
9501.05000
9509.50000
9517.75000
9529.27500
9544.20000
9691.22500
9706.32500
9720.65000
9735.92500
9750.35000
9765.12500
9774.47500
9782.82500
9792.77500
9800.02500
9809.02500
9817.30000
9829.22500
9844.20000
9991.47500

