$ Stimulation Interval(ms): 300
$ Delay(ms): 215.330667
$ Number of data : 240
$ TSTOP : 5000
220.10000
232.90000
245.75000
258.75000
271.87500
285.15000
298.60000
312.25000
326.07500
340.10000
354.35000
368.87500
383.67500
398.80000
414.15000
429.82500
445.82500
462.07500
479.40000
522.95000
535.75000
548.67500
561.77500
575.00000
588.42500
602.02500
615.82500
629.85000
644.15000
658.70000
673.50000
688.55000
703.75000
719.20000
735.00000
751.02500
767.85000
822.90000
835.70000
848.67500
861.82500
875.15000
888.62500
902.32500
916.20000
930.30000
944.62500
959.20000
974.05000
989.17500
1004.62500
1020.45000
1037.17500
1122.90000
1135.70000
1148.72500
1161.90000
1175.25000
1188.80000
1202.52500
1216.45000
1230.60000
1245.02500
1259.72500
1274.77500
1290.20000
1305.92500
1321.97500
1338.30000
1355.47500
1422.92500
1435.77500
1448.82500
1462.05000
1475.45000
1489.02500
1502.82500
1516.82500
1531.05000
1545.57500
1560.40000
1575.60000
1591.15000
1606.90000
1623.22500
1639.95000
1722.95000
1735.82500
1748.90000
1762.17500
1775.60000
1789.25000
1803.10000
1817.15000
1831.47500
1846.10000
1861.05000
1876.42500
1892.15000
1908.00000
1924.50000
1943.25000
2022.97500
2035.87500
2049.00000
2062.30000
2075.77500
2089.47500
2103.37500
2117.50000
2131.90000
2146.62500
2161.72500
2177.25000
2193.02500
2209.00000
2225.92500
2322.97500
2335.90000
2349.02500
2362.37500
2375.90000
2389.62500
2403.57500
2417.75000
2432.22500
2447.02500
2462.22500
2477.90000
2493.62500
2509.62500
2526.05000
2542.75000
2623.00000
2635.95000
2649.12500
2662.50000
2676.07500
2689.85000
2703.85000
2718.10000
2732.62500
2747.52500
2762.87500
2778.70000
2794.50000
2810.67500
2923.00000
2935.97500
2949.17500
2962.57500
2976.17500
2990.00000
3004.05000
3018.35000
3032.97500
3047.95000
3063.42500
3079.42500
3095.50000
3111.92500
3223.02500
3236.02500
3249.25000
3262.67500
3276.30000
3290.17500
3304.25000
3318.62500
3333.30000
3348.40000
3364.05000
3380.20000
3396.02500
3412.90000
3523.05000
3536.07500
3549.32500
3562.77500
3576.45000
3590.32500
3604.47500
3618.90000
3633.65000
3648.85000
3664.65000
3680.95000
3696.87500
3823.05000
3836.10000
3849.37500
3862.85000
3876.55000
3890.47500
3904.67500
3919.15000
3933.97500
3949.27500
3965.30000
3981.70000
3997.77500
4015.02500
4123.07500
4136.12500
4149.45000
4162.95000
4176.67500
4190.65000
4204.87500
4219.42500
4234.32500
4249.75000
4266.00000
4282.42500
4298.70000
4423.10000
4436.17500
4449.50000
4463.02500
4476.80000
4490.80000
4505.07500
4519.67500
4534.65000
4550.20000
4566.50000
4582.37500
4598.97500
4723.10000
4736.20000
4749.55000
4763.10000
4776.90000
4790.95000
4805.27500
4819.92500
4835.00000
4850.70000
4867.17500
4883.10000

