$ Stimulation Interval(ms): 300
$ Delay(ms): 17.581766
$ Number of data : 79
$ TSTOP : 5000
25.15000
35.95000
45.37500
54.17500
62.60000
70.85000
79.00000
87.10000
95.17500
103.27500
111.40000
119.55000
127.75000
136.00000
144.30000
152.65000
161.07500
169.55000
178.10000
186.72500
195.42500
204.20000
216.12500
1406.65000
1687.25000
1701.87500
1984.10000
2001.02500
2270.02500
2286.37500
2301.82500
2571.62500
2587.80000
2600.50000
2877.62500
2888.92500
2901.65000
2917.62500
3159.52500
3174.57500
3187.95000
3203.37500
3218.05000
3460.80000
3472.95000
3487.12500
3499.52500
3517.12500
3760.55000
3776.75000
3790.95000
3801.10000
3817.65000
4056.10000
4072.02500
4084.20000
4093.70000
4102.97500
4117.57500
4347.15000
4359.80000
4374.35000
4383.95000
4393.77500
4403.07500
4417.57500
4655.60000
4665.35000
4674.82500
4684.07500
4693.20000
4702.27500
4717.30000
4942.20000
4957.32500
4970.30000
4979.67500
4988.80000
4997.87500

