$ Stimulation Interval(ms): 300
$ Delay(ms): 18.462124
$ Number of data : 142
$ TSTOP : 5000
26.02500
36.82500
46.25000
55.05000
63.47500
71.70000
79.85000
87.97500
96.05000
104.15000
112.27500
120.42500
128.62500
136.87500
145.17500
153.52500
161.95000
170.42500
178.97500
187.60000
196.30000
205.07500
495.85000
772.32500
789.00000
799.27500
1066.10000
1082.27500
1098.20000
1110.17500
1371.40000
1388.87500
1405.12500
1640.62500
1655.35000
1670.92500
1683.05000
1696.10000
1705.80000
1936.05000
1951.57500
1965.77500
1975.82500
1985.37500
1995.50000
2004.85000
2222.20000
2239.57500
2255.87500
2268.00000
2277.92500
2287.47500
2299.25000
2308.45000
2537.30000
2553.25000
2569.52500
2579.10000
2591.60000
2601.00000
2610.20000
2821.92500
2838.55000
2851.32500
2861.42500
2871.17500
2881.72500
2890.92500
2899.97500
2909.02500
3107.55000
3125.02500
3139.40000
3155.92500
3165.30000
3174.70000
3183.80000
3192.77500
3201.77500
3212.30000
3408.27500
3423.80000
3437.12500
3447.50000
3457.00000
3468.90000
3478.00000
3487.60000
3496.65000
3505.67500
3710.02500
3724.27500
3738.65000
3748.45000
3758.47500
3772.35000
3781.57500
3790.80000
3799.90000
3808.95000
4015.50000
4030.90000
4041.77500
4055.62500
4065.45000
4075.00000
4084.30000
4093.42500
4102.47500
4308.45000
4324.32500
4340.12500
4349.77500
4359.50000
4368.67500
4378.10000
4388.65000
4397.77500
4406.82500
4594.65000
4610.00000
4623.00000
4632.80000
4642.17500
4653.40000
4662.27500
4671.07500
4679.82500
4688.62500
4697.47500
4706.35000
4895.37500
4910.45000
4925.42500
4934.95000
4943.87500
4952.65000
4961.35000
4970.05000
4978.77500
4987.55000
4996.35000

