$ Stimulation Interval(ms): 300
$ Delay(ms): 204.926443
$ Number of data : 171
$ TSTOP : 5000
209.75000
222.72500
235.67500
248.82500
262.20000
275.72500
289.50000
303.50000
317.80000
332.37500
347.32500
362.85000
379.97500
395.65000
411.52500
427.97500
512.67500
525.62500
538.65000
551.87500
565.35000
579.02500
592.92500
607.15000
621.67500
636.62500
652.00000
668.02500
684.25000
700.65000
717.92500
812.52500
825.55000
838.60000
851.87500
865.42500
879.20000
893.17500
907.42500
921.97500
936.92500
952.70000
1112.57500
1125.57500
1138.65000
1151.95000
1165.55000
1179.37500
1193.42500
1207.77500
1222.45000
1237.55000
1253.60000
1412.57500
1425.60000
1438.67500
1452.02500
1465.67500
1479.52500
1493.65000
1508.05000
1522.77500
1537.95000
1554.40000
1712.67500
1725.72500
1738.82500
1752.22500
1765.90000
1779.80000
1793.97500
1808.45000
1823.30000
1838.65000
2012.65000
2025.70000
2038.82500
2052.25000
2065.95000
2079.87500
2094.10000
2108.60000
2123.47500
2138.87500
2312.72500
2325.80000
2338.95000
2352.40000
2366.15000
2380.12500
2394.40000
2408.97500
2423.92500
2439.50000
2612.65000
2625.75000
2638.92500
2652.40000
2666.17500
2680.17500
2694.47500
2709.10000
2724.10000
2739.75000
2912.65000
2925.75000
2938.92500
2952.42500
2966.22500
2980.27500
2994.60000
3009.25000
3024.30000
3040.05000
3212.65000
3225.77500
3238.97500
3252.50000
3266.35000
3280.42500
3294.80000
3309.50000
3324.62500
3340.57500
3512.67500
3525.80000
3539.02500
3552.57500
3566.45000
3580.55000
3594.97500
3609.72500
3624.92500
3641.07500
3812.67500
3825.82500
3839.07500
3852.65000
3866.55000
3880.70000
3895.17500
3909.97500
3925.25000
3941.80000
4112.70000
4125.85000
4139.12500
4152.72500
4166.65000
4180.85000
4195.35000
4210.22500
4225.57500
4412.70000
4425.90000
4439.17500
4452.80000
4466.75000
4480.97500
4495.52500
4510.42500
4525.82500
4712.70000
4725.92500
4739.22500
4752.85000
4766.85000
4781.10000
4795.67500
4810.65000
4826.12500

