$ Stimulation Interval(ms): 300
$ Delay(ms): 204.892214
$ Number of data : 227
$ TSTOP : 5000
209.70000
222.75000
235.72500
248.85000
262.12500
275.57500
289.20000
302.97500
316.92500
331.05000
345.37500
359.87500
374.62500
389.65000
404.90000
420.60000
436.60000
453.40000
512.55000
525.55000
538.57500
551.77500
565.17500
578.72500
592.47500
606.37500
620.47500
634.72500
649.20000
663.90000
678.90000
694.27500
709.92500
726.27500
743.67500
812.57500
825.60000
838.70000
851.92500
865.40000
879.02500
892.82500
906.80000
920.97500
935.32500
949.87500
964.67500
979.77500
995.32500
1011.17500
1027.50000
1112.60000
1125.67500
1138.82500
1152.07500
1165.60000
1179.27500
1193.12500
1207.17500
1221.40000
1235.82500
1250.47500
1265.37500
1280.62500
1296.15000
1312.20000
1328.92500
1412.62500
1425.70000
1438.87500
1452.17500
1465.75000
1479.47500
1493.37500
1507.50000
1521.80000
1536.30000
1551.00000
1566.02500
1581.45000
1597.15000
1613.65000
1712.67500
1725.77500
1738.97500
1752.32500
1765.92500
1779.70000
1793.65000
1807.80000
1822.17500
1836.75000
1851.52500
1866.62500
1882.20000
1898.07500
1915.25000
2012.62500
2025.77500
2039.00000
2052.37500
2066.02500
2079.85000
2093.85000
2108.05000
2122.47500
2137.12500
2151.97500
2167.20000
2182.70000
2198.80000
2312.70000
2325.87500
2339.12500
2352.52500
2366.20000
2380.05000
2394.10000
2408.37500
2422.85000
2437.52500
2452.45000
2467.75000
2483.60000
2500.07500
2612.72500
2625.90000
2639.20000
2652.62500
2666.32500
2680.22500
2694.32500
2708.62500
2723.15000
2737.90000
2752.92500
2768.32500
2784.07500
2800.92500
2912.70000
2925.95000
2939.25000
2952.72500
2966.45000
2980.37500
2994.52500
3008.87500
3023.47500
3038.27500
3053.37500
3068.90000
3084.82500
3212.72500
3225.95000
3239.30000
3252.77500
3266.55000
3280.52500
3294.70000
3309.10000
3323.72500
3338.57500
3353.75000
3369.40000
3385.52500
3512.75000
3526.00000
3539.35000
3552.87500
3566.67500
3580.67500
3594.90000
3609.32500
3624.02500
3638.90000
3654.12500
3669.90000
3686.27500
3812.75000
3826.02500
3839.42500
3852.95000
3866.80000
3880.82500
3895.07500
3909.55000
3924.30000
3939.25000
3954.57500
3970.55000
3987.50000
4112.77500
4126.07500
4139.47500
4153.05000
4166.90000
4180.97500
4195.25000
4209.77500
4224.57500
4239.60000
4255.00000
4271.25000
4412.77500
4426.10000
4439.52500
4453.12500
4467.00000
4481.10000
4495.42500
4510.00000
4524.85000
4539.92500
4555.42500
4571.42500
4712.80000
4726.15000
4739.57500
4753.20000
4767.12500
4781.22500
4795.60000
4810.20000
4825.10000
4840.25000
4855.85000
4872.05000

