$ Stimulation Interval(ms): 300
$ Delay(ms): 215.330667
$ Number of data : 217
$ TSTOP : 5000
220.22500
233.22500
246.32500
259.57500
272.95000
286.50000
300.25000
314.17500
328.35000
342.75000
357.42500
372.40000
387.67500
403.17500
419.00000
434.97500
451.55000
523.05000
535.97500
549.15000
562.47500
575.97500
589.67500
603.57500
617.67500
632.02500
646.62500
661.55000
676.80000
692.30000
708.20000
724.77500
741.50000
823.12500
836.10000
849.30000
862.67500
876.25000
890.00000
903.97500
918.17500
932.62500
947.37500
962.47500
977.92500
993.60000
1009.60000
1025.85000
1123.10000
1136.10000
1149.35000
1162.77500
1176.40000
1190.22500
1204.27500
1218.55000
1233.10000
1247.97500
1263.20000
1278.80000
1294.55000
1310.80000
1327.37500
1423.12500
1436.15000
1449.45000
1462.90000
1476.57500
1490.47500
1504.57500
1518.92500
1533.57500
1548.57500
1563.97500
1579.72500
1595.62500
1611.90000
1628.62500
1723.15000
1736.22500
1749.55000
1763.05000
1776.77500
1790.70000
1804.87500
1819.32500
1834.05000
1849.17500
1864.72500
1880.55000
1896.42500
1913.00000
2023.17500
2036.27500
2049.62500
2063.17500
2076.95000
2090.92500
2105.17500
2119.67500
2134.50000
2149.75000
2165.45000
2181.20000
2197.20000
2214.37500
2323.20000
2336.32500
2349.70000
2363.30000
2377.10000
2391.15000
2405.42500
2420.02500
2434.95000
2450.32500
2466.17500
2482.27500
2498.42500
2623.20000
2636.37500
2649.77500
2663.40000
2677.25000
2691.35000
2705.67500
2720.32500
2735.35000
2750.87500
2766.90000
2782.80000
2799.15000
2923.22500
2936.40000
2949.85000
2963.50000
2977.40000
2991.52500
3005.95000
3020.67500
3035.80000
3051.45000
3067.62500
3083.60000
3100.12500
3223.25000
3236.45000
3249.92500
3263.60000
3277.52500
3291.72500
3306.17500
3320.97500
3336.20000
3352.05000
3368.32500
3384.37500
3401.45000
3523.27500
3536.50000
3550.00000
3563.70000
3577.67500
3591.90000
3606.42500
3621.30000
3636.65000
3652.67500
3669.05000
3685.20000
3823.27500
3836.52500
3850.07500
3863.80000
3877.80000
3892.07500
3906.65000
3921.60000
3937.07500
3953.35000
3969.72500
3986.02500
4123.30000
4136.57500
4150.12500
4163.90000
4177.92500
4192.25000
4206.87500
4221.90000
4237.52500
4253.90000
4270.22500
4286.82500
4423.30000
4436.60000
4450.20000
4463.97500
4478.05000
4492.42500
4507.10000
4522.22500
4538.00000
4554.55000
4570.42500
4587.72500
4723.32500
4736.65000
4750.25000
4764.07500
4778.17500
4792.57500
4807.32500
4822.52500
4838.52500
4855.05000
4871.02500

