$ Stimulation Interval(ms): 300
$ Delay(ms): 204.892214
$ Number of data : 206
$ TSTOP : 5000
209.87500
223.12500
236.32500
249.67500
263.22500
276.92500
290.80000
304.87500
319.12500
333.57500
348.22500
363.12500
378.35000
393.87500
409.87500
426.35000
512.77500
525.95000
539.22500
552.62500
566.30000
580.12500
594.15000
608.35000
622.72500
637.32500
652.12500
667.27500
682.82500
698.67500
715.00000
812.80000
826.05000
839.37500
852.82500
866.55000
880.45000
894.52500
908.82500
923.30000
937.97500
952.90000
968.20000
983.77500
999.87500
1016.72500
1112.82500
1126.07500
1139.45000
1152.95000
1166.72500
1180.67500
1194.85000
1209.20000
1223.72500
1238.47500
1253.52500
1268.97500
1284.77500
1301.30000
1412.82500
1426.12500
1439.50000
1453.07500
1466.87500
1480.90000
1495.10000
1509.52500
1524.15000
1538.97500
1554.12500
1569.77500
1585.72500
1603.00000
1712.85000
1726.17500
1739.62500
1753.20000
1767.07500
1781.12500
1795.40000
1809.87500
1824.55000
1839.47500
1854.70000
1870.45000
1886.65000
2012.87500
2026.22500
2039.70000
2053.32500
2067.22500
2081.32500
2095.62500
2110.17500
2124.92500
2139.90000
2155.25000
2170.95000
2187.40000
2312.90000
2326.30000
2339.77500
2353.42500
2367.37500
2381.52500
2395.87500
2410.47500
2425.27500
2440.35000
2455.80000
2471.62500
2488.60000
2612.92500
2626.35000
2639.85000
2653.55000
2667.52500
2681.70000
2696.12500
2710.75000
2725.60000
2740.75000
2756.35000
2772.35000
2912.95000
2926.37500
2939.92500
2953.62500
2967.65000
2981.87500
2996.32500
3011.02500
3025.90000
3041.10000
3056.80000
3072.97500
3212.95000
3226.42500
3240.00000
3253.72500
3267.77500
3282.05000
3296.52500
3311.27500
3326.22500
3341.52500
3357.37500
3373.82500
3512.97500
3526.47500
3540.05000
3553.82500
3567.90000
3582.20000
3596.75000
3611.55000
3626.55000
3641.95000
3657.72500
3674.50000
3813.00000
3826.50000
3840.12500
3853.92500
3868.02500
3882.37500
3896.95000
3911.80000
3926.87500
3942.35000
3958.25000
3975.75000
4113.00000
4126.55000
4140.20000
4154.00000
4168.15000
4182.52500
4197.15000
4212.05000
4227.20000
4242.77500
4258.82500
4276.70000
4413.02500
4426.60000
4440.25000
4454.10000
4468.27500
4482.67500
4497.35000
4512.32500
4527.52500
4543.22500
4713.05000
4726.62500
4740.30000
4754.17500
4768.37500
4782.80000
4797.52500
4812.52500
4827.80000
4843.60000
4860.22500

