$ Stimulation Interval(ms): 300
$ Delay(ms): 18.462124
$ Number of data : 175
$ TSTOP : 5000
26.02500
36.82500
46.25000
55.05000
63.47500
71.70000
79.85000
87.97500
96.05000
104.15000
112.27500
120.42500
128.62500
136.87500
145.17500
153.52500
161.95000
170.42500
178.97500
187.60000
196.30000
205.07500
464.22500
479.30000
493.42500
503.17500
751.07500
774.65000
791.95000
804.72500
1040.82500
1058.30000
1074.40000
1088.62500
1098.35000
1110.00000
1321.82500
1337.07500
1353.17500
1362.95000
1372.27500
1381.60000
1393.45000
1404.30000
1624.62500
1644.02500
1657.95000
1673.92500
1683.20000
1692.52500
1701.62500
1710.90000
1910.50000
1924.45000
1938.12500
1954.40000
1964.47500
1977.92500
1987.07500
1996.60000
2005.72500
2206.57500
2223.15000
2237.42500
2247.35000
2257.27500
2270.60000
2279.70000
2289.20000
2298.25000
2307.27500
2508.57500
2525.00000
2540.32500
2549.35000
2558.55000
2567.50000
2576.60000
2587.95000
2596.95000
2605.92500
2795.17500
2810.97500
2823.32500
2833.17500
2842.60000
2851.55000
2860.52500
2869.37500
2878.35000
2887.25000
2896.40000
2905.40000
3102.12500
3119.20000
3131.37500
3143.40000
3153.15000
3162.60000
3175.87500
3184.97500
3193.92500
3202.87500
3396.90000
3411.27500
3426.27500
3435.92500
3445.80000
3455.05000
3464.15000
3473.07500
3482.12500
3491.07500
3500.02500
3508.97500
3699.20000
3713.60000
3728.65000
3742.70000
3752.77500
3762.17500
3771.07500
3780.20000
3789.17500
3798.07500
3807.02500
3996.50000
4012.27500
4023.77500
4033.95000
4043.35000
4052.12500
4060.82500
4069.52500
4078.22500
4086.97500
4095.77500
4104.65000
4296.90000
4312.20000
4321.47500
4332.72500
4343.27500
4352.07500
4361.55000
4370.37500
4379.67500
4388.57500
4397.47500
4406.40000
4580.67500
4594.20000
4608.72500
4622.65000
4631.82500
4641.55000
4650.40000
4659.12500
4667.82500
4676.52500
4685.25000
4694.05000
4702.87500
4719.10000
4882.30000
4898.37500
4914.32500
4929.12500
4938.65000
4949.10000
4960.17500
4969.27500
4979.95000
4988.90000
4997.80000

