$ Stimulation Interval(ms): 300
$ Delay(ms): 204.926443
$ Number of data : 148
$ TSTOP : 5000
209.90000
223.10000
236.25000
249.70000
263.40000
277.30000
291.45000
305.87500
320.62500
335.82500
352.05000
368.62500
384.52500
400.72500
417.95000
512.72500
525.92500
539.15000
552.67500
566.50000
580.57500
594.90000
609.50000
624.50000
640.30000
812.75000
825.90000
839.15000
852.72500
866.60000
880.72500
895.12500
909.82500
924.90000
940.95000
1112.82500
1126.02500
1139.30000
1152.90000
1166.82500
1181.00000
1195.47500
1210.25000
1225.50000
1412.80000
1426.00000
1439.30000
1452.95000
1466.92500
1481.15000
1495.65000
1510.50000
1525.82500
1712.80000
1726.02500
1739.37500
1753.05000
1767.05000
1781.32500
1795.87500
1810.77500
1826.20000
2012.80000
2026.05000
2039.40000
2053.12500
2067.17500
2081.47500
2096.07500
2111.05000
2126.60000
2312.82500
2326.10000
2339.47500
2353.22500
2367.30000
2381.65000
2396.32500
2411.35000
2427.00000
2612.85000
2626.12500
2639.52500
2653.30000
2667.42500
2681.82500
2696.52500
2711.62500
2727.42500
2912.85000
2926.17500
2939.57500
2953.40000
2967.55000
2981.97500
2996.75000
3011.90000
3027.92500
3212.87500
3226.20000
3239.65000
3253.47500
3267.67500
3282.15000
3296.97500
3312.20000
3328.47500
3512.87500
3526.25000
3539.70000
3553.55000
3567.77500
3582.30000
3597.17500
3612.50000
3629.97500
3812.90000
3826.27500
3839.75000
3853.62500
3867.90000
3882.47500
3897.40000
3912.80000
4112.92500
4126.30000
4139.80000
4153.70000
4168.00000
4182.60000
4197.60000
4213.10000
4412.92500
4426.32500
4439.85000
4453.77500
4468.10000
4482.75000
4497.77500
4513.37500
4712.95000
4726.35000
4739.87500
4753.85000
4768.20000
4782.87500
4797.95000
4813.62500

