$ Stimulation Interval(ms): 300
$ Delay(ms): 17.581766
$ Number of data : 107
$ TSTOP : 5000
25.15000
35.95000
45.37500
54.17500
62.60000
70.85000
79.00000
87.10000
95.17500
103.27500
111.40000
119.55000
127.75000
136.00000
144.30000
152.65000
161.07500
169.55000
178.10000
186.72500
195.42500
204.20000
215.87500
1094.45000
1117.75000
1385.32500
1399.02500
1417.67500
1662.67500
1675.80000
1688.65000
1701.90000
1968.42500
1985.00000
1995.87500
2006.10000
2258.37500
2273.90000
2288.50000
2301.05000
2317.42500
2543.12500
2559.47500
2574.82500
2591.17500
2600.87500
2617.55000
2848.15000
2860.25000
2874.50000
2888.62500
2898.25000
2907.55000
3159.70000
3176.62500
3187.87500
3197.22500
3206.42500
3220.15000
3434.67500
3447.40000
3461.65000
3477.37500
3486.80000
3496.17500
3505.42500
3518.37500
3745.47500
3761.57500
3772.72500
3782.60000
3791.97500
3801.17500
3817.17500
4026.27500
4042.80000
4056.35000
4065.70000
4076.17500
4085.27500
4094.27500
4103.30000
4117.62500
4337.47500
4348.37500
4361.72500
4371.15000
4381.22500
4390.50000
4399.65000
4409.02500
4627.77500
4642.35000
4657.75000
4666.95000
4675.90000
4684.82500
4693.75000
4702.70000
4717.47500
4936.67500
4950.72500
4961.40000
4970.72500
4980.95000
4990.05000
4999.05000

