$ Stimulation Interval(ms): 300
$ Delay(ms): 204.926443
$ Number of data : 126
$ TSTOP : 5000
210.05000
223.50000
236.90000
250.70000
264.75000
279.05000
293.62500
308.55000
324.10000
513.10000
526.47500
539.92500
553.77500
567.95000
582.40000
597.15000
612.32500
628.50000
813.00000
826.40000
839.87500
853.77500
868.00000
882.50000
897.30000
912.52500
929.10000
1113.02500
1126.45000
1139.95000
1153.90000
1168.17500
1182.75000
1197.62500
1212.97500
1413.00000
1426.45000
1440.00000
1453.97500
1468.30000
1482.92500
1497.87500
1513.30000
1713.05000
1726.50000
1740.07500
1754.07500
1768.47500
1783.12500
1798.15000
1813.67500
2013.07500
2026.55000
2040.15000
2054.17500
2068.60000
2083.32500
2098.40000
2114.02500
2313.07500
2326.60000
2340.20000
2354.27500
2368.75000
2383.52500
2398.65000
2414.45000
2613.10000
2626.62500
2640.27500
2654.37500
2668.87500
2683.70000
2698.90000
2714.85000
2913.12500
2926.67500
2940.32500
2954.47500
2969.02500
2983.90000
2999.17500
3015.42500
3213.12500
3226.70000
3240.40000
3254.55000
3269.15000
3284.07500
3299.42500
3316.07500
3513.15000
3526.75000
3540.45000
3554.65000
3569.27500
3584.25000
3599.65000
3813.17500
3826.77500
3840.50000
3854.72500
3869.37500
3884.40000
3899.87500
4113.17500
4126.80000
4140.55000
4154.80000
4169.50000
4184.55000
4200.10000
4413.20000
4426.82500
4440.60000
4454.85000
4469.60000
4484.70000
4500.30000
4713.20000
4726.85000
4740.65000
4754.92500
4769.70000
4784.85000
4800.50000

