$ Stimulation Interval(ms): 300
$ Delay(ms): 215.330667
$ Number of data : 173
$ TSTOP : 5000
220.55000
234.02500
247.65000
261.45000
275.45000
289.67500
304.15000
318.90000
334.00000
349.42500
365.07500
380.85000
396.77500
413.42500
523.55000
536.95000
550.65000
564.55000
578.70000
593.10000
607.77500
622.77500
638.12500
653.80000
669.60000
685.72500
702.15000
719.67500
823.60000
837.05000
850.80000
864.77500
879.02500
893.52500
908.32500
923.47500
939.02500
954.82500
970.75000
987.12500
1004.02500
1123.65000
1137.12500
1150.95000
1164.97500
1179.27500
1193.87500
1208.77500
1224.07500
1239.77500
1255.75000
1271.77500
1289.00000
1423.67500
1437.20000
1451.05000
1465.12500
1479.50000
1494.17500
1509.20000
1524.62500
1540.47500
1556.57500
1572.77500
1589.47500
1723.70000
1737.25000
1751.17500
1765.27500
1779.72500
1794.47500
1809.60000
1825.17500
1841.15000
1857.05000
1873.50000
2023.72500
2037.32500
2051.25000
2065.42500
2079.92500
2094.75000
2109.97500
2125.70000
2141.80000
2157.77500
2174.55000
2323.75000
2337.37500
2351.35000
2365.55000
2380.10000
2395.00000
2410.35000
2426.22500
2442.45000
2458.52500
2476.20000
2623.77500
2637.42500
2651.42500
2665.67500
2680.30000
2695.27500
2710.72500
2726.75000
2743.07500
2759.25000
2923.80000
2937.47500
2951.52500
2965.80000
2980.45000
2995.52500
3011.07500
3027.30000
3043.67500
3060.10000
3223.80000
3237.50000
3251.60000
3265.90000
3280.62500
3295.77500
3311.47500
3327.90000
3343.80000
3360.67500
3523.82500
3537.55000
3551.67500
3566.00000
3580.80000
3596.02500
3611.87500
3628.25000
3644.22500
3661.25000
3823.85000
3837.60000
3851.72500
3866.12500
3880.95000
3896.27500
3912.30000
3928.77500
3945.65000
4123.85000
4137.62500
4151.80000
4166.22500
4181.10000
4196.52500
4212.72500
4229.20000
4423.87500
4437.67500
4451.85000
4466.30000
4481.25000
4496.75000
4513.22500
4529.57500
4545.85000
4723.90000
4737.70000
4751.92500
4766.40000
4781.40000
4797.02500
4813.92500
4830.05000
4846.47500

