$ Stimulation Interval(ms): 300
$ Delay(ms): 18.462124
$ Number of data : 218
$ TSTOP : 5000
26.02500
36.82500
46.25000
55.05000
63.47500
71.70000
79.85000
87.97500
96.05000
104.15000
112.27500
120.42500
128.62500
136.87500
145.17500
153.52500
161.95000
170.42500
178.97500
187.60000
196.30000
205.07500
421.20000
439.80000
456.45000
469.27500
482.80000
492.67500
503.02500
724.50000
741.30000
754.07500
764.60000
776.02500
787.42500
796.55000
806.85000
1009.32500
1024.50000
1040.65000
1050.32500
1059.50000
1068.62500
1077.77500
1086.92500
1095.92500
1105.15000
1296.05000
1311.47500
1326.20000
1341.05000
1351.25000
1361.20000
1372.75000
1381.80000
1390.72500
1399.67500
1408.62500
1601.27500
1613.50000
1627.80000
1642.17500
1652.17500
1662.05000
1671.15000
1680.07500
1688.97500
1697.90000
1706.85000
1897.35000
1913.27500
1928.55000
1938.40000
1950.47500
1960.72500
1969.72500
1978.60000
1987.45000
1996.32500
2005.25000
2196.90000
2213.65000
2229.00000
2238.45000
2248.30000
2257.22500
2266.17500
2277.25000
2286.17500
2296.30000
2305.35000
2484.55000
2504.75000
2515.07500
2529.02500
2538.07500
2547.75000
2556.65000
2565.42500
2574.17500
2582.92500
2591.72500
2600.57500
2609.47500
2783.65000
2800.45000
2815.62500
2824.97500
2836.22500
2846.00000
2854.80000
2864.10000
2872.92500
2882.17500
2891.12500
2900.02500
2908.95000
3083.52500
3097.62500
3113.12500
3129.72500
3138.67500
3148.70000
3157.67500
3166.47500
3175.22500
3184.00000
3192.80000
3201.67500
3210.57500
3373.00000
3384.97500
3396.07500
3405.77500
3415.02500
3423.75000
3432.42500
3441.05000
3449.77500
3458.42500
3467.20000
3475.95000
3484.67500
3493.45000
3502.27500
3511.42500
3684.62500
3700.37500
3713.67500
3723.55000
3732.22500
3741.42500
3750.07500
3758.67500
3767.30000
3775.95000
3784.65000
3793.40000
3802.22500
3811.22500
3983.25000
3998.25000
4007.65000
4017.62500
4032.07500
4041.00000
4049.90000
4058.62500
4067.67500
4076.50000
4085.30000
4094.10000
4102.97500
4119.17500
4270.20000
4283.70000
4298.45000
4312.92500
4321.95000
4331.65000
4340.42500
4349.45000
4358.15000
4366.82500
4375.50000
4384.22500
4392.97500
4401.80000
4410.67500
4569.42500
4584.90000
4599.17500
4608.70000
4618.07500
4627.32500
4636.47500
4649.42500
4658.22500
4666.90000
4675.57500
4684.27500
4693.02500
4701.85000
4710.75000
4869.95000
4883.75000
4898.67500
4907.47500
4917.20000
4925.85000
4934.87500
4943.47500
4952.47500
4961.15000
4969.80000
4978.47500
4987.17500
4995.95000

