$ Stimulation Interval(ms): 300
$ Delay(ms): 17.581766
$ Number of data : 150
$ TSTOP : 5000
25.15000
35.95000
45.37500
54.17500
62.60000
70.85000
79.00000
87.10000
95.17500
103.27500
111.40000
119.55000
127.75000
136.00000
144.30000
152.65000
161.07500
169.55000
178.10000
186.72500
195.42500
204.20000
215.82500
483.70000
500.87500
772.50000
788.20000
802.07500
817.95000
1057.70000
1072.05000
1085.62500
1101.32500
1117.77500
1358.87500
1374.60000
1389.20000
1398.77500
1417.55000
1645.42500
1661.72500
1675.82500
1685.50000
1695.05000
1704.32500
1718.15000
1946.97500
1959.27500
1974.30000
1983.62500
1993.20000
2002.42500
2017.65000
2232.00000
2247.05000
2263.05000
2279.22500
2288.60000
2298.95000
2308.35000
2530.35000
2544.65000
2558.47500
2567.70000
2577.90000
2587.10000
2596.17500
2605.22500
2618.32500
2830.17500
2846.80000
2856.27500
2866.42500
2879.97500
2889.22500
2898.30000
2907.35000
2921.30000
3131.82500
3147.55000
3158.80000
3167.95000
3176.95000
3185.90000
3194.82500
3203.80000
3217.90000
3417.00000
3431.52500
3446.22500
3455.57500
3465.70000
3474.85000
3483.85000
3492.82500
3501.77500
3516.72500
3716.47500
3729.57500
3743.47500
3752.70000
3762.65000
3771.62500
3780.50000
3789.37500
3798.27500
3807.20000
3819.27500
4016.20000
4032.62500
4046.85000
4056.12500
4066.05000
4075.07500
4083.97500
4092.90000
4101.82500
4116.57500
4305.90000
4320.87500
4333.70000
4347.77500
4357.00000
4365.92500
4374.77500
4383.62500
4392.50000
4401.40000
4415.22500
4603.17500
4617.87500
4632.42500
4643.27500
4652.92500
4661.97500
4670.87500
4679.70000
4688.57500
4697.45000
4706.37500
4718.70000
4907.12500
4919.75000
4934.32500
4946.22500
4955.70000
4964.67500
4973.52500
4982.35000
4991.20000

