$ Stimulation Interval(ms): 300
$ Delay(ms): 204.892214
$ Number of data : 179
$ TSTOP : 5000
210.02500
223.52500
236.97500
250.57500
264.40000
278.42500
292.62500
307.00000
321.57500
336.37500
351.47500
366.97500
382.82500
399.12500
513.07500
526.50000
540.02500
553.67500
567.62500
581.75000
596.10000
610.62500
625.35000
640.32500
655.67500
671.32500
687.52500
704.75000
813.02500
826.50000
840.07500
853.80000
867.80000
882.02500
896.42500
911.05000
925.85000
940.97500
956.55000
972.37500
989.25000
1113.07500
1126.57500
1140.20000
1153.97500
1168.02500
1182.30000
1196.80000
1211.47500
1226.37500
1241.57500
1257.25000
1273.32500
1413.10000
1426.65000
1440.27500
1454.10000
1468.22500
1482.55000
1497.10000
1511.85000
1526.82500
1542.12500
1557.97500
1574.35000
1713.12500
1726.70000
1740.37500
1754.22500
1768.40000
1782.77500
1797.37500
1812.20000
1827.25000
1842.70000
1858.50000
1875.22500
2013.15000
2026.75000
2040.47500
2054.37500
2068.57500
2083.00000
2097.65000
2112.52500
2127.67500
2143.22500
2159.20000
2313.17500
2326.80000
2340.55000
2354.47500
2368.72500
2383.20000
2397.90000
2412.77500
2428.00000
2443.67500
2459.85000
2613.20000
2626.85000
2640.62500
2654.57500
2668.87500
2683.37500
2698.15000
2713.07500
2728.37500
2744.20000
2760.60000
2913.22500
2926.90000
2940.70000
2954.67500
2969.00000
2983.57500
2998.37500
3013.40000
3028.77500
3044.80000
3062.02500
3213.22500
3226.95000
3240.77500
3254.80000
3269.15000
3283.75000
3298.62500
3313.70000
3329.17500
3345.10000
3513.25000
3527.00000
3540.85000
3554.87500
3569.27500
3583.90000
3598.82500
3613.95000
3629.52500
3645.55000
3813.27500
3827.05000
3840.92500
3854.97500
3869.40000
3884.07500
3899.05000
3914.22500
3929.90000
3946.80000
4113.30000
4127.07500
4140.97500
4155.05000
4169.52500
4184.22500
4199.25000
4214.50000
4230.27500
4413.30000
4427.10000
4441.02500
4455.12500
4469.62500
4484.37500
4499.42500
4514.75000
4530.65000
4547.55000
4713.32500
4727.15000
4741.10000
4755.22500
4769.75000
4784.52500
4799.62500
4815.02500
4831.07500

