$ Stimulation Interval(ms): 300
$ Delay(ms): 215.330667
$ Number of data : 146
$ TSTOP : 5000
220.72500
234.50000
248.45000
262.57500
276.97500
291.65000
306.65000
322.00000
337.65000
353.47500
369.55000
385.92500
523.90000
537.57500
551.60000
565.85000
580.42500
595.32500
610.57500
626.20000
642.02500
658.05000
674.17500
691.75000
823.95000
837.67500
851.77500
866.10000
880.80000
895.82500
911.25000
927.02500
943.05000
959.22500
975.75000
992.72500
1124.00000
1137.77500
1151.92500
1166.32500
1181.10000
1196.25000
1211.82500
1227.75000
1243.65000
1260.10000
1277.42500
1424.02500
1437.85000
1452.05000
1466.50000
1481.37500
1496.65000
1512.37500
1528.40000
1544.40000
1561.17500
1724.05000
1737.90000
1752.17500
1766.67500
1781.62500
1797.00000
1812.87500
1829.05000
1845.15000
1862.82500
2024.07500
2037.97500
2052.27500
2066.82500
2081.85000
2097.37500
2113.40000
2129.67500
2145.90000
2324.10000
2338.02500
2352.35000
2366.95000
2382.07500
2397.70000
2413.87500
2430.27500
2446.62500
2624.12500
2638.07500
2652.45000
2667.10000
2682.30000
2698.07500
2714.40000
2730.85000
2747.37500
2924.15000
2938.12500
2952.52500
2967.22500
2982.52500
2998.45000
3014.90000
3030.90000
3047.92500
3224.17500
3238.17500
3252.62500
3267.35000
3282.72500
3298.82500
3315.20000
3331.30000
3524.20000
3538.20000
3552.70000
3567.47500
3582.95000
3599.25000
3615.60000
3631.80000
3824.20000
3838.25000
3852.77500
3867.57500
3883.15000
3899.75000
3916.00000
3932.30000
4124.22500
4138.27500
4152.85000
4167.70000
4183.37500
4200.42500
4216.42500
4232.82500
4249.60000
4424.25000
4438.32500
4452.92500
4467.82500
4483.62500
4724.25000
4738.35000
4752.95000
4767.90000
4783.80000

