$ Stimulation Interval(ms): 300
$ Delay(ms): 17.581766
$ Number of data : 191
$ TSTOP : 5000
25.15000
35.95000
45.37500
54.17500
62.60000
70.85000
79.00000
87.10000
95.17500
103.27500
111.40000
119.55000
127.75000
136.00000
144.30000
152.65000
161.07500
169.55000
178.10000
186.72500
195.42500
204.20000
215.85000
455.52500
471.57500
481.27500
491.72500
503.02500
518.10000
745.25000
762.70000
778.97500
795.22500
804.75000
818.50000
1046.17500
1058.75000
1070.97500
1082.37500
1091.67500
1100.80000
1117.12500
1330.70000
1346.45000
1362.97500
1372.40000
1382.32500
1391.55000
1400.67500
1417.00000
1631.22500
1645.70000
1662.35000
1671.62500
1681.27500
1690.37500
1699.40000
1708.45000
1735.02500
1933.37500
1945.87500
1957.40000
1966.52500
1975.47500
1984.40000
1993.30000
2002.25000
2017.55000
2219.95000
2236.50000
2248.12500
2257.45000
2267.25000
2276.42500
2285.45000
2294.42500
2303.40000
2318.00000
2507.02500
2521.12500
2535.45000
2549.50000
2558.67500
2568.92500
2577.90000
2586.80000
2595.72500
2604.65000
2618.30000
2807.02500
2820.85000
2835.87500
2845.27500
2855.37500
2864.62500
2873.62500
2882.57500
2891.47500
2900.40000
2910.37500
2934.32500
3101.82500
3115.45000
3126.70000
3135.92500
3145.47500
3154.55000
3163.42500
3172.22500
3181.00000
3189.82500
3198.67500
3207.57500
3219.45000
3404.77500
3421.47500
3436.65000
3446.00000
3455.97500
3465.12500
3474.10000
3483.00000
3491.90000
3500.82500
3515.40000
3699.25000
3711.25000
3726.90000
3737.67500
3746.52500
3756.27500
3765.07500
3773.82500
3782.60000
3791.40000
3800.25000
3809.25000
3833.77500
3992.62500
4006.65000
4021.50000
4037.22500
4046.40000
4055.25000
4064.02500
4072.77500
4081.55000
4090.35000
4099.20000
4108.10000
4121.62500
4286.35000
4302.20000
4316.85000
4327.97500
4336.80000
4345.45000
4354.05000
4362.67500
4371.32500
4380.02500
4388.75000
4397.55000
4406.42500
4418.85000
4588.90000
4603.25000
4615.30000
4626.35000
4635.25000
4643.97500
4652.62500
4661.25000
4669.92500
4678.60000
4687.35000
4696.12500
4704.97500
4718.40000
4888.17500
4903.90000
4913.02500
4922.70000
4931.52500
4940.60000
4949.32500
4957.97500
4966.60000
4975.27500
4984.00000
4992.75000

