$ Stimulation Interval(ms): 300
$ Delay(ms): 18.462124
$ Number of data : 257
$ TSTOP : 5000
26.02500
36.82500
46.25000
55.05000
63.47500
71.70000
79.85000
87.97500
96.05000
104.15000
112.27500
120.42500
128.62500
136.87500
145.17500
153.52500
161.95000
170.42500
178.97500
187.60000
196.30000
205.07500
396.25000
413.05000
429.47500
441.97500
454.90000
464.47500
474.37500
483.57500
492.85000
501.97500
511.10000
687.47500
701.87500
717.92500
731.07500
742.90000
752.45000
762.27500
771.32500
780.70000
789.80000
799.02500
808.15000
987.27500
1002.87500
1018.92500
1029.40000
1039.15000
1048.45000
1057.27500
1066.47500
1075.32500
1084.70000
1093.67500
1102.60000
1284.65000
1298.20000
1311.92500
1322.17500
1332.02500
1345.55000
1355.20000
1364.72500
1373.67500
1382.52500
1391.37500
1400.25000
1409.17500
1568.90000
1584.20000
1599.87500
1613.57500
1623.32500
1632.45000
1641.65000
1650.37500
1659.45000
1668.22500
1676.95000
1685.70000
1694.50000
1703.32500
1719.22500
1874.50000
1886.22500
1901.15000
1914.70000
1924.55000
1933.82500
1942.52500
1951.15000
1959.75000
1968.37500
1977.02500
1985.72500
1994.47500
2003.30000
2019.22500
2185.02500
2201.07500
2218.17500
2226.97500
2236.70000
2245.52500
2254.20000
2262.82500
2271.50000
2280.20000
2288.92500
2297.72500
2306.60000
2477.00000
2492.42500
2503.85000
2514.32500
2523.27500
2532.62500
2541.27500
2549.85000
2558.42500
2567.02500
2575.67500
2584.35000
2593.10000
2601.90000
2610.77500
2771.40000
2786.25000
2800.35000
2809.42500
2819.00000
2827.70000
2836.67500
2845.30000
2854.05000
2862.75000
2871.40000
2880.10000
2888.82500
2897.60000
2906.45000
3070.17500
3083.67500
3093.30000
3102.65000
3111.80000
3120.42500
3128.92500
3137.40000
3145.87500
3154.37500
3162.90000
3171.45000
3180.07500
3188.77500
3197.52500
3206.32500
3370.30000
3385.20000
3394.52500
3404.42500
3418.77500
3427.62500
3436.65000
3445.37500
3454.12500
3462.85000
3471.52500
3480.22500
3488.97500
3497.77500
3506.62500
3661.77500
3675.45000
3687.77500
3697.12500
3706.32500
3715.17500
3724.97500
3733.70000
3742.45000
3751.05000
3759.77500
3768.47500
3777.15000
3785.85000
3794.60000
3803.42500
3819.32500
3958.12500
3972.00000
3987.22500
3996.07500
4006.22500
4018.12500
4026.80000
4036.57500
4045.27500
4053.87500
4062.45000
4071.05000
4079.70000
4088.40000
4097.17500
4106.00000
4257.77500
4271.32500
4284.65000
4293.50000
4303.17500
4311.85000
4320.35000
4328.75000
4337.17500
4345.60000
4354.05000
4362.55000
4371.10000
4379.70000
4388.37500
4397.10000
4405.90000
4557.30000
4571.82500
4584.92500
4594.60000
4603.70000
4612.75000
4621.25000
4629.65000
4638.05000
4646.47500
4654.92500
4663.42500
4671.97500
4680.57500
4689.25000
4698.00000
4706.82500
4856.12500
4870.40000
4879.80000
4889.22500
4902.22500
4910.77500
4920.22500
4928.70000
4938.15000
4946.67500
4955.17500
4963.70000
4972.27500
4980.90000
4989.57500
4998.35000

