$ Stimulation Interval(ms): 300
$ Delay(ms): 204.926443
$ Number of data : 107
$ TSTOP : 5000
210.25000
223.95000
237.65000
251.77500
266.22500
280.97500
296.12500
312.22500
513.25000
526.87500
540.60000
554.80000
569.40000
584.30000
599.62500
813.27500
826.92500
840.70000
854.95000
869.60000
884.57500
900.00000
1113.30000
1126.97500
1140.77500
1155.07500
1169.77500
1184.82500
1200.37500
1413.32500
1427.05000
1440.87500
1455.20000
1469.95000
1485.05000
1500.70000
1713.35000
1727.07500
1740.95000
1755.30000
1770.12500
1785.27500
1801.07500
2013.37500
2027.12500
2041.02500
2055.40000
2070.27500
2085.50000
2101.42500
2313.40000
2327.17500
2341.07500
2355.52500
2370.42500
2385.72500
2401.80000
2613.42500
2627.22500
2641.15000
2655.62500
2670.57500
2685.92500
2702.17500
2913.42500
2927.25000
2941.20000
2955.70000
2970.70000
2986.15000
3002.72500
3213.45000
3227.30000
3241.27500
3255.80000
3270.85000
3286.35000
3513.47500
3527.32500
3541.32500
3555.87500
3570.95000
3586.50000
3813.47500
3827.35000
3841.37500
3855.95000
3871.07500
3886.67500
4113.50000
4127.40000
4141.42500
4156.02500
4171.17500
4186.85000
4413.50000
4427.42500
4441.47500
4456.10000
4471.30000
4487.02500
4713.52500
4727.45000
4741.52500
4756.17500
4771.42500
4787.22500

