$ Stimulation Interval(ms): 300
$ Delay(ms): 204.892214
$ Number of data : 132
$ TSTOP : 5000
210.42500
224.50000
238.55000
252.77500
267.27500
282.00000
296.92500
312.20000
327.95000
344.12500
361.02500
513.70000
527.70000
541.82500
556.12500
570.77500
585.65000
600.77500
616.22500
632.35000
649.25000
813.75000
827.80000
841.97500
856.35000
871.07500
885.97500
901.17500
916.80000
932.90000
949.87500
1113.80000
1127.90000
1142.12500
1156.52500
1171.32500
1186.30000
1201.62500
1217.40000
1233.72500
1413.85000
1427.97500
1442.22500
1456.67500
1471.55000
1486.60000
1502.00000
1517.95000
1534.62500
1713.87500
1728.02500
1742.32500
1756.82500
1771.75000
1786.87500
1802.37500
1818.60000
2013.90000
2028.10000
2042.42500
2056.95000
2071.92500
2087.10000
2102.70000
2118.77500
2313.92500
2328.15000
2342.50000
2357.07500
2372.10000
2387.35000
2403.02500
2419.67500
2613.95000
2628.20000
2642.57500
2657.20000
2672.27500
2687.57500
2703.37500
2719.80000
2913.97500
2928.25000
2942.65000
2957.30000
2972.45000
2987.80000
3003.72500
3020.45000
3214.00000
3228.30000
3242.75000
3257.42500
3272.60000
3288.05000
3304.07500
3321.70000
3514.00000
3528.35000
3542.82500
3557.52500
3572.75000
3588.25000
3604.25000
3814.02500
3828.37500
3842.87500
3857.62500
3872.77500
3888.32500
3904.65000
4114.05000
4128.42500
4142.95000
4157.72500
4172.92500
4188.52500
4205.05000
4414.05000
4428.47500
4443.00000
4457.82500
4473.05000
4488.72500
4505.62500
4714.07500
4728.50000
4743.07500
4757.92500
4773.20000
4788.95000
4805.47500

