$ Stimulation Interval(ms): 300
$ Delay(ms): 17.581766
$ Number of data : 234
$ TSTOP : 5000
25.15000
35.95000
45.37500
54.17500
62.60000
70.85000
79.00000
87.10000
95.17500
103.27500
111.40000
119.55000
127.75000
136.00000
144.30000
152.65000
161.07500
169.55000
178.10000
186.72500
195.42500
204.20000
215.97500
427.62500
444.07500
461.10000
471.17500
481.00000
492.90000
502.12500
517.95000
715.72500
729.85000
742.15000
752.25000
761.72500
771.07500
780.10000
789.07500
798.02500
807.00000
819.25000
1019.65000
1036.45000
1052.40000
1061.75000
1072.02500
1081.32500
1090.40000
1099.45000
1108.50000
1134.40000
1310.32500
1322.45000
1337.85000
1351.57500
1360.77500
1369.72500
1378.60000
1387.45000
1396.35000
1405.27500
1418.67500
1603.02500
1618.07500
1628.52500
1638.00000
1646.92500
1655.70000
1664.45000
1673.17500
1681.95000
1690.72500
1699.57500
1708.47500
1722.15000
1902.02500
1917.60000
1926.82500
1936.20000
1945.02500
1954.35000
1963.15000
1971.90000
1980.65000
1989.45000
1998.27500
2007.17500
2019.30000
2190.37500
2206.10000
2222.22500
2237.42500
2246.37500
2255.10000
2263.80000
2272.50000
2281.22500
2290.02500
2298.85000
2307.75000
2319.60000
2488.65000
2502.20000
2514.35000
2523.60000
2532.42500
2541.35000
2550.05000
2558.70000
2567.37500
2576.05000
2584.77500
2593.55000
2602.37500
2616.00000
2789.20000
2805.55000
2814.77500
2823.75000
2832.42500
2841.25000
2849.92500
2858.52500
2867.17500
2875.82500
2884.52500
2893.30000
2902.12500
2915.70000
3090.55000
3105.42500
3119.87500
3128.72500
3137.32500
3145.90000
3154.45000
3163.05000
3171.67500
3180.35000
3189.10000
3197.87500
3206.75000
3219.17500
3377.82500
3393.40000
3409.70000
3425.45000
3434.65000
3443.47500
3452.20000
3460.87500
3469.55000
3478.25000
3487.00000
3495.80000
3504.67500
3518.57500
3676.02500
3692.42500
3709.30000
3723.05000
3732.05000
3740.75000
3749.40000
3758.02500
3766.65000
3775.32500
3784.05000
3792.80000
3801.62500
3815.52500
3975.97500
3992.12500
4008.47500
4017.75000
4027.37500
4036.27500
4044.97500
4053.62500
4062.25000
4070.90000
4079.60000
4088.32500
4097.12500
4105.97500
4118.95000
4277.80000
4291.00000
4306.17500
4315.00000
4323.57500
4332.05000
4340.52500
4349.02500
4357.55000
4366.10000
4374.70000
4383.37500
4392.10000
4400.90000
4410.35000
4434.00000
4579.55000
4591.90000
4601.15000
4610.55000
4619.20000
4627.70000
4636.17500
4644.65000
4653.15000
4661.67500
4670.25000
4678.87500
4687.57500
4696.32500
4705.15000
4718.70000
4867.57500
4879.07500
4892.45000
4901.62500
4911.10000
4919.95000
4928.57500
4937.10000
4945.62500
4954.12500
4962.67500
4971.27500
4979.90000
4988.60000
4997.37500

