$ Stimulation Interval(ms): 300
$ Delay(ms): 204.926443
$ Number of data : 89
$ TSTOP : 5000
210.45000
224.45000
238.47500
253.02500
267.95000
283.40000
513.60000
527.52500
541.57500
556.17500
571.25000
586.85000
813.65000
827.60000
841.70000
856.35000
871.50000
887.25000
1113.70000
1127.67500
1141.80000
1156.50000
1171.72500
1187.62500
1413.72500
1427.72500
1441.87500
1456.62500
1471.90000
1487.95000
1713.75000
1727.77500
1741.97500
1756.72500
1772.07500
1788.27500
2013.77500
2027.82500
2042.05000
2056.85000
2072.27500
2088.72500
2313.77500
2327.87500
2342.12500
2356.95000
2372.42500
2389.12500
2613.80000
2627.90000
2642.17500
2657.07500
2672.62500
2913.82500
2927.95000
2942.25000
2957.15000
2972.77500
3213.82500
3227.97500
3242.30000
3257.25000
3272.90000
3513.85000
3528.00000
3542.35000
3557.32500
3573.05000
3590.30000
3813.87500
3828.05000
3842.40000
3857.42500
3873.22500
4113.87500
4128.07500
4142.47500
4157.50000
4173.40000
4413.90000
4428.10000
4442.52500
4457.57500
4473.55000
4713.90000
4728.15000
4742.57500
4757.67500
4773.72500

