$ Stimulation Interval(ms): 300
$ Delay(ms): 215.330667
$ Number of data : 113
$ TSTOP : 5000
220.95000
235.02500
249.35000
263.90000
278.82500
294.10000
309.72500
325.62500
341.65000
357.82500
524.35000
538.32500
552.75000
567.42500
582.60000
598.15000
614.07500
630.20000
646.67500
663.50000
824.40000
838.45000
852.95000
867.72500
883.02500
898.77500
914.85000
930.87500
947.20000
1124.45000
1138.52500
1153.10000
1167.95000
1183.37500
1199.30000
1215.52500
1231.67500
1248.17500
1424.47500
1438.60000
1453.22500
1468.15000
1483.72500
1499.80000
1516.15000
1532.42500
1724.52500
1738.67500
1753.35000
1768.35000
1784.05000
1800.30000
1816.55000
1833.07500
2024.55000
2038.72500
2053.45000
2068.52500
2084.35000
2100.82500
2116.85000
2133.62500
2324.57500
2338.77500
2353.55000
2368.70000
2384.70000
2401.37500
2417.90000
2434.75000
2624.60000
2638.85000
2653.65000
2668.85000
2685.07500
2701.67500
2717.80000
2735.75000
2924.62500
2938.90000
2953.75000
2969.02500
2985.55000
3002.07500
3018.32500
3224.65000
3238.95000
3253.85000
3269.17500
3286.27500
3302.45000
3318.80000
3335.92500
3524.67500
3539.00000
3553.95000
3569.35000
3824.67500
3839.02500
3853.97500
3869.45000
4124.67500
4139.05000
4154.02500
4169.55000
4424.70000
4439.05000
4454.07500
4469.62500
4724.70000
4739.07500
4754.12500
4769.75000

