$ Stimulation Interval(ms): 300
$ Delay(ms): 18.462124
$ Number of data : 294
$ TSTOP : 5000
26.02500
36.82500
46.25000
55.05000
63.47500
71.70000
79.85000
87.97500
96.05000
104.15000
112.27500
120.42500
128.62500
136.87500
145.17500
153.52500
161.95000
170.42500
178.97500
187.60000
196.30000
205.07500
381.37500
393.62500
403.42500
413.05000
426.55000
436.95000
446.12500
455.17500
464.17500
473.05000
481.85000
490.67500
499.52500
508.42500
672.30000
689.40000
703.67500
714.42500
725.25000
737.52500
746.30000
755.87500
764.62500
773.32500
782.02500
790.80000
799.60000
808.47500
973.80000
991.07500
1001.25000
1010.87500
1020.15000
1029.12500
1038.02500
1048.75000
1057.45000
1067.50000
1076.27500
1085.02500
1093.80000
1102.62500
1111.57500
1272.27500
1284.62500
1294.42500
1304.25000
1318.52500
1327.30000
1337.60000
1346.45000
1355.35000
1364.07500
1372.75000
1381.47500
1390.22500
1399.02500
1407.87500
1568.55000
1579.27500
1592.15000
1602.65000
1612.62500
1621.60000
1630.42500
1639.05000
1647.57500
1656.12500
1664.70000
1673.30000
1681.95000
1690.65000
1699.42500
1708.27500
1860.05000
1873.27500
1885.40000
1895.20000
1904.02500
1913.25000
1921.77500
1930.20000
1938.62500
1947.05000
1955.52500
1964.02500
1972.60000
1981.20000
1989.90000
1998.62500
2007.45000
2160.12500
2174.52500
2186.57500
2195.37500
2204.72500
2213.30000
2222.32500
2230.90000
2239.60000
2248.15000
2256.70000
2265.25000
2273.85000
2282.50000
2291.20000
2299.97500
2308.82500
2455.45000
2469.02500
2479.00000
2488.17500
2497.35000
2505.85000
2514.75000
2523.20000
2531.57500
2539.97500
2548.37500
2556.82500
2565.32500
2573.87500
2582.50000
2591.17500
2599.92500
2608.75000
2757.25000
2770.15000
2780.27500
2789.47500
2798.05000
2806.65000
2815.07500
2823.45000
2831.80000
2840.17500
2848.57500
2857.02500
2865.52500
2874.07500
2882.70000
2891.37500
2900.12500
2908.95000
3056.27500
3072.17500
3081.57500
3090.75000
3099.20000
3107.55000
3115.85000
3124.12500
3132.45000
3140.80000
3149.17500
3157.62500
3166.10000
3174.65000
3183.27500
3191.95000
3200.70000
3209.55000
3357.37500
3373.72500
3382.52500
3392.57500
3405.55000
3414.20000
3423.70000
3432.30000
3440.80000
3449.27500
3457.77500
3466.32500
3474.90000
3483.55000
3492.25000
3501.02500
3509.87500
3646.85000
3660.22500
3674.32500
3683.77500
3692.80000
3705.40000
3714.00000
3722.92500
3731.40000
3739.82500
3748.27500
3756.72500
3765.25000
3773.80000
3782.42500
3791.12500
3799.87500
3808.70000
3946.82500
3959.70000
3972.62500
3981.37500
3991.00000
3999.57500
4008.67500
4017.27500
4026.02500
4034.55000
4043.00000
4051.47500
4059.95000
4068.50000
4077.07500
4085.72500
4094.45000
4103.22500
4113.42500
4242.50000
4257.40000
4266.90000
4276.42500
4288.25000
4296.75000
4305.90000
4314.27500
4322.57500
4330.90000
4339.22500
4347.60000
4356.02500
4364.50000
4373.05000
4381.62500
4390.30000
4399.05000
4407.85000
4542.75000
4557.60000
4566.85000
4576.30000
4585.15000
4593.82500
4602.42500
4610.80000
4619.12500
4627.42500
4635.75000
4644.10000
4652.50000
4660.95000
4669.45000
4678.02500
4686.65000
4695.37500
4704.15000
4719.67500
4842.75000
4857.80000
4867.27500
4876.72500
4889.25000
4897.75000
4907.20000
4915.57500
4923.90000
4932.20000
4940.55000
4948.92500
4957.35000
4965.85000
4974.40000
4983.00000
4991.67500

