$ Stimulation Interval(ms): 300
$ Delay(ms): 238.331997
$ Number of data : 498
$ TSTOP : 10000
243.10000
256.15000
269.15000
282.12500
295.17500
308.40000
321.77500
335.32500
349.07500
363.02500
377.17500
391.50000
406.05000
420.90000
436.10000
451.72500
467.40000
483.17500
499.15000
515.60000
545.52500
558.50000
571.52500
584.57500
597.72500
611.07500
624.57500
638.27500
652.17500
666.27500
680.55000
695.07500
709.90000
725.07500
740.65000
756.32500
772.10000
787.90000
804.30000
821.65000
846.42500
859.47500
872.57500
885.67500
898.92500
912.32500
925.90000
939.67500
953.67500
967.90000
982.25000
996.82500
1011.72500
1026.97500
1042.62500
1058.12500
1073.97500
1090.07500
1106.35000
1145.80000
1158.87500
1172.02500
1185.15000
1198.45000
1211.90000
1225.52500
1239.37500
1253.45000
1267.72500
1282.20000
1296.92500
1312.02500
1327.50000
1343.02500
1358.67500
1374.65000
1390.70000
1407.37500
1445.85000
1458.97500
1472.17500
1485.35000
1498.70000
1512.22500
1525.92500
1539.85000
1554.00000
1568.40000
1582.97500
1597.85000
1613.12500
1628.92500
1644.77500
1660.60000
1676.67500
1693.15000
1709.85000
1746.00000
1759.15000
1772.40000
1785.62500
1799.02500
1812.60000
1826.37500
1840.35000
1854.60000
1869.07500
1883.75000
1898.75000
1914.20000
1930.40000
1946.12500
1962.02500
1978.22500
1994.87500
2011.45000
2046.10000
2059.30000
2072.57500
2085.82500
2099.27500
2112.90000
2126.72500
2140.80000
2155.12500
2169.60000
2184.35000
2199.50000
2215.12500
2231.67500
2247.25000
2263.30000
2279.47500
2296.05000
2313.25000
2346.07500
2359.30000
2372.62500
2385.92500
2399.42500
2413.07500
2426.97500
2441.10000
2455.50000
2470.05000
2484.90000
2500.17500
2516.02500
2532.00000
2548.05000
2564.10000
2580.67500
2597.22500
2614.65000
2645.95000
2659.22500
2672.57500
2685.90000
2699.45000
2713.17500
2727.10000
2741.30000
2755.77500
2770.42500
2785.40000
2800.82500
2817.05000
2832.75000
2848.65000
2864.65000
2881.15000
2899.10000
2946.07500
2959.37500
2972.75000
2986.12500
2999.70000
3013.47500
3027.47500
3041.72500
3056.27500
3071.00000
3086.07500
3101.70000
3118.12500
3134.05000
3150.07500
3166.87500
3183.92500
3201.45000
3246.10000
3259.42500
3272.85000
3286.25000
3299.85000
3313.67500
3327.72500
3342.05000
3356.67500
3371.50000
3386.70000
3402.47500
3418.92500
3434.75000
3450.67500
3467.22500
3483.77500
3546.10000
3559.45000
3572.90000
3586.35000
3600.00000
3613.87500
3627.97500
3642.35000
3657.05000
3671.95000
3687.27500
3703.37500
3719.05000
3735.22500
3751.85000
3769.12500
3846.12500
3859.50000
3872.97500
3886.45000
3900.15000
3914.05000
3928.20000
3942.65000
3957.42500
3972.40000
3987.87500
4004.45000
4020.45000
4036.45000
4053.17500
4146.15000
4159.55000
4173.05000
4186.55000
4200.27500
4214.22500
4228.42500
4242.92500
4257.77500
4272.82500
4288.50000
4304.60000
4320.65000
4336.55000
4352.70000
4369.35000
4387.67500
4446.15000
4459.60000
4473.12500
4486.65000
4500.42500
4514.40000
4528.65000
4543.22500
4558.00000
4573.15000
4588.90000
4605.47500
4621.30000
4637.20000
4653.65000
4670.30000
4746.17500
4759.65000
4773.20000
4786.75000
4800.55000
4814.60000
4828.90000
4843.52500
4858.35000
4873.60000
4889.60000
4905.25000
4921.42500
4937.60000
4954.40000
4971.67500
5046.20000
5059.70000
5073.27500
5086.85000
5100.70000
5114.77500
5129.12500
5143.80000
5158.70000
5174.05000
5190.37500
5206.07500
5346.20000
5359.72500
5373.32500
5386.92500
5400.80000
5414.90000
5429.30000
5444.05000
5459.00000
5474.52500
5646.22500
5659.75000
5673.37500
5687.00000
5700.87500
5715.00000
5729.42500
5744.22500
5759.25000
5774.62500
5790.67500
5806.97500
5823.15000
5839.75000
5856.50000
5946.22500
5959.77500
5973.42500
5987.07500
6001.00000
6015.17500
6029.65000
6044.52500
6059.50000
6074.77500
6090.35000
6246.25000
6259.80000
6273.47500
6287.15000
6301.10000
6315.30000
6329.82500
6344.75000
6359.80000
6375.37500
6391.00000
6408.07500
6424.22500
6441.27500
6458.47500
6546.25000
6559.85000
6573.55000
6587.25000
6601.22500
6615.47500
6630.05000
6645.05000
6660.15000
6675.90000
6691.65000
6846.27500
6859.87500
6873.60000
6887.30000
6901.30000
6915.60000
6930.22500
6945.27500
6960.45000
6976.40000
6992.20000
7008.00000
7024.30000
7146.27500
7159.92500
7173.65000
7187.37500
7201.42500
7215.75000
7230.42500
7245.35000
7260.60000
7276.80000
7292.82500
7308.72500
7325.22500
7446.30000
7459.95000
7473.70000
7487.45000
7501.52500
7515.87500
7530.62500
7545.57500
7560.75000
7576.45000
7592.30000
7608.20000
7624.52500
7641.57500
7746.30000
7759.97500
7773.77500
7787.55000
7801.65000
7816.05000
7830.82500
7845.75000
7860.95000
7876.55000
7892.60000
7908.67500
7925.15000
8046.32500
8060.02500
8073.82500
8087.62500
8101.75000
8116.17500
8131.02500
8146.00000
8161.30000
8176.90000
8193.45000
8209.32500
8226.12500
8243.27500
8346.32500
8360.05000
8373.87500
8387.70000
8401.87500
8416.35000
8431.25000
8446.27500
8461.65000
8477.35000
8493.65000
8510.52500
8646.35000
8660.07500
8673.92500
8687.77500
8701.97500
8716.50000
8731.47500
8746.57500
8761.97500
8777.82500
8794.35000
8810.90000
8946.35000
8960.10000
8973.97500
8987.85000
9002.07500
9016.65000
9031.67500
9046.85000
9062.80000
9078.62500
9094.60000
9110.95000
9246.37500
9260.15000
9274.02500
9287.92500
9302.17500
9316.77500
9331.87500
9347.10000
9363.57500
9379.47500
9395.37500
9411.82500
9546.37500
9560.17500
9574.07500
9587.97500
9602.27500
9616.90000
9631.95000
9647.27500
9663.15000
9679.27500
9695.55000
9846.37500
9860.20000
9874.12500
9888.05000
9902.35000
9917.05000
9932.00000
9947.17500
9962.95000
9978.72500
9994.57500

