$ Stimulation Interval(ms): 300
$ Delay(ms): 232.040561
$ Number of data : 493
$ TSTOP : 10000
236.80000
249.72500
262.62500
275.52500
288.50000
301.65000
314.95000
328.37500
341.97500
355.72500
369.65000
383.80000
398.20000
412.85000
427.75000
442.90000
458.50000
474.65000
490.97500
507.60000
524.97500
539.12500
552.15000
565.15000
578.15000
591.25000
604.52500
617.92500
631.47500
645.20000
659.10000
673.25000
687.62500
702.27500
717.20000
732.40000
748.05000
764.37500
780.77500
798.12500
839.47500
852.37500
865.40000
878.42500
891.57500
904.87500
918.32500
931.92500
945.70000
959.65000
973.87500
988.32500
1003.07500
1018.12500
1033.52500
1049.45000
1065.62500
1082.12500
1098.90000
1139.47500
1152.42500
1165.50000
1178.55000
1191.77500
1205.12500
1218.62500
1232.27500
1246.12500
1260.17500
1274.50000
1289.07500
1303.97500
1319.20000
1334.72500
1350.62500
1366.62500
1382.85000
1399.62500
1439.47500
1452.47500
1465.57500
1478.67500
1491.92500
1505.32500
1518.87500
1532.57500
1546.47500
1560.60000
1575.00000
1589.70000
1604.70000
1620.10000
1636.00000
1652.30000
1668.60000
1685.25000
1739.62500
1752.65000
1765.80000
1778.95000
1792.25000
1805.70000
1819.30000
1833.07500
1847.02500
1861.22500
1875.70000
1890.50000
1905.65000
1921.30000
1937.25000
1953.25000
1969.42500
1986.10000
2039.65000
2052.70000
2065.90000
2079.07500
2092.40000
2105.90000
2119.52500
2133.35000
2147.37500
2161.65000
2176.22500
2191.10000
2206.40000
2222.20000
2238.17500
2254.02500
2270.22500
2287.67500
2339.67500
2352.75000
2365.97500
2379.17500
2392.55000
2406.07500
2419.77500
2433.62500
2447.70000
2462.05000
2476.70000
2491.70000
2506.97500
2522.60000
2538.52500
2554.92500
2572.20000
2639.70000
2652.82500
2666.07500
2679.32500
2692.72500
2706.27500
2720.00000
2733.92500
2748.05000
2762.45000
2777.17500
2792.27500
2807.70000
2823.45000
2839.20000
2855.25000
2872.52500
2889.52500
2939.72500
2952.87500
2966.15000
2979.42500
2992.87500
3006.47500
3020.22500
3034.20000
3048.37500
3062.87500
3077.70000
3092.82500
3108.40000
3124.27500
3140.15000
3156.60000
3239.75000
3252.92500
3266.22500
3279.52500
3293.00000
3306.65000
3320.42500
3334.42500
3348.67500
3363.22500
3378.12500
3393.37500
3409.05000
3424.80000
3440.85000
3458.12500
3539.77500
3552.97500
3566.30000
3579.62500
3593.15000
3606.80000
3620.62500
3634.67500
3648.97500
3663.60000
3678.60000
3693.92500
3709.67500
3725.50000
3741.52500
3758.22500
3839.77500
3853.02500
3866.37500
3879.75000
3893.27500
3906.97500
3920.82500
3934.92500
3949.27500
3963.97500
3979.05000
3994.52500
4010.22500
4026.35000
4042.57500
4059.47500
4139.80000
4153.05000
4166.45000
4179.82500
4193.40000
4207.12500
4221.02500
4235.15000
4249.57500
4264.32500
4279.52500
4295.10000
4310.85000
4326.80000
4343.67500
4439.82500
4453.10000
4466.52500
4479.92500
4493.52500
4507.27500
4521.20000
4535.37500
4549.85000
4564.65000
4579.92500
4595.65000
4611.32500
4627.35000
4644.22500
4739.82500
4753.15000
4766.57500
4780.02500
4793.62500
4807.40000
4821.37500
4835.60000
4850.10000
4865.00000
4880.37500
4896.30000
4912.17500
4928.05000
4944.80000
5039.85000
5053.17500
5066.65000
5080.10000
5093.75000
5107.55000
5121.55000
5135.80000
5150.37500
5165.35000
5180.85000
5197.02500
5213.22500
5229.37500
5339.87500
5353.22500
5366.70000
5380.17500
5393.85000
5407.67500
5421.70000
5436.00000
5450.65000
5465.67500
5481.30000
5497.30000
5514.42500
5531.07500
5639.87500
5653.25000
5666.75000
5680.25000
5693.95000
5707.80000
5721.87500
5736.20000
5750.90000
5766.02500
5781.62500
5798.20000
5814.35000
5830.65000
5848.20000
5939.90000
5953.30000
5966.82500
5980.35000
5994.05000
6007.95000
6022.05000
6036.42500
6051.17500
6066.32500
6081.87500
6097.82500
6113.97500
6130.77500
6239.90000
6253.32500
6266.87500
6280.42500
6294.15000
6308.07500
6322.20000
6336.62500
6351.42500
6366.65000
6382.30000
6397.90000
6414.07500
6539.92500
6553.35000
6566.92500
6580.47500
6594.25000
6608.17500
6622.35000
6636.80000
6651.67500
6666.97500
6682.72500
6698.50000
6714.52500
6839.92500
6853.37500
6866.97500
6880.55000
6894.32500
6908.30000
6922.50000
6937.00000
6951.92500
6967.30000
6982.85000
6998.82500
7139.95000
7153.42500
7167.02500
7180.62500
7194.40000
7208.40000
7222.62500
7237.17500
7252.15000
7267.57500
7283.15000
7299.35000
7439.95000
7453.45000
7467.07500
7480.67500
7494.50000
7508.50000
7522.75000
7537.35000
7552.40000
7567.90000
7583.47500
7599.35000
7615.72500
7632.50000
7739.97500
7753.47500
7767.12500
7780.75000
7794.60000
7808.62500
7822.92500
7837.57500
7852.60000
7868.25000
7883.77500
7899.77500
7916.47500
7933.12500
8039.97500
8053.50000
8067.17500
8080.82500
8094.70000
8108.75000
8123.07500
8137.77500
8152.90000
8168.47500
8184.22500
8200.00000
8216.25000
8232.70000
8340.00000
8353.55000
8367.22500
8380.90000
8394.80000
8408.87500
8423.25000
8438.00000
8453.20000
8468.90000
8484.65000
8500.75000
8640.00000
8653.57500
8667.27500
8680.95000
8694.87500
8709.00000
8723.37500
8738.17500
8753.45000
8769.30000
8785.00000
8801.07500
8940.02500
8953.60000
8967.32500
8981.02500
8994.95000
9009.10000
9023.52500
9038.37500
9053.70000
9069.42500
9085.45000
9240.02500
9253.62500
9267.35000
9281.07500
9295.02500
9309.17500
9323.65000
9338.55000
9353.95000
9369.57500
9385.80000
9540.02500
9553.65000
9567.40000
9581.12500
9595.10000
9609.27500
9623.77500
9638.72500
9654.17500
9669.72500
9685.70000
9840.05000
9853.67500
9867.42500
9881.17500
9895.15000
9909.37500
9923.90000
9938.87500
9954.42500
9970.00000
9986.27500

