$ Stimulation Interval(ms): 300
$ Delay(ms): 202.318007
$ Number of data : 436
$ TSTOP : 10000
207.02500
219.82500
232.57500
245.35000
258.37500
271.55000
284.90000
298.40000
312.07500
325.95000
340.00000
354.25000
368.75000
383.50000
398.55000
413.92500
429.57500
445.60000
461.95000
509.77500
522.67500
535.55000
548.42500
561.55000
574.85000
588.30000
601.92500
615.75000
629.77500
644.02500
658.50000
673.25000
688.30000
703.60000
719.25000
735.25000
751.55000
809.85000
822.72500
835.62500
848.55000
861.77500
875.12500
888.67500
902.40000
916.32500
930.42500
944.75000
959.27500
974.02500
989.05000
1004.42500
1020.20000
1036.87500
1109.82500
1122.67500
1135.55000
1148.50000
1161.75000
1175.17500
1188.75000
1202.52500
1216.50000
1230.65000
1245.05000
1259.70000
1274.65000
1289.90000
1305.52500
1321.52500
1337.85000
1355.87500
1409.85000
1422.82500
1435.75000
1448.75000
1462.05000
1475.52500
1489.17500
1503.02500
1517.05000
1531.30000
1545.77500
1560.55000
1575.60000
1590.97500
1606.70000
1622.85000
1639.37500
1709.85000
1722.80000
1735.75000
1748.80000
1762.12500
1775.65000
1789.35000
1803.25000
1817.32500
1831.65000
1846.22500
1861.07500
1876.25000
1891.82500
1907.67500
1924.35000
2009.90000
2022.87500
2035.85000
2048.92500
2062.30000
2075.87500
2089.62500
2103.57500
2117.72500
2132.10000
2146.75000
2161.70000
2176.97500
2192.62500
2208.65000
2226.82500
2309.95000
2322.92500
2335.92500
2349.02500
2362.45000
2376.05000
2389.85000
2403.85000
2418.07500
2432.50000
2447.22500
2462.27500
2477.65000
2493.45000
2509.75000
2609.95000
2622.92500
2635.97500
2649.10000
2662.57500
2676.20000
2690.05000
2704.10000
2718.35000
2732.85000
2747.65000
2762.77500
2778.22500
2794.10000
2811.00000
2910.00000
2923.00000
2936.05000
2949.22500
2962.72500
2976.40000
2990.27500
3004.37500
3018.67500
3033.25000
3048.12500
3063.32500
3078.87500
3094.90000
3210.00000
3223.00000
3236.10000
3249.27500
3262.80000
3276.52500
3290.45000
3304.57500
3318.95000
3333.57500
3348.50000
3363.82500
3379.50000
3395.75000
3510.00000
3523.05000
3536.15000
3549.37500
3562.92500
3576.67500
3590.65000
3604.82500
3619.25000
3633.92500
3648.95000
3664.35000
3680.12500
3696.72500
3809.97500
3823.02500
3836.15000
3849.37500
3862.97500
3876.75000
3890.75000
3904.97500
3919.45000
3934.20000
3949.30000
3964.77500
3980.75000
4109.97500
4123.02500
4136.17500
4149.42500
4163.05000
4176.87500
4190.90000
4205.17500
4219.70000
4234.50000
4249.67500
4265.25000
4281.42500
4409.97500
4423.05000
4436.22500
4449.50000
4463.15000
4477.00000
4491.07500
4505.37500
4519.95000
4534.82500
4550.07500
4565.70000
4581.97500
4710.00000
4723.10000
4736.30000
4749.60000
4763.27500
4777.15000
4791.27500
4805.62500
4820.22500
4835.15000
4850.47500
4866.20000
4882.70000
5010.00000
5023.12500
5036.32500
5049.65000
5063.37500
5077.27500
5091.42500
5105.82500
5120.47500
5135.47500
5150.87500
5166.72500
5183.72500
5310.02500
5323.15000
5336.37500
5349.72500
5363.47500
5377.40000
5391.60000
5406.02500
5420.75000
5435.80000
5451.30000
5467.30000
5610.02500
5623.17500
5636.42500
5649.80000
5663.55000
5677.52500
5691.75000
5706.22500
5720.97500
5736.07500
5751.67500
5767.85000
5910.05000
5923.22500
5936.47500
5949.87500
5963.65000
5977.65000
5991.90000
6006.42500
6021.22500
6036.40000
6052.07500
6068.22500
6210.05000
6223.25000
6236.52500
6249.92500
6263.75000
6277.77500
6292.05000
6306.60000
6321.47500
6336.70000
6352.50000
6368.82500
6510.07500
6523.27500
6536.57500
6550.00000
6563.82500
6577.90000
6592.20000
6606.80000
6621.72500
6637.00000
6652.95000
6669.52500
6810.07500
6823.30000
6836.62500
6850.07500
6863.92500
6878.00000
6892.35000
6907.00000
6921.95000
6937.32500
6953.30000
7110.10000
7123.32500
7136.65000
7150.12500
7164.00000
7178.12500
7192.50000
7207.17500
7222.17500
7237.60000
7253.60000
7410.10000
7423.35000
7436.70000
7450.17500
7464.07500
7478.22500
7492.62500
7507.35000
7522.40000
7537.90000
7554.05000
7710.10000
7723.37500
7736.72500
7750.22500
7764.17500
7778.32500
7792.77500
7807.52500
7822.62500
7838.20000
7854.27500
8010.12500
8023.40000
8036.77500
8050.30000
8064.25000
8078.42500
8092.90000
8107.70000
8122.85000
8138.50000
8154.70000
8310.12500
8323.42500
8336.82500
8350.35000
8364.32500
8378.55000
8393.05000
8407.87500
8423.07500
8438.82500
8455.17500
8610.15000
8623.45000
8636.85000
8650.40000
8664.40000
8678.65000
8693.17500
8708.05000
8723.32500
8739.15000
8755.75000
8910.15000
8923.47500
8936.90000
8950.45000
8964.47500
8978.75000
8993.32500
9008.22500
9023.55000
9039.50000
9056.60000
9210.15000
9223.50000
9236.92500
9250.52500
9264.55000
9278.85000
9293.45000
9308.40000
9323.77500
9339.90000
9510.17500
9523.52500
9536.95000
9550.57500
9564.62500
9578.95000
9593.57500
9608.55000
9623.97500
9640.40000
9810.17500
9823.55000
9837.00000
9850.60000
9864.70000
9879.05000
9893.70000
9908.72500
9924.17500
9940.45000

