$ Stimulation Interval(ms): 300
$ Delay(ms): 240.963458
$ Number of data : 476
$ TSTOP : 10000
245.77500
258.82500
271.82500
284.82500
297.92500
311.17500
324.60000
338.17500
351.90000
365.82500
379.95000
394.35000
409.00000
423.87500
438.95000
454.27500
469.87500
486.05000
502.60000
519.37500
547.92500
560.92500
573.97500
587.05000
600.22500
613.57500
627.05000
640.72500
654.60000
668.70000
683.02500
697.57500
712.35000
727.30000
742.60000
758.42500
774.27500
790.45000
807.25000
848.42500
861.47500
874.60000
887.72500
901.00000
914.45000
928.05000
941.80000
955.77500
969.95000
984.30000
998.95000
1013.85000
1028.95000
1044.52500
1060.30000
1076.37500
1093.12500
1148.52500
1161.60000
1174.77500
1187.97500
1201.30000
1214.80000
1228.47500
1242.30000
1256.35000
1270.62500
1285.10000
1299.87500
1315.02500
1330.40000
1346.07500
1362.12500
1378.25000
1395.10000
1448.55000
1461.67500
1474.87500
1488.10000
1501.47500
1515.00000
1528.72500
1542.60000
1556.70000
1571.05000
1585.62500
1600.47500
1615.50000
1630.90000
1646.70000
1662.50000
1678.62500
1695.15000
1712.45000
1748.62500
1761.80000
1775.05000
1788.30000
1801.75000
1815.32500
1829.10000
1843.02500
1857.20000
1871.65000
1886.30000
1901.22500
1916.32500
1931.85000
1948.05000
1963.95000
1980.57500
2048.60000
2061.80000
2075.07500
2088.37500
2101.82500
2115.45000
2129.25000
2143.25000
2157.47500
2171.90000
2186.62500
2201.57500
2216.82500
2232.67500
2248.45000
2264.50000
2281.52500
2348.62500
2361.85000
2375.17500
2388.50000
2402.00000
2415.65000
2429.50000
2443.52500
2457.82500
2472.32500
2487.12500
2502.10000
2517.42500
2533.17500
2549.42500
2565.77500
2648.65000
2661.90000
2675.27500
2688.62500
2702.15000
2715.85000
2729.75000
2743.85000
2758.20000
2772.77500
2787.65000
2802.70000
2818.12500
2833.72500
2849.57500
2866.25000
2948.67500
2961.95000
2975.35000
2988.72500
3002.30000
3016.02500
3029.95000
3044.07500
3058.47500
3073.12500
3087.95000
3103.15000
3118.82500
3134.60000
3150.50000
3166.87500
3183.60000
3248.67500
3262.02500
3275.42500
3288.85000
3302.45000
3316.20000
3330.17500
3344.37500
3358.82500
3373.55000
3388.45000
3403.67500
3419.60000
3435.35000
3451.90000
3548.70000
3562.05000
3575.50000
3588.95000
3602.57500
3616.37500
3630.37500
3644.62500
3659.15000
3673.92500
3688.90000
3704.22500
3719.90000
3735.55000
3751.82500
3848.72500
3862.10000
3875.57500
3889.05000
3902.70000
3916.55000
3930.57500
3944.85000
3959.42500
3974.27500
3989.32500
4004.77500
4020.62500
4036.90000
4148.75000
4162.15000
4175.65000
4189.12500
4202.82500
4216.67500
4230.77500
4245.07500
4259.72500
4274.62500
4289.77500
4305.22500
4320.95000
4337.10000
4448.75000
4462.17500
4475.70000
4489.22500
4502.92500
4516.82500
4530.92500
4545.30000
4559.90000
4574.85000
4590.02500
4605.90000
4621.62500
4638.22500
4748.77500
4762.22500
4775.77500
4789.30000
4803.05000
4816.97500
4831.12500
4845.52500
4860.17500
4875.20000
4890.62500
4906.20000
4921.90000
4938.20000
5048.80000
5062.27500
5075.82500
5089.40000
5103.15000
5117.10000
5131.27500
5145.72500
5160.45000
5175.52500
5191.10000
5206.62500
5222.50000
5239.00000
5257.02500
5273.97500
5348.80000
5362.30000
5375.90000
5389.50000
5403.30000
5417.27500
5431.50000
5446.00000
5460.77500
5475.95000
5491.72500
5507.57500
5523.47500
5539.75000
5556.67500
5648.82500
5662.35000
5675.97500
5689.60000
5703.40000
5717.42500
5731.70000
5746.25000
5761.07500
5776.25000
5791.85000
5807.55000
5823.65000
5948.82500
5962.40000
5976.02500
5989.67500
6003.52500
6017.57500
6031.87500
6046.45000
6061.27500
6076.40000
6092.00000
6107.62500
6123.97500
6248.85000
6262.42500
6276.10000
6289.75000
6303.62500
6317.70000
6332.02500
6346.67500
6361.52500
6376.77500
6392.22500
6408.32500
6548.87500
6562.45000
6576.15000
6589.80000
6603.70000
6617.80000
6632.17500
6646.87500
6661.77500
6677.07500
6692.65000
6708.35000
6724.25000
6740.57500
6757.72500
6848.87500
6862.50000
6876.20000
6889.90000
6903.82500
6917.97500
6932.37500
6947.12500
6962.05000
6977.42500
6992.97500
7009.20000
7148.90000
7162.52500
7176.25000
7189.97500
7203.92500
7218.07500
7232.52500
7247.22500
7262.22500
7277.75000
7293.45000
7309.92500
7448.90000
7462.55000
7476.30000
7490.02500
7504.00000
7518.20000
7532.67500
7547.40000
7562.37500
7577.82500
7593.62500
7609.50000
7626.75000
7748.92500
7762.60000
7776.37500
7790.10000
7804.10000
7818.32500
7832.82500
7847.52500
7862.55000
7878.10000
7893.97500
7910.20000
8048.92500
8062.62500
8076.40000
8090.17500
8104.17500
8118.42500
8132.97500
8147.72500
8162.80000
8178.45000
8194.02500
8210.12500
8348.95000
8362.65000
8376.45000
8390.25000
8404.27500
8418.55000
8433.12500
8447.90000
8463.05000
8478.80000
8494.87500
8511.25000
8648.95000
8662.67500
8676.50000
8690.30000
8704.35000
8718.65000
8733.27500
8748.10000
8763.30000
8778.85000
8795.25000
8948.95000
8962.72500
8976.55000
8990.35000
9004.42500
9018.77500
9033.40000
9048.27500
9063.57500
9079.12500
9096.02500
9112.27500
9129.87500
9248.97500
9262.75000
9276.60000
9290.42500
9304.52500
9318.87500
9333.57500
9348.50000
9363.92500
9379.57500
9396.10000
9548.97500
9562.77500
9576.65000
9590.50000
9604.60000
9619.00000
9633.77500
9648.70000
9664.07500
9679.75000
9695.70000
9849.00000
9862.80000
9876.67500
9890.55000
9904.67500
9919.10000
9933.77500
9948.72500
9964.17500
9980.57500

