$ Stimulation Interval(ms): 300
$ Delay(ms): 213.753134
$ Number of data : 481
$ TSTOP : 10000
218.45000
231.25000
244.00000
256.87500
269.85000
282.95000
296.22500
309.62500
323.20000
336.95000
350.87500
365.00000
379.30000
393.85000
408.65000
423.67500
438.95000
454.55000
470.52500
486.92500
521.57500
534.27500
547.10000
560.05000
573.10000
586.32500
599.70000
613.25000
626.95000
640.85000
654.95000
669.27500
683.82500
698.62500
713.75000
729.15000
744.95000
761.47500
821.25000
834.02500
846.92500
859.92500
873.07500
886.35000
899.80000
913.40000
927.17500
941.15000
955.30000
969.70000
984.32500
999.22500
1014.37500
1029.82500
1045.62500
1062.45000
1121.22500
1134.00000
1146.90000
1159.95000
1173.12500
1186.45000
1199.92500
1213.60000
1227.45000
1241.47500
1255.72500
1270.20000
1284.92500
1299.97500
1315.30000
1331.05000
1347.65000
1364.27500
1421.30000
1434.10000
1447.05000
1460.12500
1473.32500
1486.70000
1500.25000
1513.95000
1527.85000
1541.95000
1556.27500
1570.82500
1585.67500
1600.82500
1616.20000
1631.90000
1648.02500
1664.80000
1721.27500
1734.12500
1747.10000
1760.20000
1773.45000
1786.87500
1800.47500
1814.22500
1828.17500
1842.32500
1856.72500
1871.35000
1886.27500
1901.42500
1916.87500
1932.60000
1948.70000
1965.25000
2021.32500
2034.20000
2047.20000
2060.35000
2073.62500
2087.07500
2100.70000
2114.52500
2128.52500
2142.72500
2157.17500
2171.90000
2186.92500
2202.17500
2217.75000
2233.62500
2250.05000
2267.37500
2321.32500
2334.22500
2347.27500
2360.45000
2373.77500
2387.27500
2400.95000
2414.80000
2428.85000
2443.15000
2457.65000
2472.47500
2487.62500
2503.02500
2518.75000
2535.22500
2621.37500
2634.30000
2647.35000
2660.55000
2673.92500
2687.45000
2701.17500
2715.07500
2729.20000
2743.52500
2758.12500
2772.95000
2788.07500
2803.55000
2819.25000
2835.20000
2852.00000
2921.37500
2934.32500
2947.42500
2960.65000
2974.05000
2987.62500
3001.37500
3015.32500
3029.47500
3043.87500
3058.52500
3073.40000
3088.62500
3104.17500
3120.30000
3136.55000
3153.97500
3221.37500
3234.37500
3247.47500
3260.75000
3274.17500
3287.77500
3301.57500
3315.57500
3329.77500
3344.22500
3358.95000
3373.90000
3389.22500
3404.87500
3420.85000
3437.40000
3521.40000
3534.40000
3547.55000
3560.85000
3574.30000
3587.95000
3601.77500
3615.82500
3630.07500
3644.57500
3659.35000
3674.40000
3689.80000
3705.40000
3721.45000
3737.90000
3821.42500
3834.45000
3847.62500
3860.92500
3874.42500
3888.10000
3901.97500
3916.05000
3930.35000
3944.90000
3959.67500
3974.80000
3990.25000
4006.17500
4022.30000
4039.50000
4121.45000
4134.47500
4147.70000
4161.02500
4174.55000
4188.27500
4202.17500
4216.27500
4230.62500
4245.25000
4260.10000
4275.27500
4290.82500
4307.02500
4324.15000
4421.45000
4434.52500
4447.75000
4461.12500
4474.67500
4488.40000
4502.35000
4516.50000
4530.90000
4545.57500
4560.50000
4575.80000
4591.47500
4607.50000
4624.47500
4721.47500
4734.57500
4747.82500
4761.20000
4774.77500
4788.55000
4802.52500
4816.72500
4831.17500
4845.90000
4860.90000
4876.27500
4891.85000
4908.00000
5021.47500
5034.60000
5047.87500
5061.27500
5074.90000
5088.67500
5102.70000
5116.92500
5131.40000
5146.17500
5161.22500
5176.65000
5192.30000
5208.32500
5224.77500
5321.50000
5334.62500
5347.92500
5361.37500
5375.00000
5388.82500
5402.87500
5417.15000
5431.67500
5446.47500
5461.60000
5477.12500
5493.05000
5509.40000
5526.50000
5621.52500
5634.67500
5648.00000
5661.45000
5675.12500
5688.97500
5703.05000
5717.37500
5731.95000
5746.82500
5762.05000
5777.47500
5793.47500
5809.97500
5921.52500
5934.70000
5948.05000
5961.52500
5975.22500
5989.10000
6003.22500
6017.57500
6032.17500
6047.12500
6062.42500
6078.00000
6094.07500
6110.50000
6221.55000
6234.72500
6248.10000
6261.60000
6275.32500
6289.25000
6303.37500
6317.75000
6332.42500
6347.40000
6362.77500
6378.42500
6394.67500
6521.55000
6534.77500
6548.15000
6561.67500
6575.40000
6589.35000
6603.52500
6617.95000
6632.62500
6647.67500
6663.10000
6678.82500
6694.92500
6711.42500
6821.57500
6834.80000
6848.20000
6861.75000
6875.50000
6889.47500
6903.70000
6918.15000
6932.87500
6947.90000
6963.37500
6979.67500
7121.57500
7134.82500
7148.25000
7161.82500
7175.60000
7189.60000
7203.82500
7218.30000
7233.07500
7248.17500
7263.77500
7280.47500
7421.60000
7434.85000
7448.30000
7461.87500
7475.67500
7489.70000
7503.95000
7518.47500
7533.30000
7548.42500
7564.15000
7721.60000
7734.87500
7748.32500
7761.92500
7775.75000
7789.80000
7804.07500
7818.62500
7833.47500
7848.67500
7864.45000
8021.62500
8034.90000
8048.37500
8061.97500
8075.82500
8089.90000
8104.20000
8118.77500
8133.65000
8148.90000
8164.47500
8180.57500
8321.62500
8334.92500
8348.42500
8362.05000
8375.90000
8390.00000
8404.32500
8418.92500
8433.85000
8449.15000
8464.77500
8481.02500
8621.62500
8634.95000
8648.45000
8662.10000
8676.00000
8690.10000
8704.45000
8719.07500
8734.02500
8749.37500
8765.07500
8781.17500
8921.65000
8934.97500
8948.50000
8962.17500
8976.07500
8990.20000
9004.60000
9019.25000
9034.22500
9049.60000
9065.70000
9083.15000
9221.65000
9235.00000
9248.55000
9262.22500
9276.15000
9290.32500
9304.72500
9319.42500
9334.45000
9349.90000
9366.10000
9521.67500
9535.02500
9548.57500
9562.27500
9576.22500
9590.42500
9604.85000
9619.57500
9634.65000
9650.17500
9666.87500
9821.67500
9835.05000
9848.62500
9862.32500
9876.30000
9890.50000
9904.97500
9919.72500
9934.87500
9950.57500

