$ Stimulation Interval(ms): 300
$ Delay(ms): 242.581014
$ Number of data : 501
$ TSTOP : 10000
247.42500
260.52500
273.57500
286.60000
299.75000
313.02500
326.47500
340.10000
353.92500
367.92500
382.12500
396.55000
411.25000
426.17500
441.40000
456.87500
472.70000
488.92500
505.55000
522.15000
549.72500
562.82500
575.95000
589.05000
602.30000
615.72500
629.32500
643.10000
657.07500
671.22500
685.57500
700.25000
715.25000
730.45000
745.97500
761.85000
778.57500
850.20000
863.30000
876.47500
889.65000
902.97500
916.45000
930.12500
943.97500
958.02500
972.27500
986.67500
1001.32500
1016.20000
1031.32500
1046.65000
1062.22500
1078.07500
1094.35000
1111.37500
1150.15000
1163.30000
1176.52500
1189.72500
1203.10000
1216.62500
1230.35000
1244.30000
1258.42500
1272.75000
1287.25000
1302.00000
1316.95000
1332.22500
1347.82500
1363.60000
1379.37500
1395.50000
1412.35000
1450.22500
1463.40000
1476.67500
1489.92500
1503.35000
1516.92500
1530.72500
1544.72500
1558.92500
1573.32500
1587.90000
1602.80000
1617.95000
1633.32500
1648.80000
1664.42500
1680.25000
1696.35000
1712.95000
1750.27500
1763.52500
1776.82500
1790.12500
1803.57500
1817.22500
1831.07500
1845.15000
1859.40000
1873.90000
1888.60000
1903.55000
1918.70000
1933.92500
1949.52500
1965.07500
1980.97500
1997.17500
2013.95000
2050.37500
2063.65000
2077.00000
2090.35000
2103.87500
2117.57500
2131.50000
2145.65000
2160.00000
2174.55000
2189.40000
2204.57500
2220.12500
2235.57500
2251.17500
2266.90000
2283.05000
2299.85000
2350.35000
2363.65000
2377.05000
2390.42500
2403.97500
2417.72500
2431.70000
2445.87500
2460.30000
2474.87500
2489.80000
2504.80000
2520.12500
2535.72500
2551.45000
2567.27500
2583.55000
2600.17500
2650.37500
2663.70000
2677.15000
2690.55000
2704.15000
2717.95000
2731.97500
2746.22500
2760.67500
2775.30000
2790.20000
2805.27500
2820.45000
2835.77500
2851.40000
2867.47500
2884.22500
2901.65000
2950.40000
2963.77500
2977.25000
2990.70000
3004.35000
3018.20000
3032.27500
3046.57500
3061.12500
3075.82500
3090.72500
3105.92500
3121.37500
3136.87500
3152.60000
3168.67500
3185.02500
3201.92500
3250.42500
3263.85000
3277.35000
3290.82500
3304.52500
3318.42500
3332.55000
3346.90000
3361.52500
3376.30000
3391.27500
3406.55000
3422.07500
3437.80000
3453.87500
3470.32500
3487.05000
3550.45000
3563.87500
3577.42500
3590.92500
3604.67500
3618.60000
3632.77500
3647.20000
3661.87500
3676.70000
3691.77500
3706.95000
3722.35000
3737.77500
3753.52500
3769.67500
3786.12500
3803.75000
3850.47500
3863.95000
3877.52500
3891.07500
3904.85000
3918.85000
3933.07500
3947.55000
3962.25000
3977.17500
3992.37500
4007.87500
4023.72500
4039.55000
4055.77500
4072.85000
4090.22500
4150.47500
4164.00000
4177.60000
4191.17500
4204.97500
4219.02500
4233.30000
4247.82500
4262.57500
4277.57500
4292.85000
4308.55000
4324.47500
4340.92500
4450.50000
4464.02500
4477.65000
4491.25000
4505.10000
4519.17500
4533.47500
4548.02500
4562.77500
4577.80000
4593.07500
4608.60000
4624.32500
4640.37500
4656.82500
4673.82500
4750.52500
4764.07500
4777.72500
4791.37500
4805.25000
4819.35000
4833.70000
4848.30000
4863.07500
4878.20000
4893.50000
4908.95000
4924.45000
4940.32500
4956.57500
4973.27500
5050.52500
5064.12500
5077.80000
5091.47500
5105.37500
5119.52500
5133.92500
5148.60000
5163.42500
5178.65000
5194.02500
5209.52500
5225.25000
5241.27500
5257.72500
5274.75000
5350.55000
5364.17500
5377.87500
5391.57500
5405.52500
5419.70000
5434.12500
5448.82500
5463.72500
5479.02500
5494.72500
5650.55000
5664.20000
5677.92500
5691.62500
5705.60000
5719.80000
5734.22500
5748.92500
5763.82500
5778.92500
5794.40000
5809.70000
5825.32500
5841.50000
5858.32500
5950.57500
5964.22500
5977.97500
5991.72500
6005.72500
6019.95000
6034.42500
6049.17500
6064.07500
6079.17500
6094.60000
6109.92500
6125.67500
6142.05000
6159.57500
6250.57500
6264.27500
6278.05000
6291.80000
6305.85000
6320.10000
6334.62500
6349.42500
6364.37500
6379.47500
6394.80000
6410.42500
6426.57500
6442.85000
6460.07500
6550.60000
6564.30000
6578.10000
6591.90000
6605.97500
6620.27500
6634.82500
6649.70000
6664.70000
6679.87500
6695.32500
6710.95000
6726.87500
6743.40000
6760.62500
6850.62500
6864.35000
6878.17500
6891.97500
6906.07500
6920.42500
6935.00000
6949.85000
6964.90000
6980.27500
6996.27500
7150.62500
7164.37500
7178.22500
7192.05000
7206.15000
7220.50000
7235.12500
7249.90000
7264.95000
7280.32500
7296.27500
7450.62500
7464.40000
7478.25000
7492.10000
7506.22500
7520.60000
7535.22500
7550.02500
7565.10000
7580.62500
7596.40000
7612.85000
7629.65000
7647.70000
7750.65000
7764.42500
7778.32500
7792.17500
7806.35000
7820.75000
7835.40000
7850.20000
7865.40000
7881.10000
7897.00000
7913.45000
7929.62500
8050.65000
8064.45000
8078.37500
8092.25000
8106.45000
8120.87500
8135.57500
8150.40000
8165.45000
8180.82500
8196.17500
8211.92500
8228.22500
8245.75000
8350.67500
8364.50000
8378.42500
8392.32500
8406.55000
8421.00000
8435.72500
8450.60000
8465.72500
8481.17500
8496.92500
8513.02500
8529.47500
8650.67500
8664.52500
8678.47500
8692.40000
8706.65000
8721.12500
8735.90000
8750.80000
8765.95000
8781.35000
8797.15000
8813.42500
8830.00000
8950.70000
8964.55000
8978.52500
8992.47500
9006.75000
9021.25000
9036.05000
9051.00000
9066.27500
9082.20000
9250.70000
9264.57500
9278.55000
9292.52500
9306.80000
9321.32500
9336.10000
9351.07500
9366.35000
9382.22500
9550.70000
9564.60000
9578.60000
9592.55000
9606.85000
9621.37500
9636.17500
9651.12500
9666.50000
9682.32500
9699.00000
9850.72500
9864.62500
9878.62500
9892.62500
9906.92500
9921.45000
9936.22500
9951.25000
9966.72500
9982.57500
9998.72500

