$ Stimulation Interval(ms): 300
$ Delay(ms): 246.472475
$ Number of data : 449
$ TSTOP : 10000
251.30000
264.32500
277.25000
290.20000
303.20000
316.35000
329.65000
343.15000
356.80000
370.67500
384.75000
399.07500
413.67500
428.60000
443.90000
459.75000
476.70000
493.20000
510.20000
526.52500
553.60000
566.57500
579.55000
592.52500
605.62500
618.87500
632.30000
645.92500
659.75000
673.77500
688.07500
702.62500
717.52500
732.80000
748.65000
766.30000
782.45000
799.15000
815.82500
832.75000
854.82500
867.80000
880.82500
893.82500
906.97500
920.27500
933.75000
947.42500
961.32500
975.45000
989.80000
1004.47500
1019.47500
1034.92500
1051.17500
1154.07500
1167.07500
1180.15000
1193.22500
1206.42500
1219.80000
1233.37500
1247.15000
1261.12500
1275.35000
1289.87500
1304.72500
1320.00000
1335.90000
1352.17500
1367.90000
1384.25000
1401.30000
1417.97500
1454.35000
1467.40000
1480.55000
1493.65000
1506.90000
1520.32500
1533.95000
1547.77500
1561.82500
1576.12500
1590.72500
1605.67500
1621.07500
1637.32500
1754.15000
1767.22500
1780.37500
1793.50000
1806.80000
1820.27500
1833.95000
1847.82500
1861.95000
1876.35000
1891.10000
1906.22500
1922.07500
1938.80000
1954.67500
1971.40000
2054.17500
2067.30000
2080.47500
2093.62500
2106.95000
2120.47500
2134.20000
2148.12500
2162.32500
2176.82500
2191.65000
2206.95000
2223.05000
2239.70000
2255.87500
2272.02500
2288.62500
2305.62500
2354.20000
2367.35000
2380.57500
2393.75000
2407.12500
2420.70000
2434.47500
2448.47500
2462.72500
2477.30000
2492.25000
2507.55000
2523.62500
2539.65000
2654.22500
2667.40000
2680.62500
2693.85000
2707.25000
2720.85000
2734.67500
2748.72500
2763.05000
2777.70000
2792.75000
2808.25000
2824.40000
2840.95000
2856.87500
2874.07500
2890.72500
2907.37500
2954.27500
2967.45000
2980.72500
2993.97500
3007.42500
3021.07500
3034.92500
3049.05000
3063.45000
3078.17500
3093.27500
3109.02500
3254.27500
3267.47500
3280.75000
3294.05000
3307.52500
3321.20000
3335.10000
3349.25000
3363.70000
3378.55000
3393.77500
3409.77500
3425.70000
3441.57500
3458.22500
3474.95000
3491.77500
3508.52500
3554.30000
3567.55000
3580.87500
3594.17500
3607.67500
3621.40000
3635.35000
3649.57500
3664.10000
3679.05000
3694.42500
3710.47500
3854.30000
3867.55000
3880.90000
3894.22500
3907.77500
3921.52500
3935.50000
3949.77500
3964.37500
3979.40000
3994.95000
4154.30000
4167.60000
4180.95000
4194.30000
4207.85000
4221.65000
4235.67500
4249.97500
4264.62500
4279.77500
4295.52500
4312.05000
4327.77500
4344.60000
4361.72500
4379.40000
4454.32500
4467.62500
4481.02500
4494.40000
4508.00000
4521.82500
4535.87500
4550.25000
4564.95000
4580.17500
4596.07500
4612.02500
4627.92500
4644.25000
4661.60000
4677.90000
4694.67500
4754.35000
4767.67500
4781.07500
4794.50000
4808.12500
4822.00000
4836.10000
4850.52500
4865.32500
4880.70000
4897.02500
4914.22500
4930.07500
4946.10000
4962.12500
4979.70000
4997.30000
5054.37500
5067.72500
5081.15000
5094.60000
5108.27500
5122.17500
5136.35000
5150.82500
5165.72500
5181.27500
5354.37500
5367.75000
5381.20000
5394.65000
5408.35000
5422.27500
5436.47500
5451.00000
5465.97500
5481.70000
5654.37500
5667.77500
5681.25000
5694.72500
5708.42500
5722.37500
5736.62500
5751.20000
5766.25000
5781.87500
5798.40000
5814.32500
5830.85000
5846.75000
5863.02500
5879.67500
5954.40000
5967.80000
5981.30000
5994.80000
6008.55000
6022.55000
6036.82500
6051.47500
6066.62500
6082.32500
6254.40000
6267.82500
6281.35000
6294.87500
6308.65000
6322.65000
6336.97500
6351.67500
6366.92500
6382.82500
6554.42500
6567.85000
6581.37500
6594.92500
6608.72500
6622.75000
6637.10000
6651.87500
6667.20000
6683.37500
6854.42500
6867.87500
6881.42500
6894.97500
6908.80000
6922.87500
6937.25000
6952.07500
6967.50000
7154.42500
7167.90000
7181.45000
7195.02500
7208.87500
7222.97500
7237.40000
7252.25000
7267.72500
7454.45000
7467.92500
7481.50000
7495.07500
7508.95000
7523.05000
7537.52500
7552.45000
7567.97500
7583.75000
7599.25000
7615.12500
7631.12500
7647.47500
7664.02500
7754.45000
7767.95000
7781.55000
7795.17500
7809.05000
7823.22500
7837.72500
7852.70000
7868.37500
7884.45000
7899.97500
7915.90000
7932.02500
7948.02500
7964.70000
8054.47500
8068.00000
8081.62500
8095.25000
8109.17500
8123.37500
8137.95000
8153.00000
8168.62500
8184.80000
8200.22500
8215.95000
8231.75000
8248.32500
8265.47500
8354.50000
8368.02500
8381.67500
8395.35000
8409.30000
8423.52500
8438.17500
8453.32500
8469.15000
8485.52500
8502.07500
8518.25000
8534.97500
8551.17500
8654.50000
8668.07500
8681.72500
8695.42500
8709.40000
8723.67500
8738.37500
8753.62500
8769.77500
8954.50000
8968.07500
8981.77500
8995.47500
9009.47500
9023.77500
9038.52500
9053.87500
9254.52500
9268.10000
9281.80000
9295.52500
9309.52500
9323.87500
9338.65000
9354.12500
9554.52500
9568.12500
9581.82500
9595.55000
9609.60000
9623.95000
9638.80000
9654.32500
9670.50000
9686.62500
9703.65000
9719.85000
9735.67500
9752.32500
9854.52500
9868.15000
9881.90000
9895.62500
9909.70000
9924.10000
9938.97500
9954.60000
9969.95000
9986.10000

