$ Stimulation Interval(ms): 300
$ Delay(ms): 242.976241
$ Number of data : 504
$ TSTOP : 10000
247.75000
260.70000
273.60000
286.47500
299.45000
312.55000
325.82500
339.27500
352.92500
366.75000
380.77500
395.02500
409.55000
424.25000
439.22500
454.47500
469.97500
485.75000
501.62500
518.70000
535.45000
549.87500
562.90000
575.85000
588.80000
601.87500
615.12500
628.52500
642.12500
655.90000
669.87500
684.10000
698.55000
713.20000
728.10000
743.32500
758.97500
774.52500
790.15000
806.10000
822.67500
840.25000
853.17500
866.27500
879.30000
892.30000
905.47500
918.77500
932.17500
945.75000
959.50000
973.47500
987.65000
1002.05000
1016.77500
1031.82500
1047.30000
1062.92500
1078.97500
1095.90000
1150.55000
1163.50000
1176.55000
1189.57500
1202.77500
1216.12500
1229.67500
1243.40000
1257.35000
1271.52500
1285.87500
1300.47500
1315.37500
1330.60000
1346.12500
1362.35000
1378.40000
1394.80000
1411.25000
1450.47500
1463.50000
1476.57500
1489.65000
1502.90000
1516.30000
1529.90000
1543.72500
1557.72500
1571.97500
1586.42500
1601.12500
1616.12500
1631.42500
1647.02500
1662.60000
1678.32500
1694.52500
1711.67500
1750.52500
1763.57500
1776.70000
1789.80000
1803.10000
1816.55000
1830.22500
1844.07500
1858.17500
1872.47500
1887.00000
1901.80000
1916.87500
1932.25000
1947.92500
1963.57500
1979.50000
1995.95000
2013.20000
2050.60000
2063.67500
2076.85000
2090.00000
2103.32500
2116.85000
2130.55000
2144.47500
2158.62500
2172.95000
2187.55000
2202.45000
2217.65000
2233.22500
2248.72500
2264.52500
2280.42500
2296.85000
2350.62500
2363.75000
2376.92500
2390.12500
2403.50000
2417.05000
2430.80000
2444.80000
2459.00000
2473.40000
2488.10000
2503.07500
2518.37500
2533.82500
2549.47500
2565.27500
2581.62500
2650.65000
2663.80000
2677.02500
2690.25000
2703.65000
2717.25000
2731.05000
2745.07500
2759.35000
2773.82500
2788.60000
2803.65000
2819.00000
2834.55000
2850.32500
2866.25000
2882.95000
2900.02500
2950.67500
2963.85000
2977.10000
2990.35000
3003.80000
3017.45000
3031.30000
3045.37500
3059.70000
3074.25000
3089.07500
3104.20000
3119.60000
3135.15000
3150.90000
3167.05000
3184.42500
3250.70000
3263.90000
3277.17500
3290.47500
3303.95000
3317.62500
3331.52500
3345.67500
3360.05000
3374.65000
3389.55000
3404.75000
3420.22500
3435.95000
3451.82500
3468.42500
3486.72500
3550.72500
3563.95000
3577.25000
3590.57500
3604.10000
3617.82500
3631.75000
3645.95000
3660.37500
3675.05000
3690.02500
3705.27500
3720.62500
3736.17500
3752.05000
3768.65000
3850.72500
3864.00000
3877.32500
3890.67500
3904.22500
3918.00000
3931.97500
3946.20000
3960.70000
3975.42500
3990.45000
4005.67500
4021.25000
4036.87500
4053.10000
4150.75000
4164.02500
4177.40000
4190.77500
4204.35000
4218.15000
4232.17500
4246.45000
4261.00000
4275.75000
4290.82500
4306.05000
4321.62500
4337.45000
4353.60000
4370.52500
4388.57500
4450.77500
4464.07500
4477.47500
4490.87500
4504.47500
4518.32500
4532.40000
4546.72500
4561.27500
4576.12500
4591.27500
4606.70000
4622.37500
4638.22500
4654.97500
4750.77500
4764.12500
4777.52500
4790.95000
4804.60000
4818.47500
4832.57500
4846.95000
4861.55000
4876.45000
4891.65000
4906.95000
4922.40000
4938.20000
4954.70000
5050.80000
5064.15000
5077.60000
5091.05000
5104.72500
5118.62500
5132.77500
5147.20000
5161.82500
5176.80000
5192.02500
5207.35000
5223.20000
5239.50000
5350.80000
5364.17500
5377.65000
5391.12500
5404.82500
5418.77500
5432.95000
5447.42500
5462.10000
5477.10000
5492.30000
5507.77500
5523.55000
5539.82500
5650.82500
5664.22500
5677.70000
5691.20000
5704.95000
5718.92500
5733.15000
5747.65000
5762.37500
5777.35000
5792.55000
5807.95000
5823.57500
5839.82500
5856.65000
5950.85000
5964.25000
5977.77500
5991.30000
6005.05000
6019.07500
6033.32500
6047.87500
6062.60000
6077.57500
6092.77500
6108.22500
6124.12500
6141.12500
6250.85000
6264.30000
6277.82500
6291.37500
6305.17500
6319.20000
6333.50000
6348.10000
6362.87500
6377.95000
6393.20000
6408.85000
6425.00000
6550.87500
6564.32500
6577.87500
6591.45000
6605.27500
6619.32500
6633.67500
6648.30000
6663.10000
6678.20000
6693.52500
6709.32500
6725.32500
6742.62500
6850.87500
6864.35000
6877.92500
6891.52500
6905.37500
6919.47500
6933.85000
6948.50000
6963.35000
6978.42500
6993.75000
7009.40000
7025.62500
7150.90000
7164.40000
7178.00000
7191.60000
7205.47500
7219.60000
7234.02500
7248.67500
7263.57500
7278.72500
7294.10000
7309.82500
7326.27500
7450.90000
7464.42500
7478.05000
7491.67500
7505.57500
7519.75000
7534.17500
7548.87500
7563.75000
7578.85000
7594.35000
7610.15000
7626.30000
7642.80000
7750.90000
7764.45000
7778.10000
7791.75000
7805.67500
7819.87500
7834.35000
7849.02500
7863.97500
7879.12500
7894.67500
7910.77500
7927.07500
8050.92500
8064.47500
8078.15000
8091.82500
8105.77500
8120.00000
8134.52500
8149.22500
8164.20000
8179.37500
8194.75000
8210.45000
8227.27500
8244.05000
8350.92500
8364.52500
8378.20000
8391.90000
8405.87500
8420.15000
8434.70000
8449.45000
8464.45000
8479.67500
8495.10000
8511.07500
8650.95000
8664.55000
8678.25000
8691.97500
8705.97500
8720.25000
8734.82500
8749.60000
8764.62500
8779.90000
8795.47500
8811.75000
8950.95000
8964.57500
8978.30000
8992.02500
9006.07500
9020.37500
9034.97500
9049.77500
9064.87500
9080.12500
9095.75000
9112.02500
9128.92500
9250.97500
9264.60000
9278.35000
9292.10000
9306.15000
9320.50000
9335.12500
9349.97500
9365.02500
9380.35000
9396.05000
9412.55000
9550.97500
9564.62500
9578.40000
9592.15000
9606.25000
9620.62500
9635.32500
9650.20000
9665.20000
9680.62500
9696.47500
9850.97500
9864.65000
9878.42500
9892.22500
9906.32500
9920.72500
9935.37500
9950.22500
9965.30000
9980.80000
9996.50000

