$ Stimulation Interval(ms): 300
$ Delay(ms): 238.357910
$ Number of data : 489
$ TSTOP : 10000
243.17500
256.27500
269.35000
282.37500
295.50000
308.77500
322.17500
335.77500
349.55000
363.52500
377.72500
392.10000
406.67500
421.52500
436.65000
452.17500
468.12500
484.40000
500.50000
545.85000
558.90000
572.00000
585.07500
598.30000
611.65000
625.20000
638.92500
652.85000
666.97500
681.27500
695.80000
710.57500
725.65000
741.15000
757.07500
773.30000
789.72500
807.57500
845.85000
858.97500
872.17500
885.32500
898.62500
912.07500
925.72500
939.55000
953.60000
967.85000
982.27500
996.92500
1011.87500
1027.12500
1042.90000
1058.65000
1074.55000
1090.75000
1107.30000
1145.85000
1159.02500
1172.25000
1185.45000
1198.77500
1212.27500
1225.97500
1239.87500
1254.00000
1268.35000
1282.87500
1297.67500
1312.77500
1328.15000
1343.90000
1360.32500
1376.35000
1393.45000
1445.95000
1459.12500
1472.40000
1485.65000
1499.02500
1512.57500
1526.32500
1540.27500
1554.47500
1568.87500
1583.47500
1598.35000
1613.52500
1629.22500
1645.70000
1661.60000
1677.72500
1694.20000
1710.67500
1746.07500
1759.32500
1772.62500
1785.90000
1799.32500
1812.92500
1826.72500
1840.75000
1855.00000
1869.50000
1884.17500
1899.15000
1914.47500
1930.47500
1946.50000
1962.32500
1978.55000
1995.15000
2011.97500
2046.15000
2059.40000
2072.75000
2086.05000
2099.52500
2113.20000
2127.05000
2141.12500
2155.47500
2169.95000
2184.70000
2199.82500
2215.32500
2231.90000
2247.92500
2263.97500
2280.52500
2346.02500
2359.32500
2372.70000
2386.05000
2399.57500
2413.27500
2427.20000
2441.32500
2455.72500
2470.30000
2485.15000
2500.32500
2516.02500
2532.07500
2548.37500
2564.60000
2581.70000
2598.60000
2646.07500
2659.40000
2672.80000
2686.20000
2699.75000
2713.50000
2727.47500
2741.67500
2756.12500
2770.77500
2785.72500
2801.00000
2816.97500
2832.70000
2848.97500
2865.90000
2946.07500
2959.45000
2972.87500
2986.30000
2999.90000
3013.67500
3027.70000
3041.95000
3056.50000
3071.22500
3086.27500
3101.80000
3117.67500
3133.67500
3150.10000
3166.60000
3183.60000
3246.10000
3259.50000
3272.95000
3286.40000
3300.02500
3313.87500
3327.95000
3342.27500
3356.87500
3371.67500
3386.82500
3402.40000
3418.60000
3434.37500
3450.60000
3467.82500
3546.12500
3559.55000
3573.02500
3586.50000
3600.17500
3614.05000
3628.17500
3642.55000
3657.22500
3672.10000
3687.35000
3703.12500
3719.00000
3734.87500
3751.22500
3767.95000
3784.95000
3846.15000
3859.60000
3873.10000
3886.60000
3900.32500
3914.25000
3928.40000
3942.85000
3957.62500
3972.55000
3987.92500
4003.65000
4019.90000
4035.90000
4052.50000
4146.15000
4159.62500
4173.17500
4186.70000
4200.45000
4214.40000
4228.62500
4243.12500
4257.95000
4272.97500
4288.50000
4304.40000
4320.27500
4336.45000
4446.17500
4459.67500
4473.22500
4486.77500
4500.57500
4514.57500
4528.82500
4543.37500
4558.10000
4573.20000
4588.75000
4604.95000
4620.72500
4637.22500
4654.35000
4746.17500
4759.70000
4773.30000
4786.87500
4800.70000
4814.72500
4829.02500
4843.62500
4858.42500
4873.60000
4889.32500
4905.10000
4921.25000
4937.72500
4954.60000
4972.35000
5046.20000
5059.75000
5073.37500
5086.97500
5100.82500
5114.90000
5129.25000
5143.92500
5158.77500
5174.05000
5190.00000
5205.85000
5222.25000
5238.35000
5255.32500
5346.22500
5359.80000
5373.42500
5387.07500
5400.95000
5415.07500
5429.47500
5444.20000
5459.12500
5474.50000
5490.30000
5506.70000
5522.77500
5539.22500
5646.22500
5659.82500
5673.50000
5687.15000
5701.07500
5715.22500
5729.65000
5744.45000
5759.42500
5774.92500
5790.82500
5806.45000
5822.77500
5946.25000
5959.85000
5973.55000
5987.22500
6001.17500
6015.37500
6029.85000
6044.70000
6059.62500
6075.02500
6090.72500
6106.45000
6122.67500
6139.27500
6156.77500
6246.25000
6259.90000
6273.60000
6287.32500
6301.30000
6315.52500
6330.07500
6344.97500
6359.97500
6375.37500
6391.22500
6407.60000
6424.15000
6440.65000
6546.27500
6559.92500
6573.67500
6587.40000
6601.40000
6615.67500
6630.27500
6645.25000
6660.32500
6675.82500
6691.47500
6707.62500
6723.95000
6846.27500
6859.95000
6873.72500
6887.47500
6901.52500
6915.82500
6930.47500
6945.52500
6960.67500
6976.10000
6991.97500
7008.45000
7146.30000
7160.00000
7173.77500
7187.55000
7201.62500
7215.95000
7230.65000
7245.57500
7260.77500
7276.32500
7292.45000
7308.85000
7446.30000
7460.02500
7473.82500
7487.62500
7501.70000
7516.10000
7530.82500
7545.80000
7561.07500
7576.72500
7592.52500
7609.10000
7746.32500
7760.05000
7773.87500
7787.67500
7801.80000
7816.22500
7831.00000
7845.92500
7861.22500
7876.97500
7892.87500
7909.30000
7925.97500
8046.32500
8060.07500
8073.92500
8087.75000
8101.92500
8116.37500
8131.20000
8146.15000
8161.55000
8177.30000
8193.32500
8209.72500
8346.35000
8360.10000
8373.97500
8387.82500
8402.02500
8416.50000
8431.40000
8446.40000
8461.87500
8477.75000
8493.67500
8510.45000
8527.27500
8646.35000
8660.15000
8674.02500
8687.90000
8702.12500
8716.65000
8731.60000
8746.67500
8762.25000
8777.87500
8794.15000
8810.30000
8827.37500
8946.35000
8960.17500
8974.07500
8987.97500
9002.22500
9016.80000
9031.82500
9046.95000
9062.62500
9078.50000
9094.62500
9246.37500
9260.20000
9274.12500
9288.05000
9302.32500
9316.92500
9332.00000
9347.17500
9362.67500
9378.80000
9395.22500
9546.37500
9560.22500
9574.17500
9588.10000
9602.40000
9617.05000
9632.10000
9647.30000
9662.95000
9678.80000
9696.60000
9846.40000
9860.25000
9874.20000
9888.17500
9902.50000
9917.17500
9932.12500
9947.42500
9963.10000
9979.02500
9995.87500

