$ Stimulation Interval(ms): 300
$ Delay(ms): 239.167719
$ Number of data : 488
$ TSTOP : 10000
243.97500
256.95000
269.90000
282.85000
295.92500
309.12500
322.50000
336.02500
349.75000
363.67500
377.82500
392.15000
406.62500
421.32500
436.32500
451.70000
467.60000
483.57500
499.42500
516.62500
533.60000
547.07500
560.15000
573.15000
586.17500
599.32500
612.65000
626.12500
639.77500
653.65000
667.75000
682.02500
696.45000
711.07500
725.97500
741.25000
757.02500
772.87500
788.92500
805.17500
846.62500
859.62500
872.72500
885.80000
899.02500
912.42500
925.97500
939.72500
953.72500
967.92500
982.27500
996.80000
1011.57500
1026.67500
1042.25000
1057.75000
1073.47500
1089.57500
1106.00000
1146.65000
1159.70000
1172.85000
1185.97500
1199.27500
1212.72500
1226.35000
1240.17500
1254.27500
1268.60000
1283.05000
1297.75000
1312.65000
1327.82500
1343.40000
1359.22500
1375.02500
1391.30000
1408.97500
1446.72500
1459.82500
1473.00000
1486.17500
1499.50000
1513.00000
1526.70000
1540.60000
1554.75000
1569.12500
1583.62500
1598.35000
1613.40000
1628.92500
1645.15000
1660.90000
1677.15000
1693.97500
1746.77500
1759.90000
1773.10000
1786.32500
1799.70000
1813.25000
1827.00000
1840.97500
1855.17500
1869.65000
1884.22500
1899.02500
1914.25000
1930.12500
1945.97500
1961.70000
1977.77500
1994.80000
2046.80000
2059.97500
2073.22500
2086.47500
2099.87500
2113.47500
2127.30000
2141.32500
2155.62500
2170.05000
2184.67500
2199.60000
2215.00000
2231.22500
2246.85000
2262.77500
2279.20000
2346.82500
2360.02500
2373.32500
2386.60000
2400.05000
2413.70000
2427.55000
2441.62500
2455.97500
2470.47500
2485.15000
2500.20000
2515.72500
2531.62500
2547.62500
2563.70000
2580.70000
2646.85000
2660.10000
2673.40000
2686.72500
2700.22500
2713.90000
2727.80000
2741.92500
2756.35000
2770.92500
2785.67500
2800.82500
2816.57500
2832.05000
2847.90000
2864.07500
2880.95000
2946.87500
2960.15000
2973.50000
2986.82500
3000.37500
3014.10000
3028.05000
3042.25000
3056.72500
3071.37500
3086.22500
3101.47500
3117.15000
3133.32500
3149.40000
3165.52500
3183.00000
3246.90000
3260.20000
3273.57500
3286.95000
3300.52500
3314.27500
3328.27500
3342.55000
3357.10000
3371.82500
3386.75000
3402.12500
3418.02500
3433.80000
3450.10000
3546.92500
3560.25000
3573.65000
3587.05000
3600.65000
3614.45000
3628.50000
3642.80000
3657.42500
3672.20000
3687.22500
3702.77500
3718.42500
3734.17500
3750.55000
3767.42500
3846.95000
3860.30000
3873.72500
3887.15000
3900.77500
3914.62500
3928.70000
3943.07500
3957.80000
3972.65000
3987.75000
4003.25000
4019.65000
4035.90000
4146.95000
4160.32500
4173.77500
4187.22500
4200.90000
4214.77500
4228.90000
4243.32500
4258.10000
4273.05000
4288.25000
4303.92500
4319.72500
4335.60000
4352.07500
4368.70000
4446.97500
4460.37500
4473.85000
4487.32500
4501.02500
4514.95000
4529.12500
4543.60000
4558.27500
4573.30000
4588.60000
4604.42500
4620.17500
4636.75000
4653.92500
4747.00000
4760.42500
4773.92500
4787.42500
4801.15000
4815.10000
4829.32500
4843.85000
4858.60000
4873.67500
4889.20000
4904.70000
4920.45000
4936.55000
4953.55000
5047.02500
5060.45000
5074.00000
5087.52500
5101.27500
5115.27500
5129.52500
5144.12500
5158.90000
5174.07500
5189.87500
5205.50000
5221.65000
5237.82500
5347.02500
5360.50000
5374.05000
5387.60000
5401.37500
5415.42500
5429.72500
5444.37500
5459.22500
5474.50000
5490.22500
5506.57500
5522.35000
5538.25000
5555.00000
5647.05000
5660.52500
5674.12500
5687.70000
5701.50000
5715.57500
5729.92500
5744.62500
5759.55000
5774.90000
5790.52500
5806.17500
5822.12500
5838.97500
5947.05000
5960.57500
5974.17500
5987.77500
6001.62500
6015.72500
6030.12500
6044.87500
6059.75000
6075.02500
6090.55000
6106.40000
6123.12500
6247.07500
6260.60000
6274.22500
6287.85000
6301.72500
6315.85000
6330.30000
6345.12500
6360.05000
6375.40000
6390.92500
6407.25000
6424.40000
6547.10000
6560.65000
6574.27500
6587.92500
6601.82500
6616.00000
6630.47500
6645.37500
6660.35000
6675.82500
6691.30000
6707.10000
6722.92500
6739.57500
6756.47500
6847.10000
6860.67500
6874.35000
6888.00000
6901.95000
6916.15000
6930.70000
6945.65000
6960.70000
6976.07500
6992.02500
7009.30000
7147.12500
7160.70000
7174.40000
7188.07500
7202.02500
7216.27500
7230.87500
7245.70000
7260.82500
7276.32500
7292.55000
7309.32500
7447.12500
7460.72500
7474.42500
7488.15000
7502.12500
7516.40000
7531.05000
7545.92500
7561.12500
7576.72500
7592.55000
7608.45000
7625.15000
7642.02500
7747.15000
7760.77500
7774.50000
7788.22500
7802.22500
7816.55000
7831.22500
7846.05000
7861.25000
7876.95000
7892.85000
7909.00000
8047.15000
8060.80000
8074.55000
8088.27500
8102.32500
8116.67500
8131.40000
8146.27500
8161.55000
8177.25000
8192.82500
8209.05000
8347.17500
8360.82500
8374.57500
8388.35000
8402.42500
8416.80000
8431.57500
8446.50000
8461.82500
8477.62500
8493.40000
8509.87500
8647.17500
8660.85000
8674.62500
8688.40000
8702.52500
8716.92500
8731.77500
8746.75000
8762.17500
8777.70000
8947.17500
8960.87500
8974.67500
8988.47500
9002.60000
9017.05000
9031.95000
9046.97500
9062.60000
9078.47500
9094.75000
9111.32500
9128.17500
9247.20000
9260.90000
9274.72500
9288.55000
9302.70000
9317.17500
9332.15000
9347.22500
9362.67500
9378.82500
9395.75000
9547.20000
9560.92500
9574.75000
9588.60000
9602.77500
9617.30000
9632.27500
9647.45000
9662.97500
9678.52500
9694.55000
9711.75000
9847.22500
9860.95000
9874.80000
9888.67500
9902.87500
9917.42500
9932.30000
9947.47500
9963.07500
9979.20000
9995.22500

