$ Stimulation Interval(ms): 300
$ Delay(ms): 46.472475
$ Number of data : 347
$ TSTOP : 10000
52.30000
62.10000
70.77500
78.90000
86.72500
94.35000
101.85000
109.32500
116.75000
124.17500
131.60000
139.07500
146.55000
154.05000
161.62500
169.20000
176.85000
184.52500
192.27500
200.05000
209.57500
500.45000
789.72500
806.12500
1073.17500
1089.57500
1104.10000
1376.27500
1391.47500
1408.07500
1660.65000
1676.60000
1692.35000
1704.02500
1947.55000
1962.70000
1977.42500
1992.32500
2002.00000
2247.25000
2263.85000
2279.05000
2294.95000
2305.82500
2548.27500
2561.65000
2577.52500
2587.40000
2596.70000
2607.40000
2832.57500
2848.67500
2863.57500
2879.05000
2895.62500
2907.17500
3132.62500
3147.92500
3162.57500
3174.67500
3183.22500
3193.00000
3201.37500
3210.82500
3433.27500
3448.27500
3463.77500
3475.40000
3484.07500
3495.07500
3503.45000
3518.37500
3718.60000
3734.30000
3748.40000
3763.55000
3773.30000
3782.52500
3793.05000
3801.30000
3818.05000
4019.52500
4033.55000
4049.05000
4062.92500
4071.27500
4080.07500
4088.25000
4097.10000
4105.32500
4118.10000
4319.55000
4334.80000
4350.15000
4360.32500
4368.97500
4377.72500
4386.22500
4394.77500
4402.97500
4413.20000
4619.52500
4635.20000
4649.85000
4661.57500
4670.17500
4681.25000
4689.50000
4698.97500
4707.22500
4719.67500
4905.00000
4921.22500
4935.47500
4950.90000
4960.47500
4969.55000
4978.37500
4986.67500
4994.80000
5003.25000
5018.00000
5204.85000
5221.05000
5234.55000
5246.40000
5254.72500
5264.30000
5272.47500
5281.57500
5289.80000
5297.85000
5305.87500
5318.17500
5507.12500
5520.65000
5534.00000
5544.82500
5553.25000
5562.80000
5570.95000
5578.92500
5586.85000
5594.77500
5602.70000
5611.45000
5805.70000
5821.20000
5836.72500
5846.80000
5855.92500
5867.00000
5875.22500
5884.62500
5892.77500
5900.80000
5908.82500
6091.00000
6106.17500
6120.62500
6135.62500
6148.37500
6156.50000
6166.27500
6174.37500
6182.32500
6190.22500
6198.12500
6206.07500
6218.20000
6391.37500
6406.30000
6420.07500
6429.77500
6438.45000
6448.57500
6456.55000
6466.37500
6474.35000
6482.20000
6490.05000
6497.92500
6505.82500
6518.12500
6691.80000
6706.00000
6719.35000
6733.37500
6743.00000
6751.40000
6760.75000
6769.17500
6777.17500
6785.07500
6792.95000
6800.85000
6808.80000
6990.37500
7004.47500
7016.42500
7027.60000
7036.35000
7046.02500
7054.30000
7062.20000
7070.45000
7078.35000
7086.20000
7094.05000
7101.95000
7109.85000
7290.67500
7304.12500
7315.60000
7324.92500
7334.05000
7342.05000
7351.25000
7359.07500
7368.35000
7376.20000
7384.00000
7391.82500
7399.67500
7407.57500
7418.97500
7592.07500
7606.57500
7621.92500
7637.47500
7645.70000
7654.20000
7662.17500
7670.32500
7678.25000
7686.12500
7694.00000
7701.90000
7709.85000
7891.97500
7906.60000
7921.72500
7930.05000
7939.67500
7947.80000
7955.95000
7963.90000
7971.80000
7979.70000
7987.57500
7995.45000
8003.35000
8013.27500
8192.80000
8207.17500
8222.32500
8231.72500
8240.70000
8251.17500
8259.20000
8268.45000
8276.37500
8284.22500
8292.07500
8299.95000
8307.87500
8319.95000
8491.27500
8506.75000
8517.20000
8525.50000
8535.42500
8543.52500
8553.97500
8561.87500
8569.67500
8577.45000
8585.22500
8593.05000
8600.90000
8608.80000
8791.45000
8806.02500
8815.65000
8824.47500
8834.75000
8842.62500
8850.70000
8858.52500
8866.27500
8874.00000
8881.75000
8889.55000
8897.37500
8905.22500
8918.07500
9089.62500
9101.30000
9111.57500
9119.77500
9128.77500
9136.65000
9145.50000
9153.30000
9161.02500
9168.72500
9176.45000
9184.20000
9192.00000
9199.82500
9207.70000
9219.10000
9379.60000
9391.42500
9402.20000
9413.27500
9421.35000
9429.75000
9437.52500
9445.20000
9452.85000
9460.50000
9468.17500
9475.87500
9483.60000
9491.37500
9499.17500
9507.05000
9518.50000
9679.97500
9693.27500
9706.50000
9716.35000
9725.17500
9733.10000
9741.45000
9749.30000
9757.50000
9765.32500
9773.10000
9780.85000
9788.65000
9796.47500
9804.32500
9818.02500
9980.17500
9993.00000

