$ Stimulation Interval(ms): 300
$ Delay(ms): 232.660291
$ Number of data : 401
$ TSTOP : 10000
237.45000
250.57500
263.75000
276.92500
290.20000
303.67500
317.30000
331.10000
345.12500
359.40000
373.97500
388.87500
404.17500
419.80000
435.95000
452.90000
469.55000
486.72500
504.02500
540.30000
553.37500
566.62500
579.85000
593.25000
606.82500
620.57500
634.57500
648.82500
663.37500
678.27500
693.62500
709.42500
725.50000
741.95000
758.52500
774.85000
791.55000
840.22500
853.30000
866.55000
879.77500
893.20000
906.77500
920.57500
934.62500
948.95000
963.60000
978.72500
994.40000
1010.67500
1027.25000
1044.55000
1060.70000
1077.20000
1140.25000
1153.40000
1166.75000
1180.07500
1193.60000
1207.32500
1221.22500
1235.37500
1249.82500
1264.60000
1279.75000
1295.22500
1311.17500
1328.02500
1344.90000
1440.27500
1453.47500
1466.87500
1480.27500
1493.87500
1507.65000
1521.65000
1535.90000
1550.45000
1565.40000
1580.87500
1596.87500
1613.70000
1630.77500
1647.70000
1664.00000
1680.45000
1697.67500
1740.30000
1753.55000
1767.00000
1780.42500
1794.07500
1807.90000
1821.97500
1836.30000
1850.97500
1866.10000
1881.70000
1898.30000
1916.72500
1932.42500
1949.27500
1965.35000
1982.70000
2040.35000
2053.62500
2067.10000
2080.60000
2094.30000
2108.20000
2122.32500
2136.77500
2151.57500
2166.92500
2182.97500
2199.85000
2216.17500
2340.35000
2353.67500
2367.20000
2380.70000
2394.45000
2408.40000
2422.62500
2437.12500
2452.02500
2467.52500
2483.82500
2640.37500
2653.72500
2667.27500
2680.80000
2694.60000
2708.57500
2722.82500
2737.40000
2752.42500
2767.77500
2784.22500
2940.40000
2953.75000
2967.32500
2980.87500
2994.70000
3008.72500
3023.00000
3037.62500
3052.72500
3068.20000
3240.40000
3253.77500
3267.37500
3280.95000
3294.80000
3308.85000
3323.20000
3337.87500
3353.07500
3368.65000
3540.42500
3553.82500
3567.42500
3581.02500
3594.90000
3609.00000
3623.37500
3638.10000
3653.35000
3669.02500
3840.42500
3853.85000
3867.47500
3881.10000
3895.00000
3909.12500
3923.55000
3938.35000
3953.40000
3969.02500
4140.45000
4153.87500
4167.55000
4181.20000
4195.10000
4209.27500
4223.72500
4238.60000
4253.70000
4269.35000
4440.45000
4453.92500
4467.60000
4481.27500
4495.22500
4509.40000
4523.90000
4538.82500
4553.95000
4569.50000
4740.47500
4753.95000
4767.65000
4781.35000
4795.30000
4809.55000
4824.07500
4839.02500
4854.17500
4869.65000
4886.72500
5040.47500
5053.97500
5067.70000
5081.42500
5095.42500
5109.67500
5124.25000
5139.25000
5154.45000
5169.92500
5186.42500
5340.50000
5354.02500
5367.75000
5381.50000
5395.55000
5409.82500
5424.45000
5439.52500
5454.72500
5470.22500
5486.47500
5502.40000
5518.92500
5640.50000
5654.05000
5667.82500
5681.60000
5695.67500
5710.02500
5724.70000
5739.82500
5755.07500
5770.65000
5788.27500
5940.52500
5954.10000
5967.90000
5981.67500
5995.77500
6010.15000
6024.87500
6040.07500
6055.27500
6070.85000
6087.80000
6240.52500
6254.12500
6267.95000
6281.75000
6295.90000
6310.30000
6325.07500
6340.32500
6355.60000
6371.35000
6540.55000
6554.15000
6568.00000
6581.82500
6595.97500
6610.42500
6625.25000
6640.50000
6655.77500
6671.50000
6688.42500
6840.55000
6854.17500
6868.05000
6881.90000
6896.10000
6910.57500
6925.45000
6940.50000
6955.77500
6971.42500
6987.10000
7002.90000
7019.27500
7140.57500
7154.22500
7168.10000
7182.00000
7196.22500
7210.75000
7225.70000
7240.77500
7256.07500
7271.80000
7287.57500
7303.47500
7320.02500
7440.60000
7454.25000
7468.17500
7482.10000
7496.35000
7510.92500
7525.95000
7541.07500
7556.42500
7572.30000
7588.37500
7740.60000
7754.30000
7768.22500
7782.17500
7796.45000
7811.07500
7826.12500
7841.20000
7856.55000
7872.42500
7888.57500
8040.60000
8054.32500
8068.27500
8082.22500
8096.55000
8111.22500
8126.32500
8141.42500
8156.80000
8172.90000
8340.62500
8354.35000
8368.32500
8382.30000
8396.65000
8411.35000
8426.50000
8441.62500
8457.00000
8473.10000
8490.05000
8640.62500
8654.37500
8668.37500
8682.37500
8696.77500
8711.50000
8726.70000
8741.90000
8757.37500
8773.52500
8790.00000
8807.27500
8940.65000
8954.42500
8968.45000
8982.45000
8996.87500
9011.65000
9026.95000
9042.17500
9057.77500
9073.45000
9089.67500
9240.65000
9254.45000
9268.50000
9282.52500
9297.00000
9311.80000
9327.17500
9342.45000
9358.15000
9373.85000
9389.75000
9406.55000
9540.67500
9554.47500
9568.55000
9582.62500
9597.10000
9611.97500
9627.47500
9642.92500
9658.87500
9674.90000
9840.67500
9854.50000
9868.60000
9882.67500
9897.20000
9912.10000
9927.70000
9943.00000
9958.87500
9974.80000

